{
    "asset": {
        "generator": "COLLADA2GLTF",
        "version": "2.0"
    },
    "scenes": [
        {
            "nodes": [
                0
            ]
        }
    ],
    "scene": 0,
    "nodes": [
        {
            "children": [
                1
            ],
            "name": "Y_UP"
        },
        {
            "children": [
                15,
                2
            ],
            "name": "CHARACTER"
        },
        {
            "children": [
                14,
                13,
                12,
                11,
                10,
                9,
                8,
                7,
                6,
                5,
                4,
                3
            ],
            "name": "mrp_GEO"
        },
        {
            "mesh": 0,
            "skin": 0,
            "name": "suitcase_top_GEO"
        },
        {
            "mesh": 1,
            "skin": 1,
            "name": "suitcase_bottom_GEO"
        },
        {
            "mesh": 2,
            "skin": 2,
            "name": "suitcase_sock_GEO"
        },
        {
            "mesh": 3,
            "skin": 3,
            "name": "suitcase_pants_GEO"
        },
        {
            "mesh": 4,
            "skin": 4,
            "name": "hand_GEO"
        },
        {
            "mesh": 5,
            "skin": 5,
            "name": "body_GEO"
        },
        {
            "mesh": 6,
            "skin": 6,
            "name": "eyebrows_GEO"
        },
        {
            "mesh": 7,
            "skin": 7,
            "name": "hat_GEO"
        },
        {
            "mesh": 8,
            "skin": 8,
            "name": "beak_bottom_GEO"
        },
        {
            "mesh": 9,
            "skin": 9,
            "name": "beak_top_GEO"
        },
        {
            "mesh": 10,
            "skin": 10,
            "name": "zip_GEO"
        },
        {
            "mesh": 11,
            "skin": 11,
            "name": "head_GEO"
        },
        {
            "children": [
                21,
                16
            ],
            "name": "Root"
        },
        {
            "children": [
                17
            ],
            "translation": [
                -2.9559309482574465,
                3.027056932449341,
                -2.5111939907073976
            ],
            "rotation": [
                -0.2493846565485001,
                -0.3809051513671875,
                -0.05419531092047691,
                -0.888695240020752
            ],
            "scale": [
                0.9999974370002748,
                0.9999991655349731,
                0.9999966025352478
            ],
            "name": "R_gunbone_01_s"
        },
        {
            "children": [
                18
            ],
            "matrix": [
                0.00004637241727323271,
                -0.9999626874923706,
                -0.0004304945468902588,
                0.0,
                -0.04225127771496773,
                -0.0003931524115614593,
                0.9990701079368592,
                0.0,
                -0.9990700483322144,
                0.000009119514288613573,
                -0.04221392795443535,
                0.0,
                0.06681499630212784,
                -2.7522730827331545,
                0.001967000076547265,
                1.0
            ],
            "name": "suitcase_hinge_s"
        },
        {
            "children": [
                20,
                19
            ],
            "matrix": [
                0.869596004486084,
                0.0,
                0.0,
                0.0,
                0.0,
                0.5184410214424133,
                0.0,
                0.0,
                0.0,
                0.0,
                0.7929760217666626,
                0.0,
                -1.04129695892334,
                -0.30487701296806338,
                -0.0,
                1.0
            ],
            "name": "clothes_s"
        },
        {
            "matrix": [
                1.0,
                0.0,
                0.0,
                0.0,
                0.0,
                1.0,
                0.0,
                0.0,
                0.0,
                0.0,
                1.0,
                0.0,
                0.14193999767303468,
                0.4562920033931732,
                -0.8624680042266846,
                1.0
            ],
            "name": "spike_sock_s"
        },
        {
            "matrix": [
                1.0,
                0.0,
                0.0,
                0.0,
                0.0,
                1.0,
                0.0,
                0.0,
                0.0,
                0.0,
                1.0,
                0.0,
                -0.21403400599956513,
                0.4436720013618469,
                1.0088289976119996,
                1.0
            ],
            "name": "pants_s"
        },
        {
            "children": [
                31,
                27,
                23,
                22
            ],
            "translation": [
                0.05913999676704407,
                1.88700008392334,
                0.06343399733304978
            ],
            "rotation": [
                -0.0324188694357872,
                0.15428180992603306,
                0.008642979897558689,
                -0.987457036972046
            ],
            "scale": [
                0.9999997615814208,
                1.0000003576278689,
                0.9999998807907105
            ],
            "name": "hips_s"
        },
        {
            "translation": [
                0.8752639889717102,
                0.2562499940395355,
                -1.8922690153121949
            ],
            "rotation": [
                0.017747364938259126,
                0.158711239695549,
                0.05084298923611641,
                -0.9858552813529968
            ],
            "scale": [
                0.9999995827674866,
                1.0000004768371585,
                0.999999463558197
            ],
            "name": "flap_s"
        },
        {
            "children": [
                24
            ],
            "translation": [
                -1.378209948539734,
                0.02779199928045273,
                -0.0
            ],
            "rotation": [
                0.09015168994665146,
                0.9045928120613098,
                0.05182722210884094,
                0.4133875668048859
            ],
            "scale": [
                0.999984860420227,
                0.9999995231628418,
                0.9999850392341614
            ],
            "name": "R_upperLeg_s"
        },
        {
            "children": [
                25
            ],
            "translation": [
                -0.0,
                -0.8093209862709045,
                -0.0
            ],
            "rotation": [
                -0.0,
                -0.0,
                -0.0,
                -1.0
            ],
            "name": "R_lowerLeg_s"
        },
        {
            "children": [
                26
            ],
            "translation": [
                0.0,
                -0.8325960040092468,
                0.0
            ],
            "rotation": [
                -0.002614429919049144,
                -0.01916223391890526,
                0.990592122077942,
                0.13545821607112885
            ],
            "scale": [
                0.999991536140442,
                0.9999916553497316,
                0.9999997615814208
            ],
            "name": "R_ankle_s"
        },
        {
            "matrix": [
                -0.9998433589935304,
                0.00003088217636104673,
                0.014064529910683632,
                0.0,
                0.014006856828927994,
                -0.08827479183673859,
                0.995965838432312,
                0.0,
                0.0012727429857477546,
                0.9960651397705078,
                0.08832301944494248,
                0.0,
                -0.001939999987371266,
                0.31053799390792849,
                -1.2298799753189088,
                1.0
            ],
            "name": "R_toes_s"
        },
        {
            "children": [
                28
            ],
            "translation": [
                1.3782119750976565,
                0.02779600024223328,
                -0.0
            ],
            "rotation": [
                0.29392337799072268,
                0.18202583491802216,
                0.9344280362129213,
                -0.08544570207595825
            ],
            "scale": [
                0.999965488910675,
                0.9999637007713318,
                0.9999954104423524
            ],
            "name": "L_upperLeg_s"
        },
        {
            "children": [
                29
            ],
            "translation": [
                -0.0,
                0.7877900004386902,
                -0.0
            ],
            "rotation": [
                -0.0,
                -0.0,
                -0.0,
                -1.0
            ],
            "name": "L_lowerLeg_s"
        },
        {
            "children": [
                30
            ],
            "translation": [
                -0.0,
                0.8104479908943176,
                -0.0
            ],
            "rotation": [
                0.005813262425363064,
                0.16661611199378968,
                0.98539400100708,
                0.03454122692346573
            ],
            "scale": [
                0.9999780654907228,
                0.9999792575836182,
                0.9999994039535524
            ],
            "name": "L_ankle_s"
        },
        {
            "matrix": [
                -0.9998435378074646,
                -0.000014494168681267184,
                0.014106063172221184,
                0.0,
                0.014052235521376132,
                -0.08827480673789978,
                0.9959656596183776,
                0.0,
                0.0012312111211940649,
                0.9960654377937316,
                0.08832301944494248,
                0.0,
                0.0019389999797567728,
                -0.3105390071868897,
                1.2298760414123536,
                1.0
            ],
            "name": "L_toes_s"
        },
        {
            "children": [
                32
            ],
            "translation": [
                -0.004896000027656555,
                0.2914699912071228,
                0.04160299897193909
            ],
            "rotation": [
                -0.015409804880619048,
                0.0022453407291322948,
                -0.02719014883041382,
                -0.9995089173316956
            ],
            "scale": [
                0.999999701976776,
                0.9999995827674866,
                1.0000001192092896
            ],
            "name": "spine_lower_s"
        },
        {
            "children": [
                33
            ],
            "translation": [
                -0.0008650000090710819,
                0.29456400871276858,
                0.0158890001475811
            ],
            "rotation": [
                0.02491353452205658,
                0.04444452002644539,
                0.023590965196490289,
                -0.998422384262085
            ],
            "scale": [
                0.9999997615814208,
                0.9999998211860656,
                0.9999995231628418
            ],
            "name": "spine_mid_s"
        },
        {
            "children": [
                34
            ],
            "translation": [
                0.0005409999866969883,
                0.3314209878444672,
                0.0029539999086409809
            ],
            "rotation": [
                0.01399462204426527,
                0.05188775062561035,
                0.029588626697659497,
                -0.998116374015808
            ],
            "scale": [
                0.9999997615814208,
                1.0,
                0.9999998807907105
            ],
            "name": "spine_upper_s"
        },
        {
            "children": [
                60,
                48,
                36,
                35
            ],
            "translation": [
                0.007222999818623066,
                0.2972699999809265,
                0.004979999735951424
            ],
            "rotation": [
                0.001261046389117837,
                0.04367528110742569,
                0.0323258675634861,
                -0.9985218644142152
            ],
            "scale": [
                1.0,
                1.0000001192092896,
                0.9999995231628418
            ],
            "name": "chest_s"
        },
        {
            "matrix": [
                0.9756057262420654,
                -0.0857716053724289,
                -0.2020799219608307,
                0.0,
                0.120299331843853,
                0.9788787961006165,
                0.16530142724514008,
                0.0,
                0.18363316357135776,
                -0.1855793446302414,
                0.9653176665306092,
                0.0,
                0.16320699453353885,
                0.8189409971237183,
                2.638937950134278,
                1.0
            ],
            "name": "bowTie_s"
        },
        {
            "children": [
                37
            ],
            "matrix": [
                0.9754375219345092,
                -0.22027283906936649,
                0.0,
                0.0,
                -0.22027283906936649,
                -0.9753636121749878,
                0.0,
                0.0,
                0.0,
                -0.0,
                -0.9999260902404784,
                0.0,
                -0.2629449963569641,
                0.17463800311088566,
                0.19187800586223606,
                1.0
            ],
            "name": "R_clavicle_s"
        },
        {
            "children": [
                39,
                38
            ],
            "translation": [
                -2.199815034866333,
                0.0,
                0.34419000148773196
            ],
            "rotation": [
                0.2949201762676239,
                -0.1380334347486496,
                0.6963178515434265,
                -0.6395599842071533
            ],
            "scale": [
                0.9999486804008484,
                0.9999419450759888,
                0.9999895095825196
            ],
            "name": "R_shoulder_s"
        },
        {
            "translation": [
                -0.0,
                -0.04000300168991089,
                -0.000007999999979801942
            ],
            "rotation": [
                -0.0,
                0.5446814298629761,
                -0.0,
                -0.8386351466178894
            ],
            "scale": [
                0.99998140335083,
                1.0,
                0.99998140335083
            ],
            "name": "R_shoulder_twist_s"
        },
        {
            "children": [
                47,
                40
            ],
            "translation": [
                0.0,
                -1.0217210054397584,
                -0.0
            ],
            "rotation": [
                -0.07409472018480301,
                0.03084974549710751,
                0.5350874066352844,
                -0.8409693241119385
            ],
            "scale": [
                0.9999855756759644,
                0.9999853372573853,
                1.000000238418579
            ],
            "name": "R_elbow_s"
        },
        {
            "children": [
                45,
                43,
                41
            ],
            "translation": [
                0.0,
                -0.950426995754242,
                0.0
            ],
            "rotation": [
                0.1479712724685669,
                0.45637035369873049,
                -0.09466961026191712,
                -0.8722674250602722
            ],
            "scale": [
                0.9999752044677734,
                0.9999961853027344,
                0.9999740719795228
            ],
            "name": "R_wrist_s"
        },
        {
            "children": [
                42
            ],
            "matrix": [
                0.7092674374580383,
                0.4182555079460144,
                0.5674307942390442,
                0.0,
                0.3186090290546417,
                0.527860164642334,
                -0.7872810959815979,
                0.0,
                -0.6288112998008728,
                0.7391790151596069,
                0.24113410711288453,
                0.0,
                -0.5242180228233337,
                -0.22041800618171693,
                0.1997960060834885,
                1.0
            ],
            "name": "R_thumb_01_s"
        },
        {
            "matrix": [
                0.99959397315979,
                -0.02171139605343342,
                -0.018455663695931436,
                0.0,
                0.025450490415096284,
                0.3889380693435669,
                0.9208905100822448,
                0.0,
                -0.012816746719181538,
                -0.920986533164978,
                0.3893328011035919,
                0.0,
                -0.0,
                -0.4524790048599243,
                0.0,
                1.0
            ],
            "name": "R_thumb_02_s"
        },
        {
            "children": [
                44
            ],
            "matrix": [
                -0.9742424488067628,
                0.16778308153152469,
                -0.15017169713974,
                0.0,
                0.2139335572719574,
                0.4817085266113281,
                -0.849794328212738,
                0.0,
                -0.07025040686130524,
                -0.8600966930389404,
                -0.5051575899124146,
                0.0,
                -0.5157120227813721,
                -0.7523850202560425,
                -0.10131800174713136,
                1.0
            ],
            "name": "R_index_01_s"
        },
        {
            "matrix": [
                0.9998505115509032,
                0.0028178675565868618,
                -0.017033930867910386,
                0.0,
                0.016783714294433598,
                0.07281630486249924,
                0.9971829056739808,
                0.0,
                0.004049984738230705,
                -0.9973202347755432,
                0.07275819778442383,
                0.0,
                0.0,
                -0.4468129873275757,
                0.0,
                1.0
            ],
            "name": "R_index_02_s"
        },
        {
            "children": [
                46
            ],
            "matrix": [
                -0.8722378015518189,
                -0.01636667363345623,
                -0.4885918200016022,
                0.0,
                0.42732787132263186,
                0.4599379897117615,
                -0.778323233127594,
                0.0,
                0.23744633793830872,
                -0.8877658247947693,
                -0.3941238820552826,
                0.0,
                0.17602799832820893,
                -0.7745050191879273,
                -0.07923699915409088,
                1.0
            ],
            "name": "R_middle_01_s"
        },
        {
            "matrix": [
                0.9971905946731569,
                -0.06448787450790405,
                -0.03809390962123871,
                0.0,
                0.04989545419812203,
                0.19268380105495457,
                0.9799519777297974,
                0.0,
                -0.05585943534970284,
                -0.9791001081466676,
                0.1953604817390442,
                0.0,
                -0.0,
                -0.4023450016975403,
                0.0,
                1.0
            ],
            "name": "R_middle_02_s"
        },
        {
            "translation": [
                0.0,
                -0.3168089985847473,
                -0.0
            ],
            "rotation": [
                -0.0,
                0.14379365742206574,
                -0.0,
                -0.9896076321601868
            ],
            "scale": [
                0.9999997615814208,
                1.0,
                0.9999997615814208
            ],
            "name": "R_forearm_twist_s"
        },
        {
            "children": [
                49
            ],
            "translation": [
                0.2629449963569641,
                0.1746399998664856,
                0.19187800586223606
            ],
            "rotation": [
                -0.0,
                -0.0,
                -0.0784621462225914,
                -0.9969170689582824
            ],
            "scale": [
                0.9999998211860656,
                0.9999998211860656,
                1.0
            ],
            "name": "L_clavicle_s"
        },
        {
            "children": [
                51,
                50
            ],
            "translation": [
                2.1998119354248049,
                -0.0,
                -0.34419000148773196
            ],
            "rotation": [
                0.3130241930484772,
                0.632692277431488,
                0.6745229363441467,
                -0.2161056846380234
            ],
            "scale": [
                0.9999423027038574,
                0.999962568283081,
                0.9999669790267944
            ],
            "name": "L_shoulder_s"
        },
        {
            "translation": [
                0.0,
                0.03999999910593033,
                -0.0
            ],
            "rotation": [
                -0.0,
                0.08279993385076523,
                -0.0,
                -0.9965659976005554
            ],
            "scale": [
                0.999999225139618,
                1.0,
                0.999999225139618
            ],
            "name": "L_shoulder_twist_s"
        },
        {
            "children": [
                59,
                52
            ],
            "matrix": [
                0.97451913356781,
                -0.22429855167865754,
                -0.00003655627006082796,
                0.0,
                0.2117282748222351,
                0.919853687286377,
                0.3301989436149597,
                0.0,
                -0.07403340190649033,
                -0.3217926025390625,
                0.9439083337783814,
                0.0,
                -0.0,
                1.0217260122299197,
                -0.0,
                1.0
            ],
            "name": "L_elbow_s"
        },
        {
            "children": [
                57,
                55,
                53
            ],
            "translation": [
                0.0,
                0.9504219889640808,
                -0.0
            ],
            "rotation": [
                0.06775882840156555,
                -0.0561940148472786,
                0.02838920615613461,
                -0.995713233947754
            ],
            "scale": [
                1.000000238418579,
                0.9999995231628418,
                0.9999993443489076
            ],
            "name": "L_wrist_s"
        },
        {
            "children": [
                54
            ],
            "matrix": [
                0.020258666947484018,
                0.5956082940101624,
                0.802976131439209,
                0.0,
                0.7579267024993897,
                0.5146524310112,
                -0.40080583095550539,
                0.0,
                -0.6519717574119568,
                0.6167247891426086,
                -0.4410006701946259,
                0.0,
                0.5242180228233337,
                0.22041499614715577,
                -0.19979000091552738,
                1.0
            ],
            "name": "L_thumb_01_s"
        },
        {
            "translation": [
                0.0,
                0.45248401165008547,
                0.0
            ],
            "rotation": [
                0.024882838129997258,
                -0.009504073299467564,
                0.010611348785459996,
                -0.9995888471603394
            ],
            "scale": [
                0.9999999403953552,
                1.000000238418579,
                0.999999463558197
            ],
            "name": "L_thumb_02_s"
        },
        {
            "children": [
                56
            ],
            "translation": [
                0.5157120227813721,
                0.7523840069770813,
                0.10132599622011185
            ],
            "rotation": [
                0.2042638510465622,
                0.9432247877120972,
                0.2382822036743164,
                0.108452707529068
            ],
            "scale": [
                0.9998809695243836,
                0.9999874234199524,
                0.999882996082306
            ],
            "name": "L_index_01_s"
        },
        {
            "translation": [
                0.0,
                0.446817010641098,
                0.0
            ],
            "rotation": [
                -0.2097071558237076,
                0.06468380242586136,
                0.17461244761943818,
                -0.9598692059516908
            ],
            "scale": [
                0.9999998807907105,
                0.9999988675117492,
                0.9999993443489076
            ],
            "name": "L_index_02_s"
        },
        {
            "children": [
                58
            ],
            "translation": [
                -0.1760299950838089,
                0.774511992931366,
                0.07923900336027146
            ],
            "rotation": [
                -0.04844383522868157,
                0.9800422191619872,
                -0.14523927867412568,
                0.12663064897060398
            ],
            "scale": [
                0.9999197721481324,
                0.9999984502792358,
                0.999921441078186
            ],
            "name": "L_middle_01_s"
        },
        {
            "translation": [
                0.0,
                0.4023379981517792,
                0.0
            ],
            "rotation": [
                -0.1543123573064804,
                -0.01507136970758438,
                0.04841291904449463,
                -0.9867201447486876
            ],
            "scale": [
                0.9999999403953552,
                0.9999992847442628,
                1.0
            ],
            "name": "L_middle_02_s"
        },
        {
            "matrix": [
                1.0,
                0.0,
                0.0,
                0.0,
                0.0,
                1.0,
                0.0,
                0.0,
                0.0,
                0.0,
                1.0,
                0.0,
                0.0,
                0.31680700182914736,
                0.0,
                1.0
            ],
            "name": "L_forearm_twist_s"
        },
        {
            "children": [
                61
            ],
            "matrix": [
                1.0,
                0.0,
                0.0,
                0.0,
                0.0,
                1.0,
                0.0,
                0.0,
                0.0,
                0.0,
                1.0,
                0.0,
                -0.0,
                0.0514650009572506,
                0.12899799644947053,
                1.0
            ],
            "name": "neck_s"
        },
        {
            "children": [
                66,
                65,
                64,
                63,
                62
            ],
            "translation": [
                0.0,
                1.4585269689559937,
                0.0
            ],
            "rotation": [
                -0.03860093653202057,
                -0.2870618104934693,
                -0.05785524845123291,
                -0.9553828835487366
            ],
            "scale": [
                0.9999966621398926,
                0.9999993443489076,
                0.9999975562095642
            ],
            "name": "head_s"
        },
        {
            "matrix": [
                0.00003886221747961827,
                0.8122605085372925,
                -0.5832275152206421,
                0.0,
                0.0,
                0.5832663178443909,
                0.8122605085372925,
                0.0,
                0.9999611377716065,
                0.0,
                0.00003886222839355469,
                0.0,
                0.0,
                3.298119068145752,
                -1.479099988937378,
                1.0
            ],
            "name": "fin_s"
        },
        {
            "matrix": [
                1.0,
                0.0,
                0.0,
                0.0,
                0.0,
                1.0,
                0.0,
                0.0,
                0.0,
                0.0,
                1.0,
                0.0,
                -0.0,
                0.2800009846687317,
                2.086122989654541,
                1.0
            ],
            "name": "beak_s"
        },
        {
            "translation": [
                0.0,
                -0.41346698999404915,
                -2.160408973693848
            ],
            "rotation": [
                0.9563893675804138,
                -0.021622877568006517,
                0.018147224560379987,
                -0.29066312313079836
            ],
            "scale": [
                1.000000238418579,
                0.9999310374259948,
                0.9999315142631532
            ],
            "name": "back_item_01_s"
        },
        {
            "matrix": [
                1.0,
                0.0,
                0.0,
                0.0,
                0.0,
                1.0,
                0.0,
                0.0,
                0.0,
                0.0,
                1.0,
                0.0,
                -0.0,
                1.9837939739227296,
                2.5820798873901369,
                1.0
            ],
            "name": "brow_s"
        },
        {
            "matrix": [
                0.878230631351471,
                -0.47648343443870547,
                -0.040793661028146747,
                0.0,
                0.4772603511810303,
                0.8786805868148804,
                0.011468778364360333,
                0.0,
                0.03037950769066811,
                -0.02954222448170185,
                0.9991022348403932,
                0.0,
                1.6437740325927737,
                3.282866954803467,
                0.027546999976038938,
                1.0
            ],
            "name": "hat_01_s"
        }
    ],
    "meshes": [
        {
            "primitives": [
                {
                    "attributes": {
                        "JOINTS_0": 1,
                        "NORMAL": 2,
                        "POSITION": 3,
                        "WEIGHTS_0": 4
                    },
                    "indices": 0,
                    "mode": 4,
                    "material": 0
                }
            ],
            "name": "suitcase_top_GEO-mesh"
        },
        {
            "primitives": [
                {
                    "attributes": {
                        "JOINTS_0": 6,
                        "NORMAL": 7,
                        "POSITION": 8,
                        "WEIGHTS_0": 9
                    },
                    "indices": 5,
                    "mode": 4,
                    "material": 0
                }
            ],
            "name": "suitcase_bottom_GEO-mesh"
        },
        {
            "primitives": [
                {
                    "attributes": {
                        "JOINTS_0": 11,
                        "NORMAL": 12,
                        "POSITION": 13,
                        "WEIGHTS_0": 14
                    },
                    "indices": 10,
                    "mode": 4,
                    "material": 0
                }
            ],
            "name": "suitcase_sock_GEO-mesh"
        },
        {
            "primitives": [
                {
                    "attributes": {
                        "JOINTS_0": 16,
                        "NORMAL": 17,
                        "POSITION": 18,
                        "WEIGHTS_0": 19
                    },
                    "indices": 15,
                    "mode": 4,
                    "material": 0
                }
            ],
            "name": "suitcase_pants_GEO-mesh"
        },
        {
            "primitives": [
                {
                    "attributes": {
                        "JOINTS_0": 21,
                        "NORMAL": 22,
                        "POSITION": 23,
                        "WEIGHTS_0": 24
                    },
                    "indices": 20,
                    "mode": 4,
                    "material": 0
                }
            ],
            "name": "hand_GEO-mesh"
        },
        {
            "primitives": [
                {
                    "attributes": {
                        "JOINTS_0": 26,
                        "NORMAL": 27,
                        "POSITION": 28,
                        "WEIGHTS_0": 29
                    },
                    "indices": 25,
                    "mode": 4,
                    "material": 0
                }
            ],
            "name": "body_GEO-mesh"
        },
        {
            "primitives": [
                {
                    "attributes": {
                        "JOINTS_0": 31,
                        "NORMAL": 32,
                        "POSITION": 33,
                        "WEIGHTS_0": 34
                    },
                    "indices": 30,
                    "mode": 4,
                    "material": 0
                }
            ],
            "name": "eyebrows_GEO-mesh"
        },
        {
            "primitives": [
                {
                    "attributes": {
                        "JOINTS_0": 36,
                        "NORMAL": 37,
                        "POSITION": 38,
                        "WEIGHTS_0": 39
                    },
                    "indices": 35,
                    "mode": 4,
                    "material": 0
                }
            ],
            "name": "hat_GEO-mesh"
        },
        {
            "primitives": [
                {
                    "attributes": {
                        "JOINTS_0": 41,
                        "NORMAL": 42,
                        "POSITION": 43,
                        "WEIGHTS_0": 44
                    },
                    "indices": 40,
                    "mode": 4,
                    "material": 0
                }
            ],
            "name": "beak_bottom_GEO-mesh"
        },
        {
            "primitives": [
                {
                    "attributes": {
                        "JOINTS_0": 46,
                        "NORMAL": 47,
                        "POSITION": 48,
                        "WEIGHTS_0": 49
                    },
                    "indices": 45,
                    "mode": 4,
                    "material": 0
                }
            ],
            "name": "beak_top_GEO-mesh"
        },
        {
            "primitives": [
                {
                    "attributes": {
                        "JOINTS_0": 51,
                        "NORMAL": 52,
                        "POSITION": 53,
                        "WEIGHTS_0": 54
                    },
                    "indices": 50,
                    "mode": 4,
                    "material": 0
                }
            ],
            "name": "zip_GEO-mesh"
        },
        {
            "primitives": [
                {
                    "attributes": {
                        "JOINTS_0": 56,
                        "NORMAL": 57,
                        "POSITION": 58,
                        "WEIGHTS_0": 59
                    },
                    "indices": 55,
                    "mode": 4,
                    "material": 0
                }
            ],
            "name": "head_GEO-mesh"
        }
    ],
    "animations": [
        {
            "channels": [
                {
                    "sampler": 0,
                    "target": {
                        "node": 21,
                        "path": "translation"
                    }
                },
                {
                    "sampler": 1,
                    "target": {
                        "node": 21,
                        "path": "rotation"
                    }
                },
                {
                    "sampler": 2,
                    "target": {
                        "node": 21,
                        "path": "scale"
                    }
                },
                {
                    "sampler": 3,
                    "target": {
                        "node": 31,
                        "path": "translation"
                    }
                },
                {
                    "sampler": 4,
                    "target": {
                        "node": 31,
                        "path": "rotation"
                    }
                },
                {
                    "sampler": 5,
                    "target": {
                        "node": 31,
                        "path": "scale"
                    }
                },
                {
                    "sampler": 6,
                    "target": {
                        "node": 32,
                        "path": "translation"
                    }
                },
                {
                    "sampler": 7,
                    "target": {
                        "node": 32,
                        "path": "rotation"
                    }
                },
                {
                    "sampler": 8,
                    "target": {
                        "node": 32,
                        "path": "scale"
                    }
                },
                {
                    "sampler": 9,
                    "target": {
                        "node": 33,
                        "path": "translation"
                    }
                },
                {
                    "sampler": 10,
                    "target": {
                        "node": 33,
                        "path": "rotation"
                    }
                },
                {
                    "sampler": 11,
                    "target": {
                        "node": 33,
                        "path": "scale"
                    }
                },
                {
                    "sampler": 12,
                    "target": {
                        "node": 34,
                        "path": "translation"
                    }
                },
                {
                    "sampler": 13,
                    "target": {
                        "node": 34,
                        "path": "rotation"
                    }
                },
                {
                    "sampler": 14,
                    "target": {
                        "node": 34,
                        "path": "scale"
                    }
                },
                {
                    "sampler": 15,
                    "target": {
                        "node": 61,
