{
    "asset": {
        "generator": "COLLADA2GLTF",
        "version": "2.0"
    },
    "scenes": [
        {
            "nodes": [
                0
            ]
        }
    ],
    "scene": 0,
    "nodes": [
        {
            "children": [
                14,
                1
            ],
            "name": "Y_UP"
        },
        {
            "children": [
                13,
                12,
                11,
                10,
                9,
                8,
                7,
                6,
                5,
                4,
                3,
                2
            ],
            "name": "emz_GEO"
        },
        {
            "mesh": 0,
            "skin": 0,
            "name": "flashGeo"
        },
        {
            "mesh": 1,
            "skin": 1,
            "name": "necklace_GEO"
        },
        {
            "mesh": 2,
            "skin": 2,
            "name": "bandage_GEO"
        },
        {
            "mesh": 3,
            "skin": 3,
            "name": "bracelets_GEO"
        },
        {
            "mesh": 4,
            "skin": 4,
            "name": "earring_GEO"
        },
        {
            "mesh": 5,
            "skin": 5,
            "name": "phone_GEO"
        },
        {
            "mesh": 6,
            "skin": 6,
            "name": "hairspray_GEO"
        },
        {
            "mesh": 7,
            "skin": 7,
            "name": "hair_GEO"
        },
        {
            "mesh": 8,
            "skin": 8,
            "name": "bag_strap_GEO"
        },
        {
            "mesh": 9,
            "skin": 9,
            "name": "bag_GEO"
        },
        {
            "mesh": 10,
            "skin": 10,
            "name": "shoes_GEO"
        },
        {
            "mesh": 11,
            "skin": 11,
            "name": "base_GEO"
        },
        {
            "children": [
                15
            ],
            "name": "CHARACTER"
        },
        {
            "children": [
                17,
                16
            ],
            "name": "Root"
        },
        {
            "translation": [
                0.7721160054206848,
                4.20993185043335,
                0.05222399905323982
            ],
            "rotation": [
                -0.05594813823699951,
                0.16602973639965058,
                -0.22216245532035829,
                -0.9591380953788756
            ],
            "scale": [
                0.9999967217445374,
                0.9999976754188538,
                0.9999983906745912
            ],
            "name": "bag_s"
        },
        {
            "children": [
                28,
                24,
                20,
                19,
                18
            ],
            "translation": [
                -1.0658559799194337,
                4.612527847290039,
                -0.06196900084614754
            ],
            "rotation": [
                -0.02682031132280827,
                0.012395163998007776,
                0.07344825565814972,
                -0.9968611001968384
            ],
            "scale": [
                0.999998927116394,
                0.9999996423721314,
                1.0000003576278689
            ],
            "name": "hips_s"
        },
        {
            "matrix": [
                1.0,
                0.0,
                0.0,
                0.0,
                0.0,
                1.0,
                0.0,
                0.0,
                0.0,
                0.0,
                1.0,
                0.0,
                -0.0,
                -0.590429961681366,
                0.764968991279602,
                1.0
            ],
            "name": "skirt_front_s"
        },
        {
            "matrix": [
                1.0,
                0.0,
                0.0,
                0.0,
                0.0,
                1.0,
                0.0,
                0.0,
                0.0,
                0.0,
                1.0,
                0.0,
                -0.0,
                -0.590429961681366,
                -0.6819599866867065,
                1.0
            ],
            "name": "skirt_back_s"
        },
        {
            "children": [
                21
            ],
            "translation": [
                -0.7725989818572998,
                -0.1969760060310364,
                -0.0
            ],
            "rotation": [
                -0.09516523778438568,
                0.9890849590301514,
                -0.029035557061433793,
                0.1084526777267456
            ],
            "scale": [
                0.9999027848243712,
                0.999999225139618,
                0.9999025464057922
            ],
            "name": "R_upperLeg_s"
        },
        {
            "children": [
                22
            ],
            "translation": [
                0.0,
                -1.7495169639587405,
                0.0
            ],
            "rotation": [
                0.09602461010217668,
                -0.0,
                -0.0,
                -0.9953786730766296
            ],
            "scale": [
                1.0,
                0.999998927116394,
                0.999998927116394
            ],
            "name": "R_lowerLeg_s"
        },
        {
            "children": [
                23
            ],
            "translation": [
                0.0,
                -2.350489854812622,
                0.0
            ],
            "rotation": [
                0.0000922748149605468,
                -0.08679907768964768,
                0.9960055947303772,
                -0.02026951499283314
            ],
            "scale": [
                0.9999437928199768,
                0.9999444484710692,
                0.9999999403953552
            ],
            "name": "R_ankle_s"
        },
        {
            "matrix": [
                -0.9998272657394408,
                0.000009848274203250185,
                0.010589766316115857,
                0.0,
                0.010510575957596302,
                -0.1210765466094017,
                0.9925211668014526,
                0.0,
                0.0012926413910463453,
                0.992576777935028,
                0.12118663638830184,
                0.0,
                -0.0019389999797567728,
                0.39176100492477419,
                -0.9353569746017456,
                1.0
            ],
            "name": "R_toes_s"
        },
        {
            "children": [
                25
            ],
            "translation": [
                0.7725989818572998,
                -0.1969739943742752,
                0.0
            ],
            "rotation": [
                0.2507084906101227,
                0.10386978089809418,
                0.9091143012046814,
                -0.3159462511539459
            ],
            "scale": [
                0.999923825263977,
                0.9999192357063294,
                0.9999934434890748
            ],
            "name": "L_upperLeg_s"
        },
        {
            "children": [
                26
            ],
            "translation": [
                -0.0,
                1.8070659637451172,
                0.0
            ],
            "rotation": [
                0.06723637878894806,
                -0.0,
                -0.0,
                -0.9977369904518129
            ],
            "scale": [
                1.0,
                0.9999996423721314,
                0.9999996423721314
            ],
            "name": "L_lowerLeg_s"
        },
        {
            "children": [
                27
            ],
            "translation": [
                0.0,
                2.42779803276062,
                0.0
            ],
            "rotation": [
                0.0419231615960598,
                0.12087896466255188,
                0.9652475714683532,
                0.22776295244693757
            ],
            "scale": [
                0.9999013543128968,
                0.9999033212661744,
                0.9999985694885254
            ],
            "name": "L_ankle_s"
        },
        {
            "translation": [
                0.0019389999797567728,
                -0.39176100492477419,
                0.9353569746017456
            ],
            "rotation": [
                -0.013871856965124609,
                0.7105098962783814,
                0.7034662365913391,
                0.010734542272984982
            ],
            "scale": [
                0.99999338388443,
                0.9999964833259584,
                0.9999969601631165
            ],
            "name": "L_toes_s"
        },
        {
            "children": [
                29
            ],
            "translation": [
                0.011912999674677849,
                0.3207499980926514,
                0.04262100160121918
            ],
            "rotation": [
                -0.0036601501051336529,
                -0.010580601170659066,
                0.025251958519220353,
                -0.9996183514595032
            ],
            "scale": [
                0.9999996423721314,
                0.999999701976776,
                0.9999998807907105
            ],
            "name": "spine_lower_s"
        },
        {
            "children": [
                30
            ],
            "translation": [
                -0.0004349999944679439,
                0.3656570017337799,
                0.01605699956417084
            ],
            "rotation": [
                0.04204593226313591,
                0.06305353343486786,
                -0.027312934398651124,
                -0.9967498779296876
            ],
            "scale": [
                0.9999997615814208,
                0.999999701976776,
                1.0000001192092896
            ],
            "name": "spine_mid_s"
        },
        {
            "children": [
                31
            ],
            "translation": [
                0.00183999992441386,
                0.3950150012969971,
                0.002980999881401658
            ],
            "rotation": [
                0.02842012420296669,
                0.06775922328233719,
                -0.0433683805167675,
                -0.9963534474372864
            ],
            "scale": [
                1.0000001192092896,
                1.0000003576278689,
                0.9999996423721314
            ],
            "name": "spine_upper_s"
        },
        {
            "children": [
                64,
                48,
                32
            ],
            "translation": [
                0.005150000099092722,
                0.410167008638382,
                0.0063390000723302368
            ],
            "rotation": [
                0.0013533539604395629,
                0.06911331415176392,
                -0.03146546706557274,
                -0.9971115589141846
            ],
            "scale": [
                0.9999996423721314,
                1.0,
                1.0000001192092896
            ],
            "name": "chest_s"
        },
        {
            "children": [
                33
            ],
            "translation": [
                -0.0993340015411377,
                0.8995260000228882,
                0.3701460063457489
            ],
            "rotation": [
                0.9819492101669312,
                -0.14271710813045505,
                0.12383171170949936,
                -0.005751743447035551
            ],
            "scale": [
                0.9999972581863404,
                0.9999210834503174,
                0.9999207854270936
            ],
            "name": "R_clavicle_s"
        },
        {
            "children": [
                37,
                36,
                34
            ],
            "translation": [
                -1.0411059856414796,
                0.0,
                0.6982049942016602
            ],
            "rotation": [
                0.08910592645406723,
                0.04352258518338204,
                0.8975492715835571,
                -0.4295969307422638
            ],
            "scale": [
                0.9999712109565736,
                0.9999709725379944,
                1.0000001192092896
            ],
            "name": "R_shoulder_s"
        },
        {
            "children": [
                35
            ],
            "translation": [
                0.19054900109767917,
                -1.2306029796600342,
                0.3984619975090027
            ],
            "rotation": [
                -0.2723928093910218,
                -0.531190812587738,
                0.6421962976455689,
                0.48080918192863467
            ],
            "scale": [
                0.9999375939369202,
                0.9999563694000244,
                0.9999677538871764
            ],
            "name": "R_wraps_01_s"
        },
        {
            "translation": [
                -0.000007000000096013537,
                -0.010261000134050846,
                0.6428530216217041
            ],
            "rotation": [
                0.05370309203863144,
                -0.014579186215996744,
                -0.2257005870342255,
                -0.9726057052612304
            ],
            "scale": [
                0.9999983310699464,
                0.9999985098838806,
                1.0
            ],
            "name": "R_wraps_02_s"
        },
        {
            "translation": [
                -0.0,
                -0.040001001209020618,
                0.000006000000212225132
            ],
            "rotation": [
                -0.0,
                0.6338041424751282,
                -0.0,
                -0.773472249507904
            ],
            "scale": [
                0.999960482120514,
                1.0,
                0.999960482120514
            ],
            "name": "R_shoulder_twist_s"
        },
        {
            "children": [
                47,
                38
            ],
            "translation": [
                0.0,
                -1.6888049840927125,
                -0.0
            ],
            "rotation": [
                -0.052072975784540179,
                0.05351854860782623,
                0.747722327709198,
                -0.6597940921783447
            ],
            "scale": [
                0.9999935030937196,
                0.9999938011169434,
                0.999999463558197
            ],
            "name": "R_elbow_s"
        },
        {
            "children": [
                45,
                43,
                41,
                39
            ],
            "translation": [
                -0.0,
                -1.6595330238342286,
                0.0
            ],
            "rotation": [
                -0.30267688632011416,
                -0.2142820805311203,
                0.08934827893972397,
                -0.924377977848053
            ],
            "scale": [
                0.9999924302101136,
                0.9999856352806092,
                0.9999805092811585
            ],
            "name": "R_wrist_s"
        },
        {
            "children": [
                40
            ],
            "translation": [
                -2.9146149158477785,
                -0.9079520106315612,
                1.8504639863967896
            ],
            "rotation": [
                0.5,
                0.0,
                0.0,
                -0.0
            ],
            "scale": [
                0.0,
                0.0,
                0.0
            ],
            "name": "R_gunbone_01_s"
        },
        {
            "matrix": [
                -0.04216231033205986,
                0.0,
                0.9990445971488952,
                0.0,
                0.0,
                -0.9998724460601808,
                0.0,
                0.0,
                0.9990445971488952,
                0.0,
                0.04228992760181427,
                0.0,
                0.1445939987897873,
                -0.5472300052642822,
                -0.005747999995946884,
                1.0
            ],
            "name": "flash_s"
        },
        {
            "children": [
                42
            ],
            "matrix": [
                0.23214639723300937,
                0.9589871168136596,
                0.16238535940647126,
                0.0,
                0.6772706508636475,
                -0.03946828842163086,
                -0.7345981001853943,
                0.0,
                -0.6980897784233093,
                0.2804884910583496,
                -0.6586481928825378,
                0.0,
                -0.539322018623352,
                -0.32059600949287417,
                -0.02484400011599064,
                1.0
            ],
            "name": "R_thumb_01_s"
        },
        {
            "matrix": [
                0.997511088848114,
                0.02077694982290268,
                -0.06737862527370453,
                0.0,
                -0.026637637987732889,
                0.9958271384239196,
                -0.08728441596031189,
                0.0,
                0.06528399139642716,
                0.08886203914880753,
                0.9939025640487672,
                0.0,
                -0.0,
                -0.5183969736099243,
                -0.0,
                1.0
            ],
            "name": "R_thumb_02_s"
        },
        {
            "children": [
                44
            ],
            "matrix": [
                -0.9908149242401124,
                0.13215240836143497,
                -0.028106430545449258,
                0.0,
                0.13496628403663636,
                0.9586026072502136,
                -0.2507266402244568,
                0.0,
                -0.00619150185957551,
                -0.2522212564945221,
                -0.9676343202590942,
                0.0,
                -0.4251109957695008,
                -0.9479870200157166,
                -0.07823999971151352,
                1.0
            ],
            "name": "R_index_01_s"
        },
        {
            "matrix": [
                0.9985746145248412,
                -0.00431975768879056,
                0.05319930240511894,
                0.0,
                -0.03816458955407143,
                0.6390216946601868,
                0.7682221531867981,
                0.0,
                -0.03731340169906616,
                -0.7691577672958374,
                0.6379461288452148,
                0.0,
                0.0,
                -0.39184999465942385,
                0.0,
                1.0
            ],
            "name": "R_index_02_s"
        },
        {
            "children": [
                46
            ],
            "matrix": [
                -0.9714112281799316,
                -0.006489005871117115,
                -0.23732207715511326,
                0.0,
                0.05672460049390793,
                0.9643304944038392,
                -0.2585533261299134,
                0.0,
                0.2305346429347992,
                -0.26462307572364809,
                -0.9363932609558106,
                0.0,
                0.045892998576164249,
                -0.9661960005760192,
                0.034846000373363498,
                1.0
            ],
            "name": "R_middle_01_s"
        },
        {
            "matrix": [
                0.9977855682373048,
                -0.0009081813041120768,
                -0.06650884449481964,
                0.0,
                0.05750900134444237,
                0.5142077207565308,
                0.8557133674621582,
                0.0,
                0.03342096880078316,
                -0.8576436042785645,
                0.5131214261054993,
                0.0,
                -0.0,
                -0.3749229907989502,
                -0.0,
                1.0
            ],
            "name": "R_middle_02_s"
        },
        {
            "translation": [
                -0.0,
                -0.5531780123710632,
                0.0
            ],
            "rotation": [
                -0.0,
                -0.13693206012248994,
                -0.0,
                -0.9905802011489868
            ],
            "scale": [
                0.9999989867210388,
                1.0,
                0.9999989867210388
            ],
            "name": "R_forearm_twist_s"
        },
        {
            "children": [
                49
            ],
            "translation": [
                0.0993340015411377,
                0.899524986743927,
                0.3701469898223877
            ],
            "rotation": [
                -0.010857549495995045,
                -0.0026451819576323034,
                -0.018823854625225068,
                -0.9997605085372924
            ],
            "scale": [
                1.0000003576278689,
                1.000000238418579,
                1.000000238418579
            ],
            "name": "L_clavicle_s"
        },
        {
            "children": [
                53,
                52,
                50
            ],
            "translation": [
                1.0411030054092408,
                -0.0,
                -0.6982060074806213
            ],
            "rotation": [
                0.9372270703315736,
                0.3009363114833832,
                0.17387498915195466,
                0.027497634291648866
            ],
            "scale": [
                0.9999874830245972,
                0.9999011158943176,
                0.9998949766159058
            ],
            "name": "L_shoulder_s"
        },
        {
            "children": [
                51
            ],
            "translation": [
                -0.2650040090084076,
                1.244724988937378,
                -0.25315800309181216
            ],
            "rotation": [
                -0.7154013514518738,
                -0.07143271714448929,
                -0.37167733907699587,
                -0.5844199657440186
            ],
            "scale": [
                0.9972568154335022,
                0.997235894203186,
                0.9972412586212158
            ],
            "name": "L_wraps_01_s"
        },
        {
            "translation": [
                -0.0,
                0.010293000377714634,
                -0.6446229815483093
            ],
            "rotation": [
                0.2240967154502869,
                0.1444472968578339,
                -0.3387180268764496,
                -0.9035423994064332
            ],
            "scale": [
                1.0027315616607669,
                1.0027281045913697,
                1.002737283706665
            ],
            "name": "L_wraps_02_s"
        },
        {
            "translation": [
                0.0,
                0.03999999910593033,
                -0.0
            ],
            "rotation": [
                -0.0,
                -0.5921083688735962,
                -0.0,
                -0.8058481812477112
            ],
            "scale": [
                0.9999787211418152,
                1.0,
                0.9999787211418152
            ],
            "name": "L_shoulder_twist_s"
        },
        {
            "children": [
                63,
                54
            ],
            "translation": [
                0.0,
                1.6888099908828736,
                0.0
            ],
            "rotation": [
                -0.0023990250192582609,
                -0.002706590574234724,
                0.7944458723068237,
                -0.6072806715965271
            ],
            "scale": [
                0.9999611377716065,
                0.9999610781669616,
                1.0000004768371585
            ],
            "name": "L_elbow_s"
        },
        {
            "children": [
                61,
                59,
                57,
                55
            ],
            "translation": [
                0.0,
                1.659533977508545,
                0.0
            ],
            "rotation": [
                -0.3954108059406281,
                0.39285793900489809,
                -0.28468599915504458,
                -0.7798967361450195
            ],
            "scale": [
                0.9999793767929076,
                0.999979555606842,
                0.9999729990959168
            ],
            "name": "L_wrist_s"
        },
        {
            "children": [
                56
            ],
            "matrix": [
                0.01055926363915205,
                -0.20748573541641236,
                0.9781368970870972,
                0.0,
                0.2356700748205185,
                0.951190948486328,
                0.1992270201444626,
                0.0,
                -0.9717309474945068,
                0.2284325808286667,
                0.05894630402326584,
                0.0,
                0.3368990123271942,
                0.8118019700050354,
                -0.4713279902935028,
                1.0
            ],
            "name": "L_gunbone_01_s"
        },
        {
            "matrix": [
                0.9999772310256958,
                -0.006475433241575956,
                0.002165974117815495,
                0.0,
                0.006442192476242781,
                0.9998669624328612,
                0.015016202814877034,
                0.0,
                -0.002262924797832966,
                -0.015001890249550345,
                0.9998849034309388,
                0.0,
                0.0,
                0.7625010013580322,
                0.0,
                1.0
            ],
            "name": "L_gunbone_02_s"
        },
        {
            "children": [
                58
            ],
            "matrix": [
                0.2273697555065155,
                0.6432177424430847,
                0.7310799956321716,
                0.0,
                0.7324002385139465,
                0.3818691074848175,
                -0.5636397004127502,
                0.0,
                -0.6417144536972046,
                0.6636040806770325,
                -0.3842670321464539,
                0.0,
                0.5393229722976685,
                0.320592999458313,
                0.02483800053596497,
                1.0
            ],
            "name": "L_thumb_01_s"
        },
        {
            "matrix": [
                0.9975112676620485,
                0.020804354920983316,
                -0.06736084073781967,
                0.0,
                0.04385874420404434,
                0.5649450421333313,
                0.8239595293998718,
                0.0,
                0.05519704893231392,
                -0.8248631954193115,
                0.5626264810562134,
                0.0,
                0.0,
                0.5183950066566467,
                -0.0,
                1.0
            ],
            "name": "L_thumb_02_s"
        },
        {
            "children": [
                60
            ],
            "matrix": [
                -0.990729033946991,
                0.13216081261634828,
                -0.028127511963248258,
                0.0,
                0.12901178002357484,
                0.987192451953888,
                0.0938391461968422,
                0.0,
                0.04016971960663796,
                0.08934948593378067,
                -0.995089828968048,
                0.0,
                0.4533329904079437,
                1.1639050245285037,
                0.09877300262451172,
                1.0
            ],
            "name": "L_index_01_s"
        },
        {
            "matrix": [
                0.9985710382461548,
                -0.004326063673943281,
                0.053256310522556308,
                0.0,
                -0.038176678121089938,
                0.639596700668335,
                0.7677403092384338,
                0.0,
                -0.0373830795288086,
                -0.7686761617660523,
                0.638517439365387,
                0.0,
                -0.0,
                0.39184901118278506,
                -0.0,
                1.0
            ],
            "name": "L_index_02_s"
        },
        {
            "children": [
                62
            ],
            "matrix": [
                -0.5919402241706848,
                -0.6747041940689087,
                -0.4408059120178223,
                0.0,
                -0.10315857827663422,
                0.6058915257453919,
                -0.7888201475143433,
                0.0,
                0.7993086576461792,
                -0.42148828506469729,
                -0.4282406270503998,
                0.0,
                -0.13409100472927094,
                0.9881160259246826,
                -0.03346899896860123,
                1.0
            ],
            "name": "L_middle_01_s"
        },
        {
            "matrix": [
                0.9977894425392152,
                -0.0009056481067091228,
                -0.06644953787326813,
                0.0,
                0.046948742121458057,
                0.7173054814338684,
                0.6951481103897095,
                0.0,
                0.04703379049897194,
                -0.6967315673828125,
                0.715762734413147,
                0.0,
                -0.0,
                0.3749220073223114,
                -0.0,
                1.0
            ],
            "name": "L_middle_02_s"
        },
        {
            "translation": [
                0.0,
                0.5531780123710632,
                0.0
            ],
            "rotation": [
                -0.0,
                0.17605865001678468,
                -0.0,
                -0.9843795299530028
            ],
            "scale": [
                0.9999995231628418,
                1.0,
                0.9999995231628418
            ],
            "name": "L_forearm_twist_s"
        },
        {
            "children": [
                65
            ],
            "translation": [
                0.0,
                1.4007049798965457,
                -0.178957000374794
            ],
            "rotation": [
                -0.039185043424367908,
                -0.01811615377664566,
                0.06120740994811058,
                -0.9971909523010254
            ],
            "scale": [
                0.999999463558197,
                1.0,
                0.9999995231628418
            ],
            "name": "neck_s"
        },
        {
            "children": [
                70,
                66
            ],
            "translation": [
                -0.000006000000212225132,
                1.6045340299606324,
                0.028551999479532247
            ],
            "rotation": [
                -0.007104974705725908,
                0.01728569343686104,
                -0.04613620787858963,
                -0.9987602829933168
            ],
            "scale": [
                0.999999701976776,
                1.0,
                0.9999997615814208
            ],
            "name": "head_s"
        },
        {
            "children": [
                67
            ],
            "matrix": [
                -0.5020565986633301,
                0.47692054510116579,
                -0.721383810043335,
                0.0,
                0.2724713087081909,
                0.8789421319961548,
                0.3914235830307007,
                0.0,
                0.8207356929779053,
                -0.00002764165765256621,
                -0.5712243318557739,
                0.0,
                -0.4651489853858948,
                2.9336369037628176,
                1.1425549983978272,
                1.0
            ],
            "name": "hair_01_s"
        },
        {
            "children": [
                68
            ],
            "translation": [
                1.372684955596924,
                0.0,
                0.0
            ],
            "rotation": [
                -0.005966860800981522,
                0.03417102620005608,
                0.6428828239440918,
                -0.7651610970497131
            ],
            "scale": [
                0.9999681115150452,
                0.9999687671661376,
                1.000000238418579
            ],
            "name": "hair_02_s"
        },
        {
            "children": [
                69
            ],
            "translation": [
                1.814664959907532,
                -0.0,
                0.0
            ],
            "rotation": [
                0.9365810751914978,
                -0.35021066665649416,
                -0.003598684910684824,
                0.011257429607212544
            ],
            "scale": [
                0.9999927878379822,
                0.9999501705169678,
                0.9999423027038574
            ],
            "name": "hair_03_s"
        },
        {
            "translation": [
                1.7567440271377564,
                0.009974000044167042,
                0.0018710000440478325
            ],
            "rotation": [
                0.9100370407104492,
                -0.4138181209564209,
                0.00609008502215147,
                0.02300698310136795
            ],
            "scale": [
                0.9999931454658508,
                0.9999653100967408,
                0.9999587535858154
            ],
            "name": "hair_04_s"
        },
        {
            "translation": [
                1.985718011856079,
                0.05632200092077255,
                0.12599900364875794
            ],
            "rotation": [
                -0.015040498226881028,
                -0.137702077627182,
                -0.013687165454030036,
                -0.9902647733688356
            ],
            "scale": [
                0.9999997615814208,
                1.0000003576278689,
                0.999998927116394
            ],
            "name": "earring_s"
        }
    ],
    "meshes": [
        {
            "primitives": [
                {
                    "attributes": {
                        "JOINTS_0": 1,
                        "NORMAL": 2,
                        "POSITION": 3,
                        "WEIGHTS_0": 4
                    },
                    "indices": 0,
                    "mode": 4,
                    "material": 0
                }
            ],
            "name": "flashGeo-mesh"
        },
        {
            "primitives": [
                {
                    "attributes": {
                        "JOINTS_0": 6,
                        "NORMAL": 7,
                        "POSITION": 8,
                        "WEIGHTS_0": 9
                    },
                    "indices": 5,
                    "mode": 4,
                    "material": 1
                }
            ],
            "name": "necklace_GEO-mesh"
        },
        {
            "primitives": [
                {
                    "attributes": {
                        "JOINTS_0": 11,
                        "NORMAL": 12,
                        "POSITION": 13,
                        "WEIGHTS_0": 14
                    },
                    "indices": 10,
                    "mode": 4,
                    "material": 1
                }
            ],
            "name": "bandage_GEO-mesh"
        },
        {
            "primitives": [
                {
                    "attributes": {
                        "JOINTS_0": 16,
                        "NORMAL": 17,
                        "POSITION": 18,
                        "WEIGHTS_0": 19
                    },
                    "indices": 15,
                    "mode": 4,
                    "material": 1
                }
            ],
            "name": "bracelets_GEO-mesh"
        },
        {
            "primitives": [
                {
                    "attributes": {
                        "JOINTS_0": 21,
                        "NORMAL": 22,
                        "POSITION": 23,
                        "WEIGHTS_0": 24
                    },
                    "indices": 20,
                    "mode": 4,
                    "material": 1
                }
            ],
            "name": "earring_GEO-mesh"
        },
        {
            "primitives": [
                {
                    "attributes": {
                        "JOINTS_0": 26,
                        "NORMAL": 27,
                        "POSITION": 28,
                        "WEIGHTS_0": 29
                    },
                    "indices": 25,
                    "mode": 4,
                    "material": 1
                }
            ],
            "name": "phone_GEO-mesh"
        },
        {
            "primitives": [
                {
                    "attributes": {
                        "JOINTS_0": 31,
                        "NORMAL": 32,
                        "POSITION": 33,
                        "WEIGHTS_0": 34
                    },
                    "indices": 30,
                    "mode": 4,
                    "material": 1
                },
                {
                    "attributes": {
                        "JOINTS_0": 36,
                        "NORMAL": 37,
                        "POSITION": 38,
                        "WEIGHTS_0": 39
                    },
                    "indices": 35,
                    "mode": 4,
                    "material": 2
                }
            ],
            "name": "hairspray_GEO-mesh"
        },
        {
            "primitives": [
                {
                    "attributes": {
                        "JOINTS_0": 41,
                        "NORMAL": 42,
                        "POSITION": 43,
                        "WEIGHTS_0": 44
                    },
                    "indices": 40,
                    "mode": 4,
                    "material": 1
                }
            ],
            "name": "hair_GEO-mesh"
        },
        {
            "primitives": [
                {
                    "attributes": {
                        "JOINTS_0": 46,
                        "NORMAL": 47,
                        "POSITION": 48,
                        "WEIGHTS_0": 49
                    },
                    "indices": 45,
                    "mode": 4,
                    "material": 1
                }
            ],
            "name": "bag_strap_GEO-mesh"
        },
        {
            "primitives": [
                {
                    "attributes": {
                        "JOINTS_0": 51,
                        "NORMAL": 52,
                        "POSITION": 53,
                        "WEIGHTS_0": 54
                    },
                    "indices": 50,
                    "mode": 4,
                    "material": 1
                }
            ],
            "name": "bag_GEO-mesh"
        },
        {
            "primitives": [
                {
                    "attributes": {
                        "JOINTS_0": 56,
                        "NORMAL": 57,
                        "POSITION": 58,
                        "WEIGHTS_0": 59
                    },
                    "indices": 55,
                    "mode": 4,
                    "material": 1
                }
            ],
            "name": "shoes_GEO-mesh"
        },
        {
            "primitives": [
                {
                    "attributes": {
                        "JOINTS_0": 61,
                        "NORMAL": 62,
                        "POSITION": 63,
                        "WEIGHTS_0": 64
                    },
                    "indices": 60,
