{
    "asset": {
        "generator": "COLLADA2GLTF",
        "version": "2.0"
    },
    "scenes": [
        {
            "nodes": [
                0
            ]
        }
    ],
    "scene": 0,
    "nodes": [
        {
            "children": [
                14,
                1
            ],
            "name": "Y_UP"
        },
        {
            "children": [
                13,
                12,
                11,
                10,
                9,
                8,
                7,
                6,
                5,
                4,
                3,
                2
            ],
            "name": "emz_GEO"
        },
        {
            "mesh": 0,
            "skin": 0,
            "name": "flashGeo"
        },
        {
            "mesh": 1,
            "skin": 1,
            "name": "necklace_GEO"
        },
        {
            "mesh": 2,
            "skin": 2,
            "name": "bandage_GEO"
        },
        {
            "mesh": 3,
            "skin": 3,
            "name": "bracelets_GEO"
        },
        {
            "mesh": 4,
            "skin": 4,
            "name": "earring_GEO"
        },
        {
            "mesh": 5,
            "skin": 5,
            "name": "phone_GEO"
        },
        {
            "mesh": 6,
            "skin": 6,
            "name": "hairspray_GEO"
        },
        {
            "mesh": 7,
            "skin": 7,
            "name": "hair_GEO"
        },
        {
            "mesh": 8,
            "skin": 8,
            "name": "bag_strap_GEO"
        },
        {
            "mesh": 9,
            "skin": 9,
            "name": "bag_GEO"
        },
        {
            "mesh": 10,
            "skin": 10,
            "name": "shoes_GEO"
        },
        {
            "mesh": 11,
            "skin": 11,
            "name": "base_GEO"
        },
        {
            "children": [
                15
            ],
            "name": "CHARACTER"
        },
        {
            "children": [
                17,
                16
            ],
            "name": "Root"
        },
        {
            "translation": [
                2.1209418773651125,
                4.677554130554199,
                0.5726979970932007
            ],
            "rotation": [
                0.07966247200965882,
                0.13868650794029237,
                -0.23889505863189698,
                -0.9577825665473938
            ],
            "scale": [
                0.9999967217445374,
                0.9999977350234984,
                0.999999463558197
            ],
            "name": "bag_s"
        },
        {
            "children": [
                28,
                24,
                20,
                19,
                18
            ],
            "translation": [
                0.0,
                4.497389793395996,
                -0.08118899911642075
            ],
            "rotation": [
                -0.13714896142482758,
                -0.09922459721565248,
                -0.0051057906821370129,
                -0.9855546951293944
            ],
            "scale": [
                0.999999701976776,
                0.9999996423721314,
                0.9999987483024596
            ],
            "name": "hips_s"
        },
        {
            "translation": [
                -0.008798999711871148,
                -0.4852820038795471,
                0.7996180057525635
            ],
            "rotation": [
                0.2862282693386078,
                -0.3626295626163483,
                0.11807762086391448,
                -0.8789891004562378
            ],
            "scale": [
                0.9999912977218628,
                0.9999945163726808,
                0.9999866485595704
            ],
            "name": "skirt_front_s"
        },
        {
            "matrix": [
                1.0,
                0.0,
                0.0,
                0.0,
                0.0,
                1.0,
                0.0,
                0.0,
                0.0,
                0.0,
                1.0,
                0.0,
                0.0,
                -0.590429961681366,
                -0.6819599866867065,
                1.0
            ],
            "name": "skirt_back_s"
        },
        {
            "children": [
                21
            ],
            "translation": [
                -0.7725989818572998,
                -0.1969760060310364,
                -0.0
            ],
            "rotation": [
                -0.01565583050251007,
                0.8877989649772644,
                -0.45349588990211489,
                0.07661819458007813
            ],
            "scale": [
                0.9999227523803712,
                0.9999834895133972,
                0.9999386072158814
            ],
            "name": "R_upperLeg_s"
        },
        {
            "children": [
                22
            ],
            "translation": [
                0.0,
                -1.7635129690170289,
                0.0
            ],
            "rotation": [
                0.15778568387031556,
                -0.0,
                -0.0,
                -0.9874729514122008
            ],
            "scale": [
                1.0,
                0.9999983906745912,
                0.9999983906745912
            ],
            "name": "R_lowerLeg_s"
        },
        {
            "children": [
                23
            ],
            "translation": [
                -0.0,
                -2.3692939281463625,
                0.0
            ],
            "rotation": [
                0.0020300308242440225,
                -0.17113752663135529,
                0.9837023615837096,
                -0.05502605438232422
            ],
            "scale": [
                0.999980926513672,
                0.9999811053276062,
                0.9999998211860656
            ],
            "name": "R_ankle_s"
        },
        {
            "translation": [
                -0.0019389999797567728,
                0.39176100492477419,
                -0.9353569746017456
            ],
            "rotation": [
                0.003967782948166132,
                0.662865400314331,
                0.748680591583252,
                -0.003506411099806428
            ],
            "scale": [
                0.9998833537101746,
                0.9999341368675232,
                0.999948263168335
            ],
            "name": "R_toes_s"
        },
        {
            "children": [
                25
            ],
            "translation": [
                0.7725989818572998,
                -0.1969739943742752,
                0.0
            ],
            "rotation": [
                -0.0374940000474453,
                -0.20232616364955906,
                0.9784428477287293,
                0.01587112806737423
            ],
            "scale": [
                0.9998878836631776,
                0.9998925924301148,
                0.9999953508377076
            ],
            "name": "L_upperLeg_s"
        },
        {
            "children": [
                26
            ],
            "translation": [
                -0.0,
                1.7495219707489014,
                0.0
            ],
            "rotation": [
                0.6321131587028503,
                -0.0,
                -0.0,
                -0.7748554348945618
            ],
            "scale": [
                1.0,
                0.99996155500412,
                0.99996155500412
            ],
            "name": "L_lowerLeg_s"
        },
        {
            "children": [
                27
            ],
            "translation": [
                0.0,
                2.350486993789673,
                -0.0
            ],
            "rotation": [
                -0.03457200154662132,
                -0.04376863315701485,
                0.9966208338737488,
                -0.06019340083003044
            ],
            "scale": [
                0.9999746680259704,
                0.9999741315841676,
                1.0000001192092896
            ],
            "name": "L_ankle_s"
        },
        {
            "translation": [
                0.0019389999797567728,
                -0.39176100492477419,
                0.9353569746017456
            ],
            "rotation": [
                0.003967782948166132,
                0.662865400314331,
                0.748680591583252,
                -0.003506411099806428
            ],
            "scale": [
                0.9998833537101746,
                0.9999341368675232,
                0.999948263168335
            ],
            "name": "L_toes_s"
        },
        {
            "children": [
                29
            ],
            "translation": [
                -0.012095999903976918,
                0.3296020030975342,
                0.053856998682022098
            ],
            "rotation": [
                -0.03552483767271042,
                0.0001845447695814073,
                -0.01879279688000679,
                -0.9991921782493592
            ],
            "scale": [
                1.0000004768371585,
                1.000000238418579,
                1.0
            ],
            "name": "spine_lower_s"
        },
        {
            "children": [
                30
            ],
            "translation": [
                -0.0010839999886229637,
                0.3943490087985993,
                0.017229000106453897
            ],
            "rotation": [
                0.05108770728111267,
                0.10737334191799164,
                -0.0045828199945390228,
                -0.9928943514823914
            ],
            "scale": [
                0.9999984502792358,
                1.0000001192092896,
                0.9999984502792358
            ],
            "name": "spine_mid_s"
        },
        {
            "children": [
                31
            ],
            "translation": [
                0.005235999822616577,
                0.4262180030345917,
                0.003701000008732081
            ],
            "rotation": [
                0.0729568600654602,
                0.11706315726041794,
                -0.009842411614954472,
                -0.9903918504714966
            ],
            "scale": [
                0.9999991655349731,
                0.9999998211860656,
                0.9999985098838806
            ],
            "name": "spine_upper_s"
        },
        {
            "children": [
                64,
                48,
                32
            ],
            "translation": [
                0.013085000216960909,
                0.4281190037727356,
                0.00762399984523654
            ],
            "rotation": [
                0.0587778203189373,
                0.13019698858261109,
                -0.0012610600097104908,
                -0.9897433519363404
            ],
            "scale": [
                0.9999987483024596,
                0.9999998211860656,
                0.999999463558197
            ],
            "name": "chest_s"
        },
        {
            "children": [
                33
            ],
            "translation": [
                -0.09982799738645554,
                0.9366229772567748,
                0.3706960082054138
            ],
            "rotation": [
                0.995944082736969,
                0.03687883913516998,
                0.08178552985191345,
                0.003014282789081335
            ],
            "scale": [
                0.9999995827674866,
                0.9999250173568726,
                0.9999257922172546
            ],
            "name": "R_clavicle_s"
        },
        {
            "children": [
                37,
                36,
                34
            ],
            "translation": [
                -1.0411059856414796,
                0.0,
                0.6982049942016602
            ],
            "rotation": [
                0.6179283261299133,
                0.2584596574306488,
                0.5639172196388245,
                -0.4830235838890076
            ],
            "scale": [
                0.999962568283081,
                0.9999321699142456,
                0.9999558329582214
            ],
            "name": "R_shoulder_s"
        },
        {
            "children": [
                35
            ],
            "translation": [
                0.2650049924850464,
                -1.2447199821472169,
                0.2531520128250122
            ],
            "rotation": [
                -0.029158689081668858,
                0.7610144019126892,
                0.41790902614593508,
                0.4953267574310303
            ],
            "scale": [
                0.9999841451644898,
                0.9999966621398926,
                0.9999881386756896
            ],
            "name": "R_wraps_01_s"
        },
        {
            "translation": [
                -0.000007000000096013537,
                -0.010261000134050846,
                0.6428530216217041
            ],
            "rotation": [
                -0.2816166579723358,
                0.03444852307438851,
                0.06579051166772843,
                -0.9566477537155153
            ],
            "scale": [
                0.999999701976776,
                0.9999961256980896,
                0.999996542930603
            ],
            "name": "R_wraps_02_s"
        },
        {
            "translation": [
                -0.0,
                -0.040001001209020618,
                0.000006000000212225132
            ],
            "rotation": [
                -0.0,
                0.03140312060713768,
                -0.0,
                -0.9995068311691284
            ],
            "scale": [
                1.0000001192092896,
                1.0,
                1.0000001192092896
            ],
            "name": "R_shoulder_twist_s"
        },
        {
            "children": [
                47,
                38
            ],
            "translation": [
                0.0,
                -1.6888049840927125,
                -0.0
            ],
            "rotation": [
                -0.003075674874708057,
                -0.0019376761047169569,
                0.5993261933326721,
                -0.800478458404541
            ],
            "scale": [
                0.9999626874923706,
                0.9999626874923706,
                0.9999995231628418
            ],
            "name": "R_elbow_s"
        },
        {
            "children": [
                45,
                43,
                41,
                39
            ],
            "translation": [
                -0.0,
                -1.6595330238342286,
                -0.0
            ],
            "rotation": [
                -0.3433752357959748,
                -0.004828907549381256,
                -0.007474036421626806,
                -0.939153492450714
            ],
            "scale": [
                0.9999995231628418,
                0.999990940093994,
                0.9999918341636658
            ],
            "name": "R_wrist_s"
        },
        {
            "children": [
                40
            ],
            "translation": [
                -1.1029269695281985,
                2.9119150638580324,
                1.2466230392456058
            ],
            "rotation": [
                0.5,
                0.0,
                0.0,
                -0.0
            ],
            "scale": [
                0.0,
                0.0,
                0.0
            ],
            "name": "R_gunbone_01_s"
        },
        {
            "matrix": [
                -0.04216231033205986,
                0.0,
                0.9990445971488952,
                0.0,
                0.0,
                -0.9998724460601808,
                0.0,
                0.0,
                0.9990445971488952,
                0.0,
                0.04228992760181427,
                0.0,
                0.1445939987897873,
                -0.5472300052642822,
                -0.005747999995946884,
                1.0
            ],
            "name": "flash_s"
        },
        {
            "children": [
                42
            ],
            "matrix": [
                -0.08307629823684693,
                0.803642213344574,
                0.5892135500907898,
                0.0,
                0.3669314384460449,
                0.5744375586509705,
                -0.7316766381263733,
                0.0,
                -0.92648583650589,
                0.15539373457431794,
                -0.3425973653793335,
                0.0,
                -0.539322018623352,
                -0.32059600949287417,
                -0.02484400011599064,
                1.0
            ],
            "name": "R_thumb_01_s"
        },
        {
            "matrix": [
                0.9975093603134156,
                0.020810026675462724,
                -0.0673934817314148,
                0.0,
                0.06727740168571472,
                0.006267904303967953,
                0.9976752996444702,
                0.0,
                0.02118225209414959,
                -0.9997246861457824,
                0.004852295387536287,
                0.0,
                0.0,
                -0.5183969736099243,
                -0.0,
                1.0
            ],
            "name": "R_thumb_02_s"
        },
        {
            "children": [
                44
            ],
            "matrix": [
                -0.9907310009002686,
                0.13213025033473969,
                -0.028138866648077969,
                0.0,
                0.061602722853422168,
                0.25657254457473757,
                -0.9645212292671204,
                0.0,
                -0.1202302873134613,
                -0.9574118256568908,
                -0.2622595429420471,
                0.0,
                -0.4251109957695008,
                -0.9479870200157166,
                -0.07823999971151352,
                1.0
            ],
            "name": "R_index_01_s"
        },
        {
            "matrix": [
                0.9985726475715636,
                -0.004283024463802576,
                0.05323966965079308,
                0.0,
                -0.05336100608110428,
                -0.03658042848110199,
                0.9978793263435364,
                0.0,
                -0.002325178124010563,
                -0.9992966055870056,
                -0.03675676882266998,
                0.0,
                0.0,
                -0.39184999465942385,
                -0.0,
                1.0
            ],
            "name": "R_index_02_s"
        },
        {
            "children": [
                46
            ],
            "matrix": [
                -0.971367597579956,
                -0.00646901223808527,
                -0.23727835714817048,
                0.0,
                0.23714715242385865,
                0.016532117500901227,
                -0.9713065028190612,
                0.0,
                0.010200230404734612,
                -0.9998167753219605,
                -0.014474271796643734,
                0.0,
                0.045892998576164249,
                -0.9661960005760192,
                0.034846000373363498,
                1.0
            ],
            "name": "R_middle_01_s"
        },
        {
            "matrix": [
                0.9977864027023317,
                -0.0009259602520614862,
                -0.06649608910083771,
                0.0,
                0.06321536004543305,
                -0.297213077545166,
                0.9526538848876952,
                0.0,
                -0.020649638026952745,
                -0.9547486305236816,
                -0.29649651050567629,
                0.0,
                -0.0,
                -0.3749229907989502,
                -0.0,
                1.0
            ],
            "name": "R_middle_02_s"
        },
        {
            "translation": [
                0.0,
                -0.5531780123710632,
                0.0
            ],
            "rotation": [
                -0.0,
                0.017193691805005078,
                -0.0,
                -0.9998522400856018
            ],
            "scale": [
                1.000000238418579,
                1.0,
                1.000000238418579
            ],
            "name": "R_forearm_twist_s"
        },
        {
            "children": [
                49
            ],
            "translation": [
                0.09883300215005876,
                0.937071979045868,
                0.3707039952278137
            ],
            "rotation": [
                -0.008858070708811283,
                0.15550833940505982,
                -0.05628564208745957,
                -0.9861891865730286
            ],
            "scale": [
                0.9999969005584716,
                0.999999463558197,
                0.9999975562095642
            ],
            "name": "L_clavicle_s"
        },
        {
            "children": [
                53,
                52,
                50
            ],
            "translation": [
                1.0411030054092408,
                -0.0,
                -0.6982060074806213
            ],
            "rotation": [
                0.6877796649932861,
                0.4096657335758209,
                0.5948594808578491,
                -0.07237348705530167
            ],
            "scale": [
                0.9999608397483826,
                0.9999388456344605,
                0.99995219707489
            ],
            "name": "L_shoulder_s"
        },
        {
            "children": [
                51
            ],
            "translation": [
                -0.2650040090084076,
                1.244724988937378,
                -0.25315800309181216
            ],
            "rotation": [
                -0.701184868812561,
                -0.3562382161617279,
                -0.13022172451019288,
                -0.6009088754653931
            ],
            "scale": [
                0.9972417950630188,
                0.9971901774406432,
                0.9971745014190674
            ],
            "name": "L_wraps_01_s"
        },
        {
            "translation": [
                -0.0,
                0.010293000377714634,
                -0.6446229815483093
            ],
            "rotation": [
                -0.3012755513191223,
                0.04979148879647255,
                0.15492059290409089,
                -0.9406906962394714
            ],
            "scale": [
                1.0027434825897217,
                1.002738118171692,
                1.0027388334274293
            ],
            "name": "L_wraps_02_s"
        },
        {
            "translation": [
                -0.0,
                0.03999999910593033,
                -0.0
            ],
            "rotation": [
                -0.0,
                -0.16236932575702668,
                -0.0,
                -0.9867296814918518
            ],
            "scale": [
                0.9999984502792358,
                1.0,
                0.9999984502792358
            ],
            "name": "L_shoulder_twist_s"
        },
        {
            "children": [
                63,
                54
            ],
            "translation": [
                0.0,
                1.6888099908828736,
                0.0
            ],
            "rotation": [
                -0.002860422944650054,
                -0.00221451953984797,
                0.6751825213432312,
                -0.737626314163208
            ],
            "scale": [
                0.9999748468399048,
                0.9999752044677734,
                1.0000004768371585
            ],
            "name": "L_elbow_s"
        },
        {
            "children": [
                61,
                59,
                57,
                55
            ],
            "translation": [
                0.0,
                1.659533977508545,
                0.0
            ],
            "rotation": [
                -0.0911039412021637,
                -0.09095017611980438,
                0.183192178606987,
                -0.9746114611625673
            ],
            "scale": [
                0.9999982714653016,
                0.999998152256012,
                0.999998927116394
            ],
            "name": "L_wrist_s"
        },
        {
            "children": [
                56
            ],
            "translation": [
                0.3567399978637696,
                0.8176789879798889,
                -0.4702950119972229
            ],
            "rotation": [
                0.04773437231779099,
                0.713923990726471,
                0.18087999522686008,
                -0.6747365593910217
            ],
            "scale": [
                0.9999574422836304,
                0.999996781349182,
                0.9999597668647766
            ],
            "name": "L_gunbone_01_s"
        },
        {
            "matrix": [
                0.9999772310256958,
                -0.006475433241575956,
                0.002165974117815495,
                0.0,
                0.006442192476242781,
                0.9998669624328612,
                0.015016202814877034,
                0.0,
                -0.002262924797832966,
                -0.015001890249550345,
                0.9998849034309388,
                0.0,
                -0.0,
                0.7625010013580322,
                0.0,
                1.0
            ],
            "name": "L_gunbone_02_s"
        },
        {
            "children": [
                58
            ],
            "matrix": [
                0.2273697555065155,
                0.6432177424430847,
                0.7310799956321716,
                0.0,
                0.7324002385139465,
                0.3818691074848175,
                -0.5636397004127502,
                0.0,
                -0.6417144536972046,
                0.6636040806770325,
                -0.3842670321464539,
                0.0,
                0.5393229722976685,
                0.320592999458313,
                0.02483800053596497,
                1.0
            ],
            "name": "L_thumb_01_s"
        },
        {
            "matrix": [
                0.9975112676620485,
                0.020804354920983316,
                -0.06736084073781967,
                0.0,
                0.04385874420404434,
                0.5649450421333313,
                0.8239595293998718,
                0.0,
                0.05519704893231392,
                -0.8248631954193115,
                0.5626264810562134,
                0.0,
                0.0,
                0.5183950066566467,
                -0.0,
                1.0
            ],
            "name": "L_thumb_02_s"
        },
        {
            "children": [
                60
            ],
            "matrix": [
                -0.990729033946991,
                0.13216081261634828,
                -0.028127511963248258,
                0.0,
                0.12901178002357484,
                0.987192451953888,
                0.0938391461968422,
                0.0,
                0.04016971960663796,
                0.08934948593378067,
                -0.995089828968048,
                0.0,
                0.4533329904079437,
                1.1639050245285037,
                0.09877300262451172,
                1.0
            ],
            "name": "L_index_01_s"
        },
        {
            "matrix": [
                0.9985710382461548,
                -0.004326063673943281,
                0.053256310522556308,
                0.0,
                -0.038176678121089938,
                0.639596700668335,
                0.7677403092384338,
                0.0,
                -0.0373830795288086,
                -0.7686761617660523,
                0.638517439365387,
                0.0,
                0.0,
                0.39184901118278506,
                0.0,
                1.0
            ],
            "name": "L_index_02_s"
        },
        {
            "children": [
                62
            ],
            "matrix": [
                -0.5919402241706848,
                -0.6747041940689087,
                -0.4408059120178223,
                0.0,
                -0.10315857827663422,
                0.6058915257453919,
                -0.7888201475143433,
                0.0,
                0.7993086576461792,
                -0.42148828506469729,
                -0.4282406270503998,
                0.0,
                -0.13409100472927094,
                0.9881160259246826,
                -0.03346899896860123,
                1.0
            ],
            "name": "L_middle_01_s"
        },
        {
            "matrix": [
                0.9977894425392152,
                -0.0009056481067091228,
                -0.06644953787326813,
                0.0,
                0.046948742121458057,
                0.7173054814338684,
                0.6951481103897095,
                0.0,
                0.04703379049897194,
                -0.6967315673828125,
                0.715762734413147,
                0.0,
                0.0,
                0.3749220073223114,
                -0.0,
                1.0
            ],
            "name": "L_middle_02_s"
        },
        {
            "translation": [
                0.0,
                0.5531780123710632,
                0.0
            ],
            "rotation": [
                -0.0,
                -0.016762955114245416,
                -0.0,
                -0.9998594522476196
            ],
            "scale": [
                0.9999997615814208,
                1.0,
                0.9999997615814208
            ],
            "name": "L_forearm_twist_s"
        },
        {
            "children": [
                65
            ],
            "translation": [
                0.008484999649226666,
                1.4245299100875857,
                -0.19863200187683104
            ],
            "rotation": [
                0.015040584839880469,
                -0.0008304617367684841,
                -0.0008304617367684841,
                -0.999886155128479
            ],
            "scale": [
                0.9999998807907105,
                0.9999998807907105,
                1.0
            ],
            "name": "neck_s"
        },
        {
            "children": [
                70,
                66
            ],
            "translation": [
                -0.00031800000579096377,
                1.6315929889678956,
                0.029767999425530438
            ],
            "rotation": [
                -0.0141177112236619,
                -0.201677143573761,
                -0.00030757428612560034,
                -0.979349672794342
            ],
            "scale": [
                0.9999971985816956,
                1.0000003576278689,
                0.9999979138374328
            ],
            "name": "head_s"
        },
        {
            "children": [
                67
            ],
            "matrix": [
                -0.5020565986633301,
                0.47692054510116579,
                -0.721383810043335,
                0.0,
                0.2724713087081909,
                0.8789421319961548,
                0.3914235830307007,
                0.0,
                0.8207356929779053,
                -0.00002764165765256621,
                -0.5712243318557739,
                0.0,
                -0.4651489853858948,
                2.9336369037628176,
                1.1425549983978272,
                1.0
            ],
            "name": "hair_01_s"
        },
        {
            "children": [
                68
            ],
            "translation": [
                1.5189839601516724,
                0.057193998247385028,
                0.11137200146913529
            ],
            "rotation": [
                -0.009349956177175044,
                0.03475471585988999,
                0.6372110843658447,
                -0.7698208689689636
            ],
            "scale": [
                0.99994957447052,
                0.999949872493744,
                0.9999993443489076
            ],
            "name": "hair_02_s"
        },
        {
            "children": [
                69
            ],
            "translation": [
                1.7964110374450684,
                0.016090000048279764,
                0.02930399961769581
            ],
            "rotation": [
                0.9531289339065552,
                -0.3021973669528961,
                -0.004890521988272667,
                0.013256699778139592
            ],
            "scale": [
                0.9999958276748656,
                0.9999596476554872,
                0.9999553561210632
            ],
            "name": "hair_03_s"
        },
        {
            "translation": [
                1.763113021850586,
                -0.16614100337028504,
                0.02131499908864498
            ],
            "rotation": [
                0.9016093015670776,
                -0.43187299370765688,
                0.007720256689935923,
                0.021499838680028917
            ],
            "scale": [
                0.9999758005142212,
                0.999894917011261,
                0.9998711943626404
            ],
            "name": "hair_04_s"
        },
        {
            "translation": [
                1.985718011856079,
                0.05632200092077255,
                0.12599900364875794
            ],
            "rotation": [
                -0.16298110783100129,
                -0.0897795632481575,
                -0.11613823473453522,
                -0.975646197795868
            ],
            "scale": [
                0.9999970197677612,
                0.9999945163726808,
                0.9999959468841552
            ],
            "name": "earring_s"
        }
    ],
    "meshes": [
        {
            "primitives": [
                {
                    "attributes": {
                        "JOINTS_0": 1,
                        "NORMAL": 2,
                        "POSITION": 3,
                        "WEIGHTS_0": 4
                    },
                    "indices": 0,
                    "mode": 4,
                    "material": 0
                }
            ],
            "name": "flashGeo-mesh"
        },
        {
            "primitives": [
                {
                    "attributes": {
                        "JOINTS_0": 6,
                        "NORMAL": 7,
                        "POSITION": 8,
                        "WEIGHTS_0": 9
                    },
                    "indices": 5,
                    "mode": 4,
                    "material": 1
                }
            ],
            "name": "necklace_GEO-mesh"
        },
        {
            "primitives": [
                {
                    "attributes": {
                        "JOINTS_0": 11,
                        "NORMAL": 12,
                        "POSITION": 13,
                        "WEIGHTS_0": 14
                    },
                    "indices": 10,
                    "mode": 4,
                    "material": 1
                }
            ],
            "name": "bandage_GEO-mesh"
        },
        {
            "primitives": [
                {
                    "attributes": {
                        "JOINTS_0": 16,
                        "NORMAL": 17,
                        "POSITION": 18,
                        "WEIGHTS_0": 19
                    },
                    "indices": 15,
                    "mode": 4,
                    "material": 1
                }
            ],
            "name": "bracelets_GEO-mesh"
        },
        {
            "primitives": [
                {
                    "attributes": {
                        "JOINTS_0": 21,
                        "NORMAL": 22,
                        "POSITION": 23,
                        "WEIGHTS_0": 24
                    },
                    "indices": 20,
                    "mode": 4,
                    "material": 1
                }
            ],
            "name": "earring_GEO-mesh"
        },
        {
            "primitives": [
                {
                    "attributes": {
                        "JOINTS_0": 26,
                        "NORMAL": 27,
                        "POSITION": 28,
                        "WEIGHTS_0": 29
                    },
                    "indices": 25,
                    "mode": 4,
                    "material": 1
                }
            ],
            "name": "phone_GEO-mesh"
        },
        {
            "primitives": [
                {
                    "attributes": {
                        "JOINTS_0": 31,
                        "NORMAL": 32,
                        "POSITION": 33,
                        "WEIGHTS_0": 34
                    },
                    "indices": 30,
                    "mode": 4,
                    "material": 1
                },
                {
                    "attributes": {
                        "JOINTS_0": 36,
                        "NORMAL": 37,
                        "POSITION": 38,
                        "WEIGHTS_0": 39
                    },
                    "indices": 35,
                    "mode": 4,
                    "material": 2
                }
            ],
            "name": "hairspray_GEO-mesh"
        },
        {
            "primitives": [
                {
                    "attributes": {
                        "JOINTS_0": 41,
                        "NORMAL": 42,
                        "POSITION": 43,
                        "WEIGHTS_0": 44
                    },
                    "indices": 40,
                    "mode": 4,
                    "material": 1
                }
            ],
            "name": "hair_GEO-mesh"
        },
        {
            "primitives": [
                {
                    "attributes": {
                        "JOINTS_0": 46,
                        "NORMAL": 47,
                        "POSITION": 48,
                        "WEIGHTS_0": 49
                    },
                    "indices": 45,
                    "mode": 4,
                    "material": 1
                }
            ],
            "name": "bag_strap_GEO-mesh"
        },
        {
            "primitives": [
                {
                    "attributes": {
                        "JOINTS_0": 51,
                        "NORMAL": 52,
                        "POSITION": 53,
                        "WEIGHTS_0": 54
                    },
                    "indices": 50,
                    "mode": 4,
                    "material": 1
                }
            ],
            "name": "bag_GEO-mesh"
        },
        {
            "primitives": [
                {
                    "attributes": {
                        "JOINTS_0": 56,
                        "NORMAL": 57,
                        "POSITION": 58,
                        "WEIGHTS_0": 59
                    },
                    "indices": 55,
                    "mode": 4,
                    "material": 1
                }
            ],
            "name": "shoes_GEO-mesh"
        },
        {
            "primitives": [
                {
                    "attributes": {
                        "JOINTS_0": 61,
                        "NORMAL": 62,
                        "POSITION": 63,
                        "WEIGHTS_0": 64
                    },
