{
    "asset": {
        "generator": "COLLADA2GLTF",
        "version": "2.0"
    },
    "scenes": [
        {
            "nodes": [
                0
            ]
        }
    ],
    "scene": 0,
    "nodes": [
        {
            "children": [
                1
            ],
            "name": "Y_UP"
        },
        {
            "children": [
                9,
                2
            ],
            "name": "CHARACTER"
        },
        {
            "children": [
                8,
                7,
                6,
                5,
                4,
                3
            ],
            "name": "GEO"
        },
        {
            "mesh": 0,
            "skin": 0,
            "name": "eyebrowsGEO"
        },
        {
            "mesh": 1,
            "skin": 1,
            "name": "gunGEO"
        },
        {
            "mesh": 2,
            "skin": 2,
            "name": "backpackGEO"
        },
        {
            "mesh": 3,
            "skin": 3,
            "name": "walletGEO"
        },
        {
            "mesh": 4,
            "skin": 4,
            "name": "necklaceGEO"
        },
        {
            "mesh": 5,
            "skin": 5,
            "name": "bodyGEO1"
        },
        {
            "children": [
                10
            ],
            "name": "Root"
        },
        {
            "children": [
                69,
                17,
                13,
                12,
                11
            ],
            "translation": [
                0.2329079955816269,
                3.991091012954712,
                -0.0005099999834783375
            ],
            "rotation": [
                0.5097828507423401,
                0.3102561235427857,
                0.6361985206604004,
                0.4889598786830902
            ],
            "scale": [
                0.9999675154685974,
                0.999957799911499,
                0.9999766945838928
            ],
            "name": "hips_s"
        },
        {
            "translation": [
                0.681689977645874,
                2.028393030166626,
                -1.7045409679412842
            ],
            "rotation": [
                -0.2849827706813812,
                0.291687548160553,
                -0.6941573023796082,
                -0.5930885076522827
            ],
            "scale": [
                0.9999417066574096,
                0.9999418258666992,
                0.9999828338623048
            ],
            "name": "R_strap_button_s"
        },
        {
            "translation": [
                0.7213159799575806,
                1.819573998451233,
                1.9198830127716065
            ],
            "rotation": [
                0.2452380508184433,
                0.3711788058280945,
                0.6863530874252319,
                -0.5752053260803223
            ],
            "scale": [
                0.9999142289161682,
                0.9999247193336488,
                0.9999717473983764
            ],
            "name": "L_strap_button_s"
        },
        {
            "children": [
                14
            ],
            "translation": [
                -0.466948002576828,
                -0.06443200260400772,
                1.6749709844589234
            ],
            "rotation": [
                0.8455067873001099,
                -0.5174726247787476,
                -0.0003998387255705893,
                -0.13155199587345124
            ],
            "scale": [
                0.9999816417694092,
                0.9999510645866394,
                0.9999327659606934
            ],
            "name": "L_upperLeg_s"
        },
        {
            "children": [
                15
            ],
            "translation": [
                -1.418300986289978,
                -0.0,
                -0.0
            ],
            "rotation": [
                -0.0,
                -0.0,
                0.17793475091457368,
                -0.984042227268219
            ],
            "scale": [
                0.9999998211860656,
                0.9999998211860656,
                1.0
            ],
            "name": "L_lowerLeg_s"
        },
        {
            "children": [
                16
            ],
            "translation": [
                -1.449092984199524,
                0.0,
                0.0
            ],
            "rotation": [
                0.5395208597183228,
                -0.42763692140579226,
                -0.5168550610542297,
                -0.5086464881896973
            ],
            "scale": [
                0.9999420046806336,
                0.999928653240204,
                0.999939262866974
            ],
            "name": "L_ankle_s"
        },
        {
            "translation": [
                -0.0035359999164938928,
                0.62363600730896,
                -0.9970080256462096
            ],
            "rotation": [
                -0.0,
                -0.0,
                -0.0,
                -1.0
            ],
            "name": "L_toe_s"
        },
        {
            "children": [
                18
            ],
            "translation": [
                0.7550179958343506,
                -0.12656299769878388,
                -0.00039000000106170774
            ],
            "rotation": [
                -0.06550332903862,
                -0.009599106386303902,
                0.004407136235386133,
                -0.9866376519203186
            ],
            "scale": [
                0.9705199599266052,
                0.9705194234848024,
                0.970519483089447
            ],
            "name": "spine_lower_s"
        },
        {
            "children": [
                19
            ],
            "translation": [
                0.7904549837112427,
                -0.13946500420570374,
                -0.005530999973416328
            ],
            "rotation": [
                -0.06607747822999954,
                -0.023396717384457589,
                0.046793434768915179,
                -0.9906957745552064
            ],
            "scale": [
                0.9848116636276244,
                0.9848120212554932,
                0.9848121404647828
            ],
            "name": "spine_mid_s"
        },
        {
            "children": [
                20
            ],
            "translation": [
                1.0053869485855105,
                -0.02582699991762638,
                0.002096999902278185
            ],
            "rotation": [
                -0.06869101524353028,
                -0.02819685824215412,
                0.04670492187142372,
                -1.0019487142562869
            ],
            "scale": [
                1.0154221057891846,
                1.015421748161316,
                1.0154222249984742
            ],
            "name": "spine_upper_s"
        },
        {
            "children": [
                62,
                48,
                36,
                34,
                23,
                22,
                21
            ],
            "translation": [
                1.005748987197876,
                -0.022489000111818318,
                0.0005050000036135316
            ],
            "rotation": [
                -0.0646798387169838,
                0.025571104139089586,
                0.02892417833209038,
                -1.0085383653640748
            ],
            "scale": [
                1.0303759574890137,
                1.0303752422332764,
                1.030375361442566
            ],
            "name": "ChestBone"
        },
        {
            "translation": [
                0.05140199884772301,
                1.8327490091323853,
                -2.6925079822540285
            ],
            "rotation": [
                0.42630574107170107,
                -0.49105125665664675,
                0.5784657001495361,
                0.4923740327358246
            ],
            "scale": [
                0.9999110698699952,
                0.9999204277992249,
                0.9999344348907472
            ],
            "name": "R_strap_01_s"
        },
        {
            "translation": [
                -0.04270200058817864,
                2.2212419509887697,
                2.020521879196167
            ],
            "rotation": [
                0.4933706223964691,
                0.4899260103702545,
                0.5091782808303833,
                -0.5070963501930237
            ],
            "scale": [
                0.999948799610138,
                0.999947726726532,
                0.9999504685401917
            ],
            "name": "L_strap_01_s"
        },
        {
            "children": [
                33,
                31,
                24
            ],
            "translation": [
                0.7749300003051758,
                -1.8180429935455325,
                -0.08225999772548676
            ],
            "rotation": [
                0.37296390533447268,
                0.5979660749435425,
                0.3795454204082489,
                -0.5992892980575562
            ],
            "scale": [
                0.999925434589386,
                0.9999582767486572,
                0.9999266266822816
            ],
            "name": "back_Item_01_s"
        },
        {
            "children": [
                25
            ],
            "translation": [
                -5.582907199859619,
                -0.39552798867225649,
                -1.9191960096359256
            ],
            "rotation": [
                -0.3878688514232636,
                0.9070360064506532,
                0.010363219305872918,
                -0.16540558636188508
            ],
            "scale": [
                1.002137303352356,
                0.9999843835830689,
                0.9998953938484192
            ],
            "name": "cable_01_s"
        },
        {
            "children": [
                26
            ],
            "translation": [
                1.646939992904663,
                0.0,
                -0.0
            ],
            "rotation": [
                0.13442127406597138,
                -0.3626430630683899,
                0.1972048580646515,
                -0.9008520841598512
            ],
            "scale": [
                1.0012269020080569,
                0.9998411536216736,
                0.9988632202148438
            ],
            "name": "cable_02_s"
        },
        {
            "children": [
                27
            ],
            "translation": [
                1.5647269487380982,
                0.0,
                0.0
            ],
            "rotation": [
                0.1347840577363968,
                0.06720896065235138,
                -0.2974453866481781,
                -0.9427819848060608
            ],
            "scale": [
                1.0007452964782718,
                0.999339520931244,
                0.9999033212661744
            ],
            "name": "cable_03_s"
        },
        {
            "children": [
                28
            ],
            "translation": [
                1.810863018035889,
                -0.0,
                -0.0
            ],
            "rotation": [
                0.06665622442960739,
                -0.239096000790596,
                -0.25670430064201357,
                -0.9340845942497252
            ],
            "scale": [
                1.0009440183639529,
                0.999409019947052,
                0.9996131062507628
            ],
            "name": "cable_04_s"
        },
        {
            "children": [
                29
            ],
            "translation": [
                1.8255319595336917,
                -0.0,
                -0.0
            ],
            "rotation": [
                0.028661971911787988,
                -0.12387610226869585,
                -0.16409966349601746,
                -0.9782160520553588
            ],
            "scale": [
                1.000357985496521,
                0.9997588396072388,
                0.9998782873153688
            ],
            "name": "cable_05_s"
        },
        {
            "children": [
                30
            ],
            "translation": [
                1.763409972190857,
                0.0,
                -0.0
            ],
            "rotation": [
                -0.00993433129042387,
                0.107498437166214,
                0.021500801667571069,
                -0.993923008441925
            ],
            "scale": [
                1.0001055002212525,
                0.9999957084655762,
                0.9998977184295654
            ],
            "name": "cable_06_s"
        },
        {
            "translation": [
                1.253061056137085,
                0.0,
                0.0
            ],
            "rotation": [
                -0.0,
                -0.0,
                -0.0,
                -0.9997223019599916
            ],
            "scale": [
                0.9977790117263794,
                1.0,
                1.0
            ],
            "name": "cable_07_s"
        },
        {
            "children": [
                32
            ],
            "translation": [
                3.775366067886353,
                -3.822109937667847,
                -1.818979024887085
            ],
            "rotation": [
                -0.24805770814418794,
                0.01531718485057354,
                0.5469878911972046,
                -0.7993877530097961
            ],
            "scale": [
                0.9999827146530153,
                0.9999791383743286,
                0.9999969601631165
            ],
            "name": "wallet_chain_01_s"
        },
        {
            "translation": [
                0.4228709936141968,
                -0.023439999669790269,
                0.08614899963140488
            ],
            "rotation": [
                -0.2524248361587525,
                0.4061804413795471,
                0.11057236045598984,
                -0.8712412118911743
            ],
            "scale": [
                0.9999869465827942,
                0.9999939799308776,
                0.999983251094818
            ],
            "name": "wallet_chain_02_s"
        },
        {
            "translation": [
                -0.026497000828385354,
                -0.39330998063087466,
                -1.79107403755188
            ],
            "rotation": [
                0.0034756099339574577,
                0.011749406345188618,
                -0.0006459098658524454,
                -0.9999247789382936
            ],
            "scale": [
                1.000000238418579,
                1.0000003576278689,
                0.9999999403953552
            ],
            "name": "generator_s"
        },
        {
            "children": [
                35
            ],
            "translation": [
                2.2067949771881105,
                -0.5928540229797363,
                0.0
            ],
            "rotation": [
                0.5141815543174744,
                0.8575331568717957,
                0.01211865060031414,
                0.007074340712279081
            ],
            "scale": [
                0.9999160766601564,
                0.9999694228172302,
                0.9998851418495178
            ],
            "name": "necklace_01_s"
        },
        {
            "translation": [
                3.355599880218506,
                0.0,
                0.0
            ],
            "rotation": [
                -0.1074979603290558,
                0.20057068765163425,
                0.20066295564174653,
                -0.9528630375862122
            ],
            "scale": [
                0.9999971389770508,
                0.999997615814209,
                0.9999980926513672
            ],
            "name": "necklace_02_s"
        },
        {
            "children": [
                37
            ],
            "translation": [
                0.12035999447107317,
                1.1535069942474366,
                0.9675899744033814
            ],
            "rotation": [
                -0.7048811912536621,
                -0.02888176217675209,
                0.7075263261795044,
                0.04075434058904648
            ],
            "scale": [
                0.99994558095932,
                0.999892234802246,
                0.999946653842926
            ],
            "name": "L_clavicle_s"
        },
        {
            "children": [
                38
            ],
            "translation": [
                -2.177690029144287,
                1.2120980024337769,
                -0.1411149948835373
            ],
            "rotation": [
                0.1439143419265747,
                -0.3964643180370331,
                0.2649758756160736,
                -0.8671127557754517
            ],
            "scale": [
                0.9999887943267822,
                0.9999953508377076,
                0.9999918937683106
            ],
            "name": "L_shoulder_s"
        },
        {
            "children": [
                39
            ],
            "translation": [
                -1.115332007408142,
                0.0,
                -0.0
            ],
            "rotation": [
                -0.005628651939332485,
                -0.0,
                -0.0,
                -0.9999840259552002
            ],
            "scale": [
                1.0,
                0.9999995827674866,
                0.9999995827674866
            ],
            "name": "L_shoulder_twist_01_s"
        },
        {
            "children": [
                40
            ],
            "translation": [
                -1.115332007408142,
                0.0,
                -0.0
            ],
            "rotation": [
                -0.005382491275668144,
                0.0015993689885362986,
                -0.28468775749206545,
                -0.958601415157318
            ],
            "scale": [
                0.9999912977218628,
                0.999991774559021,
                0.9999995827674866
            ],
            "name": "L_elbow_s"
        },
        {
            "children": [
                41
            ],
            "translation": [
                -0.7914469838142395,
                0.0,
                -0.0
            ],
            "rotation": [
                -0.0,
                -0.0,
                -0.0,
                -1.0
            ],
            "name": "L_forearm_twist_01_s"
        },
        {
            "children": [
                46,
                44,
                42
            ],
            "translation": [
                -0.7914469838142395,
                0.0,
                -0.0
            ],
            "rotation": [
                -0.0,
                -0.0,
                -0.0006459009600803256,
                -0.9999997615814208
            ],
            "scale": [
                0.9999998807907105,
                0.9999998807907105,
                1.0
            ],
            "name": "L_wrist_s"
        },
        {
            "children": [
                43
            ],
            "matrix": [
                0.7376382946968079,
                -0.38250288367271426,
                0.5563949942588806,
                0.0,
                -0.35302165150642397,
                -0.9209114909172058,
                -0.16509324312210084,
                0.0,
                0.5755515098571777,
                -0.07464297115802765,
                -0.8143273591995239,
                0.0,
                -1.5299420356750489,
                0.29672199487686159,
                -0.2658360004425049,
                1.0
            ],
            "name": "L_middle_01_s"
        },
        {
            "matrix": [
                0.9495910406112672,
                -0.017429690808057786,
                0.3130052983760834,
                0.0,
                0.014152413234114649,
                0.9998189210891724,
                0.01273944601416588,
                0.0,
                -0.3131705820560456,
                -0.0076674544252455238,
                0.9496656060218812,
                0.0,
                -0.06072400137782097,
                0.009561000391840937,
                -0.6808850169181824,
                1.0
            ],
            "name": "L_middle_02_s"
        },
        {
            "children": [
                45
            ],
            "matrix": [
                0.2109261006116867,
                0.005773850716650486,
                0.977442741394043,
                0.0,
                0.18024112284183506,
                -0.9829601049423218,
                -0.03307847678661347,
                0.0,
                0.9606976509094238,
                0.18316027522087098,
                -0.20829039812088016,
                0.0,
                -1.5185999870300294,
                -0.772072970867157,
                -0.2861030101776123,
                1.0
            ],
            "name": "L_index_01_s"
        },
        {
            "matrix": [
                0.979264199733734,
                -0.043232258409261706,
                0.19792097806930546,
                0.0,
                0.03815153986215592,
                0.9988389015197754,
                0.02941350638866425,
                0.0,
                -0.1989627629518509,
                -0.021252483129501344,
                0.9797763824462892,
                0.0,
                0.05302000045776367,
                0.019051000475883485,
                -0.7156199812889099,
                1.0
            ],
            "name": "L_index_02_s"
        },
        {
            "children": [
                47
            ],
            "matrix": [
                -0.6403266191482544,
                0.11197450757026673,
                -0.759820282459259,
                0.0,
                -0.07525864243507385,
                0.9754053950309752,
                0.20716655254364017,
                0.0,
                0.7643308639526367,
                0.18985150754451753,
                -0.6161496639251709,
                0.0,
                -0.4320339858531952,
                -0.7785399556159973,
                0.09602300077676772,
                1.0
            ],
            "name": "L_thumb_01_s"
        },
        {
            "matrix": [
                0.9998233318328856,
                0.018758084625005727,
                -0.001133454847149551,
                0.0,
                -0.015938756987452508,
                0.8784115314483643,
                0.4776395857334137,
                0.0,
                0.009955225512385369,
                -0.4775370359420777,
                0.8785550594329834,
                0.0,
                0.010830000042915345,
                -0.009274999611079693,
                -0.7525349855422974,
                1.0
            ],
            "name": "L_thumb_02_s"
        },
        {
            "children": [
                49
            ],
            "translation": [
                0.12035999447107317,
                1.1535069942474366,
                -0.9675899744033814
            ],
            "rotation": [
                -0.06763628870248795,
                -0.7024765014648438,
                -0.06074658036231995,
                -0.7058711051940918
            ],
            "scale": [
                0.9999921321868897,
                0.9999995231628418,
                0.9999920725822448
            ],
            "name": "R_clavicle_s"
        },
        {
            "children": [
                50
            ],
            "translation": [
                2.177690029144287,
                -1.2120980024337769,
                0.1411149948835373
            ],
            "rotation": [
                -0.05656339973211289,
                -0.34187158942222597,
                -0.1882063150405884,
                -0.9189665913581848
            ],
            "scale": [
                0.9999950528144836,
                0.9999990463256836,
                0.9999952912330629
            ],
            "name": "R_shoulder_s"
        },
        {
            "children": [
                51
            ],
            "translation": [
                1.115332007408142,
                0.0,
                -0.0
            ],
            "rotation": [
                -0.0640687569975853,
                -0.0,
                -0.0,
                -0.9979454874992372
            ],
            "scale": [
                1.0,
                0.9999998211860656,
                0.9999998211860656
            ],
            "name": "R_shoulder_twist_01_s"
        },
        {
            "children": [
                52
            ],
            "translation": [
                1.115332007408142,
                0.0,
                -0.0
            ],
            "rotation": [
                -0.06142349913716316,
                0.039892975240945819,
                -0.38690340518951418,
                -0.9192063212394714
            ],
            "scale": [
                0.9999980926513672,
                0.9999977350234984,
                1.0
            ],
            "name": "R_elbow_s"
        },
        {
            "children": [
                53
            ],
            "translation": [
                0.7914469838142395,
                0.0,
                -0.0
            ],
            "rotation": [
                0.10254570841789246,
                -0.0,
                -0.0,
                -0.9947282075881958
            ],
            "scale": [
                1.0,
                0.9999997615814208,
                0.9999997615814208
            ],
            "name": "R_forearm_twist_01_s"
        },
        {
            "children": [
                60,
                58,
                56,
                54
            ],
            "translation": [
                0.7914469838142395,
                0.0,
                -0.0
            ],
            "rotation": [
                0.1016230508685112,
                0.05945441126823425,
                0.06732835620641709,
                -0.9907594919204712
            ],
            "scale": [
                0.9999997615814208,
                0.9999994039535524,
                0.9999990463256836
            ],
            "name": "R_wrist_s"
        },
        {
            "children": [
                55
            ],
            "matrix": [
                -0.1410704255104065,
                0.13475185632705689,
                -0.9807626008987428,
                0.0,
                -0.3721417486667633,
                0.910814106464386,
                0.17867399752140046,
                0.0,
                0.9173685312271118,
                0.3901998102664948,
                -0.07833922654390335,
                0.0,
                2.0989749431610109,
                -1.469292998313904,
                -0.6778069734573364,
                1.0
            ],
            "name": "gunbone_01_s"
        },
        {
            "matrix": [
                1.0,
                0.0,
                0.0,
                0.0,
                0.0,
                1.0,
                0.0,
                0.0,
                0.0,
                0.0,
                1.0,
                0.0,
                0.0,
                -0.007147999946027994,
                2.444591999053955,
                1.0
            ],
            "name": "cannon_s"
        },
        {
            "children": [
                57
            ],
            "matrix": [
                0.6940782070159912,
                -0.6630536317825317,
                -0.28033995628356936,
                0.0,
                -0.6556203365325928,
                -0.7429674863815308,
                0.1342296451330185,
                0.0,
                -0.297308623790741,
                0.09063992649316788,
                -0.9503844976425172,
                0.0,
                1.5299420356750489,
                -0.29672199487686159,
                0.2658360004425049,
                1.0
            ],
            "name": "R_middle_01_s"
        },
        {
            "matrix": [
                0.5772777795791626,
                -0.01859419420361519,
                0.8163309693336487,
                0.0,
                0.014183193445205689,
                0.9998183846473694,
                0.012743767350912094,
                0.0,
                -0.8164194822311401,
                0.004221642855554819,
                0.5774365067481995,
                0.0,
                0.06072400137782097,
                -0.009561000391840937,
                0.6808850169181824,
                1.0
            ],
            "name": "R_middle_02_s"
        },
        {
            "children": [
                59
            ],
            "matrix": [
                0.3271768093109131,
                -0.2315753996372223,
                0.916140615940094,
                0.0,
                -0.20756091177463532,
                -0.9634206295013428,
                -0.1694063246250153,
                0.0,
                0.921878695487976,
                -0.1347324103116989,
                -0.3632616400718689,
                0.0,
                1.5185999870300294,
                0.772072970867157,
                0.2861030101776123,
                1.0
            ],
            "name": "R_index_01_s"
        },
        {
            "matrix": [
                0.5304584503173828,
                -0.045163094997406009,
                0.846498966217041,
                0.0,
                0.038137249648571017,
                0.9988400936126708,
                0.02939209155738354,
                0.0,
                -0.8468444347381592,
                0.01669256202876568,
                0.5315654873847961,
                0.0,
                -0.05302000045776367,
                -0.019051000475883485,
                0.7156199812889099,
                1.0
            ],
            "name": "R_index_02_s"
        },
        {
            "children": [
                61
            ],
            "matrix": [
                -0.6905241012573242,
                -0.4438892900943756,
                -0.5709036588668823,
                0.0,
                -0.5078907608985901,
                0.8597149848937988,
                -0.05403492972254753,
                0.0,
                0.5147966146469116,
                0.25265660881996157,
                -0.8191006183624268,
                0.0,
                0.4320339858531952,
                0.7785399556159973,
                -0.09602300077676772,
                1.0
            ],
            "name": "R_thumb_01_s"
        },
        {
            "matrix": [
                0.999823808670044,
                0.01872950606048107,
                -0.0011950082844123245,
                0.0,
                -0.009742371737957,
                0.5723849534988403,
                0.8199262619018555,
                0.0,
                0.016040833666920667,
                -0.8197698593139648,
                0.5724664330482483,
                0.0,
                -0.010830000042915345,
                0.009274999611079693,
                0.7525349855422974,
                1.0
            ],
            "name": "R_thumb_02_s"
        },
        {
            "children": [
                63
            ],
            "translation": [
                1.4096590280532838,
                0.4437170028686524,
                -0.0
            ],
            "rotation": [
                -0.003075802233070135,
                -0.008766033686697483,
                0.039585571736097339,
                -0.9991729259490968
            ],
            "scale": [
                0.9999995231628418,
                1.0,
                0.9999999403953552
            ],
            "name": "neck_s"
        },
        {
            "children": [
                68,
                67,
                65,
                64
            ],
            "translation": [
                0.7641270160675049,
                0.09549500048160552,
                -0.005807000212371349
            ],
            "rotation": [
                0.042814116925001147,
                0.03592447936534882,
                0.0161783192306757,
                -0.9983058571815492
            ],
            "scale": [
                0.9999997615814208,
                1.0000001192092896,
                0.9999998211860656
            ],
            "name": "HeadBone"
        },
        {
            "matrix": [
                -0.24036388099193577,
                0.4997017085552216,
                0.832153856754303,
                0.0,
                0.969811737537384,
                0.08781583607196808,
                0.22742339968681336,
                0.0,
                0.0405825637280941,
                0.8617162108421326,
                -0.5057136416435242,
                0.0,
                1.5532599687576297,
                2.0696489810943605,
                -0.7541419863700867,
                1.0
            ],
            "name": "R_eyeBrow_s"
        },
        {
            "children": [
                66
            ],
            "translation": [
                2.165924072265625,
                -1.1594480276107789,
                -0.04483700171113014
            ],
            "rotation": [
                0.004459823481738567,
                0.01670125871896744,
                0.7155396938323975,
                -0.6983433365821838
            ],
            "scale": [
                0.9999797940254213,
                0.9999799132347108,
                0.9999998211860656
            ],
            "name": "hair_back_01_s"
        },
        {
            "matrix": [
                1.0,
                0.0,
                0.0,
                0.0,
                0.0,
                1.0,
                0.0,
                0.0,
                0.0,
                0.0,
                1.0,
                0.0,
                1.7284469604492188,
                0.0,
                -0.0,
                1.0
            ],
            "name": "hair_back_02_s"
        },
        {
            "translation": [
                3.4208879470825197,
                1.0200649499893189,
                -0.06266599893569946
            ],
            "rotation": [
                0.9485459923744202,
                0.31628453731536868,
                0.0026144301518797876,
                0.013656550087034704
            ],
            "scale": [
                0.9999937415122986,
                0.9999436736106872,
                0.9999374747276306
            ],
            "name": "hair_front_s"
        },
        {
            "matrix": [
                0.24039825797080997,
                -0.4997017085552216,
                0.832153856754303,
                0.0,
                -0.969811737537384,
                -0.08778151124715805,
                0.22742339968681336,
                0.0,
                -0.0405825637280941,
                -0.8617162108421326,
                -0.5057136416435242,
                0.0,
                1.5533089637756348,
                2.069650888442993,
                0.7541419863700867,
                1.0
            ],
            "name": "L_eyeBrow_s"
        },
        {
            "children": [
                70
            ],
            "translation": [
                -0.466948002576828,
                -0.06443200260400772,
                -1.6749709844589234
            ],
            "rotation": [
                -0.2704550921916962,
                0.9531289339065552,
                0.07381918281316757,
                0.11374307423830033
            ],
            "scale": [
                0.9999772906303406,
                0.999997854232788,
                0.9999751448631288
            ],
            "name": "R_upperLeg_s"
        },
        {
            "children": [
                71
            ],
            "translation": [
                1.418300986289978,
                0.0,
                0.0
            ],
            "rotation": [
                -0.0,
                -0.0,
                0.4161814749240875,
                -0.9092793464660645
            ],
            "scale": [
                0.9999932050704956,
                0.9999932050704956,
                1.0
            ],
            "name": "R_lowerLeg_s"
        },
        {
            "children": [
                72
            ],
            "translation": [
                1.449092984199524,
                -0.0,
                0.0
            ],
            "rotation": [
                0.3870110511779785,
                -0.6337102651596069,
                -0.24343881011009217,
                -0.6239535212516785
            ],
            "scale": [
                0.9999688267707824,
                0.9999855756759644,
                0.9999627470970154
            ],
            "name": "R_ankle_s"
        },
        {
            "translation": [
                0.0035359999164938928,
                -0.62363600730896,
                0.9970080256462096
            ],
            "rotation": [
                -0.0,
                -0.0,
                -0.0,
                -1.0
            ],
            "name": "R_toe_s"
        }
    ],
    "meshes": [
        {
            "primitives": [
                {
                    "attributes": {
                        "JOINTS_0": 1,
                        "NORMAL": 2,
                        "POSITION": 3,
                        "WEIGHTS_0": 4
                    },
                    "indices": 0,
                    "mode": 4,
                    "material": 0
                }
            ],
            "name": "eyebrowsGEO-mesh"
        },
        {
            "primitives": [
                {
                    "attributes": {
                        "JOINTS_0": 6,
                        "NORMAL": 7,
                        "POSITION": 8,
                        "WEIGHTS_0": 9
                    },
                    "indices": 5,
                    "mode": 4,
                    "material": 1
                },
                {
                    "attributes": {
                        "JOINTS_0": 11,
                        "NORMAL": 12,
                        "POSITION": 13,
                        "WEIGHTS_0": 14
                    },
                    "indices": 10,
                    "mode": 4,
                    "material": 2
                }
            ],
            "name": "gunGEO-mesh"
        },
        {
            "primitives": [
                {
                    "attributes": {
                        "JOINTS_0": 16,
                        "NORMAL": 17,
                        "POSITION": 18,
                        "WEIGHTS_0": 19
                    },
                    "indices": 15,
                    "mode": 4,
                    "material": 3
                },
                {
                    "attributes": {
                        "JOINTS_0": 21,
                        "NORMAL": 22,
                        "POSITION": 23,
                        "WEIGHTS_0": 24
                    },
                    "indices": 20,
                    "mode": 4,
                    "material": 0
                }
            ],
            "name": "backpackGEO-mesh"
        },
        {
            "primitives": [
                {
                    "attributes": {
