{
    "asset": {
        "generator": "COLLADA2GLTF",
        "version": "2.0"
    },
    "scenes": [
        {
            "nodes": [
                0
            ]
        }
    ],
    "scene": 0,
    "nodes": [
        {
            "children": [
                1
            ],
            "name": "Y_UP"
        },
        {
            "children": [
                9,
                2
            ],
            "name": "CHARACTER"
        },
        {
            "children": [
                8,
                7,
                6,
                5,
                4,
                3
            ],
            "name": "GEO"
        },
        {
            "mesh": 0,
            "skin": 0,
            "name": "eyebrowsGEO"
        },
        {
            "mesh": 1,
            "skin": 1,
            "name": "gunGEO"
        },
        {
            "mesh": 2,
            "skin": 2,
            "name": "backpackGEO"
        },
        {
            "mesh": 3,
            "skin": 3,
            "name": "walletGEO"
        },
        {
            "mesh": 4,
            "skin": 4,
            "name": "necklaceGEO"
        },
        {
            "mesh": 5,
            "skin": 5,
            "name": "bodyGEO1"
        },
        {
            "children": [
                10
            ],
            "name": "Root"
        },
        {
            "children": [
                69,
                17,
                13,
                12,
                11
            ],
            "translation": [
                0.2574450075626374,
                3.845099925994873,
                0.4294250011444092
            ],
            "rotation": [
                0.5857247114181519,
                0.6921164989471436,
                0.27872902154922488,
                0.3164997100830078
            ],
            "scale": [
                0.9999564290046692,
                0.9999668598175048,
                0.9999346137046814
            ],
            "name": "hips_s"
        },
        {
            "translation": [
                0.6627470254898071,
                1.976876974105835,
                -1.8196439743041993
            ],
            "rotation": [
                -0.3772275149822235,
                0.2831128239631653,
                -0.6032257080078125,
                -0.6431213021278381
            ],
            "scale": [
                0.9999620914459229,
                0.9999570846557616,
                0.9999811053276062
            ],
            "name": "R_strap_button_s"
        },
        {
            "translation": [
                0.6813009977340698,
                1.9727989435195926,
                1.8166860342025757
            ],
            "rotation": [
                0.2784112691879273,
                0.37898609042167666,
                0.6537371873855591,
                -0.5928208827972412
            ],
            "scale": [
                0.999970316886902,
                0.9999739527702332,
                0.999988853931427
            ],
            "name": "L_strap_button_s"
        },
        {
            "children": [
                14
            ],
            "translation": [
                -0.466948002576828,
                -0.06443200260400772,
                1.6749709844589234
            ],
            "rotation": [
                0.9878239035606384,
                0.08993639796972275,
                -0.10879106819629668,
                -0.06505317986011505
            ],
            "scale": [
                0.999998152256012,
                0.9999052286148072,
                0.9999057054519652
            ],
            "name": "L_upperLeg_s"
        },
        {
            "children": [
                15
            ],
            "translation": [
                -1.418300986289978,
                -0.0,
                -0.0
            ],
            "rotation": [
                -0.0,
                -0.0,
                0.14062216877937318,
                -0.990062952041626
            ],
            "scale": [
                0.9999985694885254,
                0.9999985694885254,
                1.0
            ],
            "name": "L_lowerLeg_s"
        },
        {
            "children": [
                16
            ],
            "translation": [
                -1.449092984199524,
                0.0,
                0.0
            ],
            "rotation": [
                -0.5245160460472107,
                0.4888062775135041,
                0.6024262309074402,
                0.3506719768047333
            ],
            "scale": [
                0.9999237060546876,
                0.9999193549156188,
                0.9999353885650636
            ],
            "name": "L_ankle_s"
        },
        {
            "matrix": [
                1.0,
                0.0,
                0.0,
                0.0,
                0.0,
                1.0,
                0.0,
                0.0,
                0.0,
                0.0,
                1.0,
                0.0,
                -0.0035359999164938928,
                0.62363600730896,
                -0.9970080256462096,
                1.0
            ],
            "name": "L_toe_s"
        },
        {
            "children": [
                18
            ],
            "translation": [
                0.7071890234947205,
                -0.13061900436878205,
                -0.009430999867618084
            ],
            "rotation": [
                -0.0012917876010760666,
                -0.00599758792668581,
                0.000338325509801507,
                -0.9999634623527528
            ],
            "scale": [
                0.9999534487724304,
                0.9999526143074036,
                0.9999526143074036
            ],
            "name": "spine_lower_s"
        },
        {
            "children": [
                19
            ],
            "translation": [
                0.7114980220794678,
                -0.13009800016880036,
                0.004658999852836132
            ],
            "rotation": [
                -0.001414845697581768,
                0.008427558466792107,
                -0.010057706385850908,
                -0.9999040365219116
            ],
            "scale": [
                0.9999763369560242,
                0.999976396560669,
                0.9999762773513794
            ],
            "name": "spine_mid_s"
        },
        {
            "children": [
                20
            ],
            "translation": [
                0.8697080016136169,
                -0.019183000549674039,
                -0.004889000207185745
            ],
            "rotation": [
                -0.0013841200852766634,
                0.006028611678630114,
                -0.0003998567699454725,
                -0.9999895095825196
            ],
            "scale": [
                1.0000230073928834,
                1.0000231266021729,
                1.000023603439331
            ],
            "name": "spine_upper_s"
        },
        {
            "children": [
                62,
                48,
                36,
                34,
                23,
                22,
                21
            ],
            "translation": [
                0.8737549781799316,
                -0.01803399994969368,
                -0.000311999989207834
            ],
            "rotation": [
                -0.001568707753904164,
                0.007412912324070931,
                -0.0005229024682193995,
                -0.9999887347221376
            ],
            "scale": [
                1.000046730041504,
                1.000046730041504,
                1.000047206878662
            ],
            "name": "ChestBone"
        },
        {
            "matrix": [
                -0.000008344650268554688,
                0.0,
                1.0000083446502686,
                0.0,
                -1.0000083446502686,
                -0.000008344650268554688,
                0.0,
                0.0,
                0.0,
                -1.0000083446502686,
                -0.000008344650268554688,
                0.0,
                -0.07578600198030472,
                1.9991120100021365,
                -2.3137898445129396,
                1.0
            ],
            "name": "R_strap_01_s"
        },
        {
            "translation": [
                0.04467000067234039,
                1.9991140365600589,
                2.315176010131836
            ],
            "rotation": [
                0.5216376781463623,
                0.47725796699523928,
                0.47725796699523928,
                -0.5217351913452148
            ],
            "scale": [
                0.9999534487724304,
                0.9999489188194276,
                0.9999490976333618
            ],
            "name": "L_strap_01_s"
        },
        {
            "children": [
                33,
                31,
                24
            ],
            "translation": [
                0.4968110024929047,
                -1.6960159540176392,
                -0.015561999753117562
            ],
            "rotation": [
                0.49789297580718996,
                0.4954015612602234,
                0.4957092702388764,
                -0.5106940865516663
            ],
            "scale": [
                0.9999500513076782,
                0.999950110912323,
                0.9999502897262572
            ],
            "name": "back_Item_01_s"
        },
        {
            "children": [
                25
            ],
            "translation": [
                -5.563912868499756,
                -0.3356730043888092,
                -1.823722004890442
            ],
            "rotation": [
                -0.2622634768486023,
                0.972709059715271,
                0.025762252509593965,
                -0.04651026055216789
            ],
            "scale": [
                1.0662847757339478,
                0.9999973177909852,
                0.9999657869338988
            ],
            "name": "cable_01_s"
        },
        {
            "children": [
                26
            ],
            "translation": [
                1.646939992904663,
                0.0,
                -0.0
            ],
            "rotation": [
                0.20408354699611665,
                -0.11278272420167925,
                0.24739409983158112,
                -0.9406505227088928
            ],
            "scale": [
                1.0185303688049317,
                0.989571213722229,
                0.9938512444496156
            ],
            "name": "cable_02_s"
        },
        {
            "children": [
                27
            ],
            "translation": [
                1.5647269487380982,
                0.0,
                0.0
            ],
            "rotation": [
                0.21390417218208314,
                -0.2746025323867798,
                0.08168428391218186,
                -0.9339861273765564
            ],
            "scale": [
                1.0204261541366578,
                0.9999765753746032,
                0.9818055629730224
            ],
            "name": "cable_03_s"
        },
        {
            "children": [
                28
            ],
            "translation": [
                1.810863018035889,
                -0.0,
                -0.0
            ],
            "rotation": [
                0.09261727333068848,
                -0.326758086681366,
                -0.06892397999763489,
                -0.9384403228759766
            ],
            "scale": [
                1.0266778469085694,
                0.9977310299873352,
                0.9780790209770204
            ],
            "name": "cable_04_s"
        },
        {
            "children": [
                29
            ],
            "translation": [
                1.8255319595336917,
                -0.0,
                -0.0
            ],
            "rotation": [
                0.04602846875786781,
                -0.23558786511421204,
                -0.20222802460193638,
                -0.9500560760498048
            ],
            "scale": [
                1.0234020948410037,
                0.9899044632911682,
                0.9888430833816528
            ],
            "name": "cable_05_s"
        },
        {
            "children": [
                30
            ],
            "translation": [
                1.763409972190857,
                0.0,
                -0.0
            ],
            "rotation": [
                0.0010667083552107216,
                0.023740729317069058,
                -0.138014554977417,
                -0.9902235865592957
            ],
            "scale": [
                1.0052345991134644,
                0.9955005645751952,
                0.9998648762702942
            ],
            "name": "cable_06_s"
        },
        {
            "translation": [
                1.253061056137085,
                0.0,
                0.0
            ],
            "rotation": [
                -0.0,
                -0.0,
                -0.0,
                -0.9921953082084656
            ],
            "scale": [
                0.9378060102462769,
                1.0,
                1.0
            ],
            "name": "cable_07_s"
        },
        {
            "children": [
                32
            ],
            "translation": [
                3.775366067886353,
                -3.822109937667847,
                -1.818979024887085
            ],
            "rotation": [
                -0.346145898103714,
                0.1397317349910736,
                0.4977191686630249,
                -0.7828940749168396
            ],
            "scale": [
                0.999990701675415,
                0.9999879598617554,
                0.9999953508377076
            ],
            "name": "wallet_chain_01_s"
        },
        {
            "translation": [
                0.4492740035057068,
                0.0040799998678267,
                0.04207900166511536
            ],
            "rotation": [
                -0.0038446616381406786,
                0.17586982250213624,
                0.1606450229883194,
                -0.971208155155182
            ],
            "scale": [
                0.9999943375587465,
                0.9999977350234984,
                0.9999968409538268
            ],
            "name": "wallet_chain_02_s"
        },
        {
            "translation": [
                0.0,
                -0.3273909986019135,
                -1.805912971496582
            ],
            "rotation": [
                -0.0019685078877955677,
                -0.0067052291706204418,
                0.0003075793501920998,
                -0.999975562095642
            ],
            "scale": [
                1.000000238418579,
                1.0,
                0.9999998211860656
            ],
            "name": "generator_s"
        },
        {
            "children": [
                35
            ],
            "translation": [
                2.2067949771881105,
                -0.5928540229797363,
                0.0
            ],
            "rotation": [
                0.4717968702316284,
                0.8816165328025818,
                0.00959649495780468,
                -0.006982066202908754
            ],
            "scale": [
                0.9999704957008362,
                0.9999909996986388,
                0.9999620914459229
            ],
            "name": "necklace_01_s"
        },
        {
            "translation": [
                3.355597972869873,
                -0.00009899999713525176,
                0.003704000031575561
            ],
            "rotation": [
                0.026082539930939676,
                -0.03558667004108429,
                0.1728583574295044,
                -0.983957588672638
            ],
            "scale": [
                0.9999986290931702,
                0.9999988675117492,
                0.9999995231628418
            ],
            "name": "necklace_02_s"
        },
        {
            "children": [
                37
            ],
            "translation": [
                0.12035999447107317,
                1.1535069942474366,
                0.9675899744033814
            ],
            "rotation": [
                -0.6069169044494629,
                0.0,
                0.7947559952735901,
                0.0
            ],
            "scale": [
                0.9999812841415404,
                0.9999703764915466,
                0.9999890327453612
            ],
            "name": "L_clavicle_s"
        },
        {
            "children": [
                38
            ],
            "translation": [
                -2.1452999114990236,
                1.220296025276184,
                -0.01280099991708994
            ],
            "rotation": [
                0.04970456659793854,
                -0.3084696829319,
                0.0517653226852417,
                -0.9485225081443788
            ],
            "scale": [
                0.9999973177909852,
                1.000000238418579,
                0.999997615814209
            ],
            "name": "L_shoulder_s"
        },
        {
            "children": [
                39
            ],
            "matrix": [
                1.0,
                0.0,
                -0.0,
                0.0,
                -0.0,
                0.7929418087005615,
                -0.609279215335846,
                0.0,
                0.0,
                0.609279215335846,
                0.7929418087005615,
                0.0,
                -1.115332007408142,
                -0.0,
                -0.0,
                1.0
            ],
            "name": "L_shoulder_twist_01_s"
        },
        {
            "children": [
                40
            ],
            "translation": [
                -1.115332007408142,
                -0.0,
                -0.0
            ],
            "rotation": [
                0.2253587990999222,
                -0.22966480255126954,
                -0.6757996082305908,
                -0.6631268262863159
            ],
            "scale": [
                0.9999797344207764,
                0.9999800324440002,
                0.9999960660934448
            ],
            "name": "L_elbow_s"
        },
        {
            "children": [
                41
            ],
            "translation": [
                -0.7914469838142395,
                0.0,
                -0.0
            ],
            "rotation": [
                -0.0461982898414135,
                -0.0,
                -0.0,
                -0.998932123184204
            ],
            "scale": [
                1.0,
                0.999999463558197,
                0.999999463558197
            ],
            "name": "L_forearm_twist_01_s"
        },
        {
            "children": [
                46,
                44,
                42
            ],
            "translation": [
                -0.7914469838142395,
                0.0,
                -0.0
            ],
            "rotation": [
                -0.04386045038700104,
                -0.02082295343279839,
                -0.3245551288127899,
                -0.9446186423301696
            ],
            "scale": [
                0.999996542930603,
                0.9999957084655762,
                0.9999997615814208
            ],
            "name": "L_wrist_s"
        },
        {
            "children": [
                43
            ],
            "matrix": [
                0.8504235744476318,
                -0.3894013464450836,
                0.3537573218345642,
                0.0,
                -0.3530133664608002,
                -0.9209204912185668,
                -0.16509298980236054,
                0.0,
                0.3900760114192963,
                0.015516707673668862,
                -0.9206355214118958,
                0.0,
                -1.5299420356750489,
                0.29672199487686159,
                -0.2658360004425049,
                1.0
            ],
            "name": "L_middle_01_s"
        },
        {
            "matrix": [
                0.3222225308418274,
                -0.01662234030663967,
                0.9464828968048096,
                0.0,
                0.014187523163855076,
                0.9998185634613036,
                0.012728880159556866,
                0.0,
                -0.946523129940033,
                0.009327789768576622,
                0.3224000036716461,
                0.0,
                -0.06072400137782097,
                0.009561000391840937,
                -0.6808850169181824,
                1.0
            ],
            "name": "L_middle_02_s"
        },
        {
            "children": [
                45
            ],
            "matrix": [
                0.6690732836723328,
                0.16499961912631989,
                0.7246420979499817,
                0.0,
                0.2687975764274597,
                -0.9627318382263184,
                -0.028964262455701829,
                0.0,
                0.6928771138191223,
                0.2141639143228531,
                -0.6884810924530029,
                0.0,
                -1.5185999870300294,
                -0.772072970867157,
                -0.2861030101776123,
                1.0
            ],
            "name": "L_index_01_s"
        },
        {
            "matrix": [
                0.979264199733734,
                -0.043232258409261706,
                0.19792097806930546,
                0.0,
                0.03815153986215592,
                0.9988389015197754,
                0.02941350638866425,
                0.0,
                -0.1989627629518509,
                -0.021252483129501344,
                0.9797763824462892,
                0.0,
                0.05302000045776367,
                0.019051000475883485,
                -0.7156199812889099,
                1.0
            ],
            "name": "L_index_02_s"
        },
        {
            "children": [
                47
            ],
            "matrix": [
                -0.8423566222190857,
                -0.06913740187883377,
                -0.5342545509338379,
                0.0,
                -0.03673529624938965,
                0.996795415878296,
                -0.07106182724237442,
                0.0,
                0.5374555587768555,
                -0.04024024680256844,
                -0.842196524143219,
                0.0,
                -0.4320339858531952,
                -0.7785399556159973,
                0.09602300077676772,
                1.0
            ],
            "name": "L_thumb_01_s"
        },
        {
            "matrix": [
                0.999823808670044,
                0.018728258088231088,
                -0.00117041717749089,
                0.0,
                0.0004821356851607561,
                0.03675313666462898,
                0.9992849230766296,
                0.0,
                0.01875859498977661,
                -0.9991087913513184,
                0.03673760965466499,
                0.0,
                0.010830000042915345,
                -0.009274999611079693,
                -0.7525349855422974,
                1.0
            ],
            "name": "L_thumb_02_s"
        },
        {
            "children": [
                49
            ],
            "translation": [
                0.12035999447107317,
                1.1535069942474366,
                -0.9675899744033814
            ],
            "rotation": [
                -0.08716622740030289,
                -0.6951459050178528,
                -0.08553607016801834,
                -0.7084033489227295
            ],
            "scale": [
                0.9999777674674988,
                0.9999993443489076,
                0.9999776482582092
            ],
            "name": "R_clavicle_s"
        },
        {
            "children": [
                50
            ],
            "translation": [
                2.177690029144287,
                -1.2120980024337769,
                0.1411149948835373
            ],
            "rotation": [
                0.06846608221530914,
                -0.4889820218086243,
                0.09085753560066225,
                -0.8648380637168884
            ],
            "scale": [
                0.999987006187439,
                0.9999990463256836,
                0.9999867081642152
            ],
            "name": "R_shoulder_s"
        },
        {
            "children": [
                51
            ],
            "translation": [
                1.115332007408142,
                0.0,
                -0.0
            ],
            "rotation": [
                0.07538706064224243,
                -0.0,
                -0.0,
                -0.9971542954444884
            ],
            "scale": [
                1.0,
                0.9999998807907105,
                0.9999998807907105
            ],
            "name": "R_shoulder_twist_01_s"
        },
        {
            "children": [
                52
            ],
            "translation": [
                1.115332007408142,
                0.0,
                -0.0
            ],
            "rotation": [
                0.06305304914712906,
                -0.04133819416165352,
                -0.5467467904090881,
                -0.8338915705680847
            ],
            "scale": [
                0.999988853931427,
                0.9999884366989136,
                1.0
            ],
            "name": "R_elbow_s"
        },
        {
            "children": [
                53
            ],
            "translation": [
                0.7914469838142395,
                0.0,
                -0.0
            ],
            "rotation": [
                -0.06945080310106278,
                -0.0,
                -0.0,
                -0.9975853562355042
            ],
            "scale": [
                1.0,
                0.9999998807907105,
                0.9999998807907105
            ],
            "name": "R_forearm_twist_01_s"
        },
        {
            "children": [
                60,
                58,
                56,
                54
            ],
            "translation": [
                0.7914469838142395,
                0.0,
                -0.0
            ],
            "rotation": [
                -0.06735976785421372,
                -0.016793807968497278,
                -0.2582123875617981,
                -0.9635903835296632
            ],
            "scale": [
                0.999998927116394,
                0.9999985098838806,
                1.0000003576278689
            ],
            "name": "R_wrist_s"
        },
        {
            "children": [
                55
            ],
            "matrix": [
                -0.1410704255104065,
                0.13475185632705689,
                -0.9807626008987428,
                0.0,
                -0.3721417486667633,
                0.910814106464386,
                0.17867399752140046,
                0.0,
                0.9173685312271118,
                0.3901998102664948,
                -0.07833922654390335,
                0.0,
                2.0989749431610109,
                -1.469292998313904,
                -0.6778069734573364,
                1.0
            ],
            "name": "gunbone_01_s"
        },
        {
            "matrix": [
                1.0,
                0.0,
                0.0,
                0.0,
                0.0,
                1.0,
                0.0,
                0.0,
                0.0,
                0.0,
                1.0,
                0.0,
                0.0,
                -0.007147999946027994,
                2.444591999053955,
                1.0
            ],
            "name": "cannon_s"
        },
        {
            "children": [
                57
            ],
            "matrix": [
                0.6940782070159912,
                -0.6630536317825317,
                -0.28033995628356936,
                0.0,
                -0.6556203365325928,
                -0.7429674863815308,
                0.1342296451330185,
                0.0,
                -0.297308623790741,
                0.09063992649316788,
                -0.9503844976425172,
                0.0,
                1.5299420356750489,
                -0.29672199487686159,
                0.2658360004425049,
                1.0
            ],
            "name": "R_middle_01_s"
        },
        {
            "matrix": [
                0.5772777795791626,
                -0.01859419420361519,
                0.8163309693336487,
                0.0,
                0.014183193445205689,
                0.9998183846473694,
                0.012743767350912094,
                0.0,
                -0.8164194822311401,
                0.004221642855554819,
                0.5774365067481995,
                0.0,
                0.06072400137782097,
                -0.009561000391840937,
                0.6808850169181824,
                1.0
            ],
            "name": "R_middle_02_s"
        },
        {
            "children": [
                59
            ],
            "matrix": [
                0.3271768093109131,
                -0.2315753996372223,
                0.916140615940094,
                0.0,
                -0.20756091177463532,
                -0.9634206295013428,
                -0.1694063246250153,
                0.0,
                0.921878695487976,
                -0.1347324103116989,
                -0.3632616400718689,
                0.0,
                1.5185999870300294,
                0.772072970867157,
                0.2861030101776123,
                1.0
            ],
            "name": "R_index_01_s"
        },
        {
            "matrix": [
                0.5304584503173828,
                -0.045163094997406009,
                0.846498966217041,
                0.0,
                0.038137249648571017,
                0.9988400936126708,
                0.02939209155738354,
                0.0,
                -0.8468444347381592,
                0.01669256202876568,
                0.5315654873847961,
                0.0,
                -0.05302000045776367,
                -0.019051000475883485,
                0.7156199812889099,
                1.0
            ],
            "name": "R_index_02_s"
        },
        {
            "children": [
                61
            ],
            "matrix": [
                -0.6905241012573242,
                -0.4438892900943756,
                -0.5709036588668823,
                0.0,
                -0.5078907608985901,
                0.8597149848937988,
                -0.05403492972254753,
                0.0,
                0.5147966146469116,
                0.25265660881996157,
                -0.8191006183624268,
                0.0,
                0.4320339858531952,
                0.7785399556159973,
                -0.09602300077676772,
                1.0
            ],
            "name": "R_thumb_01_s"
        },
        {
            "matrix": [
                0.999823808670044,
                0.01872950606048107,
                -0.0011950082844123245,
                0.0,
                -0.009742371737957,
                0.5723849534988403,
                0.8199262619018555,
                0.0,
                0.016040833666920667,
                -0.8197698593139648,
                0.5724664330482483,
                0.0,
                -0.010830000042915345,
                0.009274999611079693,
                0.7525349855422974,
                1.0
            ],
            "name": "R_thumb_02_s"
        },
        {
            "children": [
                63
            ],
            "matrix": [
                0.9999949932098388,
                0.003137232502922416,
                0.0,
                0.0,
                -0.003137232502922416,
                0.9999949932098388,
                0.0,
                0.0,
                0.0,
                0.0,
                1.0,
                0.0,
                1.4096590280532838,
                0.4437170028686524,
                -0.0,
                1.0
            ],
            "name": "neck_s"
        },
        {
            "children": [
                68,
                67,
                65,
                64
            ],
            "translation": [
                0.6090160012245178,
                0.12894099950790406,
                -0.0
            ],
            "rotation": [
                0.2820407748222351,
                -0.013902119360864165,
                -0.07956811040639878,
                -0.9559929370880128
            ],
            "scale": [
                0.999999225139618,
                0.9999890327453612,
                0.9999895095825196
            ],
            "name": "HeadBone"
        },
        {
            "matrix": [
                -0.24036388099193577,
                0.4997017085552216,
                0.832153856754303,
                0.0,
                0.969811737537384,
                0.08781583607196808,
                0.22742339968681336,
                0.0,
                0.0405825637280941,
                0.8617162108421326,
                -0.5057136416435242,
                0.0,
                1.5532599687576297,
                2.0696489810943605,
                -0.7541419863700867,
                1.0
            ],
            "name": "R_eyeBrow_s"
        },
        {
            "children": [
                66
            ],
            "translation": [
                2.155627012252808,
                -1.1124119758605958,
                0.0
            ],
            "rotation": [
                -0.012579810805618765,
                -0.01162632368505001,
                0.7034235000610352,
                -0.7105527520179749
            ],
            "scale": [
                0.9999828338623048,
                0.999983251094818,
                1.0000003576278689
            ],
            "name": "hair_back_01_s"
        },
        {
            "matrix": [
                1.0,
                0.0,
                0.0,
                0.0,
                0.0,
                1.0,
                0.0,
                0.0,
                0.0,
                0.0,
                1.0,
                0.0,
                1.7284469604492188,
                -0.0,
                -0.0,
                1.0
            ],
            "name": "hair_back_02_s"
        },
        {
            "translation": [
                3.393990993499756,
                1.08474600315094,
                0.0
            ],
            "rotation": [
                0.9439324140548706,
                0.3299103081226349,
                0.004121571779251099,
                -0.010611512698233128
            ],
            "scale": [
                0.9999953508377076,
                0.9999620914459229,
                0.99995756149292
            ],
            "name": "hair_front_s"
        },
        {
            "matrix": [
                0.24039825797080997,
                -0.4997017085552216,
                0.832153856754303,
                0.0,
                -0.969811737537384,
                -0.08778151124715805,
                0.22742339968681336,
                0.0,
                -0.0405825637280941,
                -0.8617162108421326,
                -0.5057136416435242,
                0.0,
                1.5533089637756348,
                2.069650888442993,
                0.7541419863700867,
                1.0
            ],
            "name": "L_eyeBrow_s"
        },
        {
            "children": [
                70
            ],
            "translation": [
                -0.466948002576828,
                -0.06443200260400772,
                -1.6749709844589234
            ],
            "rotation": [
                -0.13484308123588566,
                0.9002867341041565,
                -0.37383273243904116,
                0.17747372388839725
            ],
            "scale": [
                0.9998986124992372,
                0.9999828338623048,
                0.999911904335022
            ],
            "name": "R_upperLeg_s"
        },
        {
            "children": [
                71
            ],
            "translation": [
                1.418300986289978,
                0.0,
                0.0
            ],
            "rotation": [
                -0.0,
                -0.0,
                0.11678671836853028,
                -0.9931567311286926
            ],
            "scale": [
                0.999998927116394,
                0.999998927116394,
                1.0
            ],
            "name": "R_lowerLeg_s"
        },
        {
            "children": [
                72
            ],
            "translation": [
                1.449092984199524,
                -0.0,
                0.0
            ],
            "rotation": [
                -0.49932533502578738,
                0.5247620940208435,
                0.6054096817970276,
                0.3297564387321472
            ],
            "scale": [
                0.9999505877494812,
                0.9999523758888244,
                0.9999593496322632
            ],
            "name": "R_ankle_s"
        },
        {
            "matrix": [
                1.0,
                0.0,
                0.0,
                0.0,
                0.0,
                1.0,
                0.0,
                0.0,
                0.0,
                0.0,
                1.0,
                0.0,
                0.0035359999164938928,
                -0.62363600730896,
                0.9970080256462096,
                1.0
            ],
            "name": "R_toe_s"
        }
    ],
    "meshes": [
        {
            "primitives": [
                {
                    "attributes": {
                        "JOINTS_0": 1,
                        "NORMAL": 2,
                        "POSITION": 3,
                        "WEIGHTS_0": 4
                    },
                    "indices": 0,
                    "mode": 4,
                    "material": 0
                }
            ],
            "name": "eyebrowsGEO-mesh"
        },
        {
            "primitives": [
                {
                    "attributes": {
                        "JOINTS_0": 6,
                        "NORMAL": 7,
                        "POSITION": 8,
                        "WEIGHTS_0": 9
                    },
                    "indices": 5,
                    "mode": 4,
                    "material": 1
                },
                {
                    "attributes": {
                        "JOINTS_0": 11,
                        "NORMAL": 12,
                        "POSITION": 13,
                        "WEIGHTS_0": 14
                    },
                    "indices": 10,
                    "mode": 4,
                    "material": 2
                }
            ],
            "name": "gunGEO-mesh"
        },
        {
            "primitives": [
                {
                    "attributes": {
                        "JOINTS_0": 16,
                        "NORMAL": 17,
                        "POSITION": 18,
                        "WEIGHTS_0": 19
                    },
                    "indices": 15,
                    "mode": 4,
                    "material": 3
                },
                {
