{
    "asset": {
        "generator": "COLLADA2GLTF",
        "version": "2.0"
    },
    "scenes": [
        {
            "nodes": [
                0
            ]
        }
    ],
    "scene": 0,
    "nodes": [
        {
            "children": [
                1
            ],
            "name": "Y_UP"
        },
        {
            "children": [
                13,
                2
            ],
            "name": "CHARACTER"
        },
        {
            "children": [
                12,
                11,
                10,
                9,
                8,
                7,
                6,
                5,
                4,
                3
            ],
            "name": "BibiGeo"
        },
        {
            "mesh": 0,
            "skin": 0,
            "name": "bubblegumGeo1"
        },
        {
            "mesh": 1,
            "skin": 1,
            "name": "bootsGeo"
        },
        {
            "mesh": 2,
            "skin": 2,
            "name": "earringsGeo"
        },
        {
            "mesh": 3,
            "skin": 3,
            "name": "zipGeo"
        },
        {
            "mesh": 4,
            "skin": 4,
            "name": "legsGeo"
        },
        {
            "mesh": 5,
            "skin": 5,
            "name": "batGeo"
        },
        {
            "mesh": 6,
            "skin": 6,
            "name": "bodyGeo"
        },
        {
            "mesh": 7,
            "skin": 7,
            "name": "headGeo"
        },
        {
            "mesh": 8,
            "skin": 8,
            "name": "handsGeo"
        },
        {
            "mesh": 9,
            "skin": 9,
            "name": "hairGeo"
        },
        {
            "children": [
                14
            ],
            "name": "Root"
        },
        {
            "children": [
                23,
                19,
                15
            ],
            "translation": [
                -0.06608999520540238,
                2.8324480056762697,
                -0.2297160029411316
            ],
            "rotation": [
                0.004213831853121519,
                0.33307719230651858,
                -0.010765262879431248,
                -0.9428282380104064
            ],
            "scale": [
                0.9999985694885254,
                1.0,
                0.9999985694885254
            ],
            "name": "hips_s"
        },
        {
            "children": [
                16
            ],
            "translation": [
                -0.6219210028648377,
                -0.04603099822998047,
                0.15723499655723573
            ],
            "rotation": [
                0.1891617476940155,
                0.9772432446479796,
                0.04549108445644379,
                0.08452298492193222
            ],
            "scale": [
                1.0000003576278689,
                1.0000001192092896,
                0.9999997615814208
            ],
            "name": "R_upperLeg_s"
        },
        {
            "children": [
                17
            ],
            "translation": [
                0.0,
                -1.0803910493850709,
                -0.0
            ],
            "rotation": [
                0.05804022774100304,
                -0.0,
                -0.0,
                -0.9983141422271729
            ],
            "scale": [
                1.0,
                0.9999996423721314,
                0.9999996423721314
            ],
            "name": "R_lowerLeg_s"
        },
        {
            "children": [
                18
            ],
            "translation": [
                0.0,
                -1.459285020828247,
                -0.0
            ],
            "rotation": [
                -0.00667449226602912,
                -0.08452299237251282,
                0.979550004005432,
                0.18230260908603669
            ],
            "scale": [
                0.9998859763145448,
                0.9998871088027954,
                0.9999995231628418
            ],
            "name": "R_ankle_s"
        },
        {
            "matrix": [
                -0.9998072981834412,
                -0.002173369051888585,
                0.012796580791473389,
                0.0,
                0.012975302524864674,
                -0.14124931395053864,
                0.9898267388343812,
                0.0,
                -0.00034307732130400836,
                0.9899092316627502,
                0.14137379825115205,
                0.0,
                -0.0019389999797567728,
                0.35902801156044009,
                -0.8621789813041687,
                1.0
            ],
            "name": "R_toes_s"
        },
        {
            "children": [
                20
            ],
            "translation": [
                0.6219210028648377,
                -0.04602999985218048,
                0.15723499655723573
            ],
            "rotation": [
                0.36199089884758,
                -0.03312636539340019,
                0.9165883660316468,
                -0.16643154621124268
            ],
            "scale": [
                0.999947190284729,
                0.9999388456344605,
                0.9999914765357972
            ],
            "name": "L_upperLeg_s"
        },
        {
            "children": [
                21
            ],
            "translation": [
                -0.0,
                1.0808850526809693,
                0.0
            ],
            "rotation": [
                -0.0,
                -0.0,
                -0.0,
                -1.0
            ],
            "name": "L_lowerLeg_s"
        },
        {
            "children": [
                22
            ],
            "translation": [
                -0.0,
                1.4599560499191285,
                -0.0
            ],
            "rotation": [
                0.006643728353083134,
                0.037370964884758,
                0.9837947487831116,
                0.17522835731506349
            ],
            "scale": [
                0.9999960064888,
                0.9999954104423524,
                0.9999999403953552
            ],
            "name": "L_ankle_s"
        },
        {
            "matrix": [
                -0.9998072981834412,
                -0.002173369051888585,
                0.012796580791473389,
                0.0,
                0.012975302524864674,
                -0.14124931395053864,
                0.9898267388343812,
                0.0,
                -0.00034307732130400836,
                0.9899092316627502,
                0.14137379825115205,
                0.0,
                0.0019389999797567728,
                -0.3590269982814789,
                0.8621789813041687,
                1.0
            ],
            "name": "L_toes_s"
        },
        {
            "children": [
                24
            ],
            "translation": [
                0.019063999876379968,
                0.3435699939727783,
                0.042045000940561298
            ],
            "rotation": [
                -0.01014989148825407,
                0.001445590751245618,
                0.012056839652359486,
                -0.999874711036682
            ],
            "scale": [
                0.9999997615814208,
                0.9999996423721314,
                1.0000001192092896
            ],
            "name": "spine_lower_s"
        },
        {
            "children": [
                25
            ],
            "translation": [
                0.0001920000067912042,
                0.460438996553421,
                0.01642600074410439
            ],
            "rotation": [
                0.045705877244472507,
                0.02774341031908989,
                -0.0005536382086575031,
                -0.9985693693161012
            ],
            "scale": [
                1.0,
                0.9999996423721314,
                0.999999463558197
            ],
            "name": "spine_mid_s"
        },
        {
            "children": [
                26
            ],
            "translation": [
                0.0007169999880716205,
                0.3929249942302704,
                0.002608000067993999
            ],
            "rotation": [
                0.010365230031311512,
                0.025344064459204678,
                1.4557372668422276e-11,
                -0.9996250867843628
            ],
            "scale": [
                1.0000001192092896,
                1.0000003576278689,
                0.9999996423721314
            ],
            "name": "spine_upper_s"
        },
        {
            "children": [
                57,
                46,
                31,
                30,
                29,
                28,
                27
            ],
            "translation": [
                0.009411999955773354,
                0.42217200994491579,
                0.0026539999525994064
            ],
            "rotation": [
                -0.024083133786916737,
                0.027251148596405984,
                0.013194969855248928,
                -0.9992513656616212
            ],
            "scale": [
                0.999999701976776,
                1.000000238418579,
                1.0000001192092896
            ],
            "name": "chest_s"
        },
        {
            "translation": [
                -0.9117779731750488,
                0.8262450098991394,
                0.384104996919632
            ],
            "rotation": [
                0.990592122077942,
                0.10257790237665177,
                0.009288916364312172,
                0.08981335908174515
            ],
            "scale": [
                0.9999985694885254,
                0.9998972415924072,
                0.99989652633667
            ],
            "name": "R_collar_s"
        },
        {
            "translation": [
                1.3556909561157229,
                0.791018009185791,
                0.34162500500679018
            ],
            "rotation": [
                0.09494704753160477,
                0.07197148352861405,
                0.08842651546001435,
                -0.9889310598373412
            ],
            "scale": [
                0.9999977946281432,
                0.9999985098838806,
                0.9999985098838806
            ],
            "name": "L_collar_s"
        },
        {
            "translation": [
                -0.8818939924240112,
                -1.0290310382843018,
                1.2735650539398194
            ],
            "rotation": [
                -0.0,
                -0.0,
                -0.0,
                -1.0
            ],
            "name": "R_jacket_s"
        },
        {
            "translation": [
                1.1311639547348025,
                -0.7916880249977112,
                1.276500940322876
            ],
            "rotation": [
                0.03069598786532879,
                -5.827458654517059e-11,
                -0.03678597882390022,
                -0.9988515973091126
            ],
            "name": "L_jacket_s"
        },
        {
            "children": [
                32
            ],
            "translation": [
                -0.0993340015411377,
                0.3679850101470947,
                0.33056798577308657
            ],
            "rotation": [
                0.999881148338318,
                0.013933375477790833,
                0.0,
                -0.0
            ],
            "scale": [
                1.0000001192092896,
                0.9999127984046936,
                0.9999126195907592
            ],
            "name": "R_clavicle_s"
        },
        {
            "children": [
                33
            ],
            "translation": [
                -1.1218960285186768,
                0.02369999885559082,
                0.541579008102417
            ],
            "rotation": [
                0.5079066753387451,
                0.2473866045475006,
                0.7114940881729126,
                -0.4177551567554474
            ],
            "scale": [
                0.9999004006385804,
                0.999866783618927,
                0.9999442100524902
            ],
            "name": "R_shoulder_s"
        },
        {
            "children": [
                45,
                34
            ],
            "translation": [
                0.0,
                -1.0368280410766602,
                0.0
            ],
            "rotation": [
                -0.04090777039527893,
                0.00870443508028984,
                0.2869079411029816,
                -0.9570438265800476
            ],
            "scale": [
                0.9999966621398926,
                0.99999737739563,
                0.999999701976776
            ],
            "name": "R_elbow_s"
        },
        {
            "children": [
                43,
                41,
                39,
                35
            ],
            "translation": [
                -0.0,
                -1.391116976737976,
                -0.0
            ],
            "rotation": [
                0.017193488776683809,
                0.3870226442813874,
                -0.05244167149066925,
                -0.9204148650169372
            ],
            "scale": [
                0.9999929070472716,
                0.9999997615814208,
                0.999993085861206
            ],
            "name": "R_wrist_s"
        },
        {
            "children": [
                37,
                36
            ],
            "translation": [
                -0.060864999890327457,
                -0.6685259938240051,
                0.3239539861679077
            ],
            "rotation": [
                -0.4244365096092224,
                -0.33736538887023928,
                0.50932377576828,
                -0.6682552099227905
            ],
            "scale": [
                0.999962031841278,
                0.999955713748932,
                0.9999702572822572
            ],
            "name": "R_gunbone_01_s"
        },
        {
            "translation": [
                0.006790999788790941,
                -1.2733650207519532,
                0.01594799943268299
            ],
            "rotation": [
                0.797001302242279,
                0.005905536469072104,
                0.6039334535598755,
                0.0033526208717376
            ],
            "scale": [
                0.9999948740005492,
                0.9999850988388062,
                0.9999909996986388
            ],
            "name": "R_gunbone_02_s"
        },
        {
            "children": [
                38
            ],
            "translation": [
                0.002275000093504787,
                1.4460690021514893,
                0.00520800007507205
            ],
            "rotation": [
                -0.5799112915992737,
                -0.2849421203136444,
                0.762213945388794,
                0.03872431442141533
            ],
            "scale": [
                0.9999454021453856,
                0.9999245405197144,
                0.9999656081199646
            ],
            "name": "chain_01_s"
        },
        {
            "translation": [
                -0.003402000060305,
                -0.5691519975662231,
                -0.003829000052064657
            ],
            "rotation": [
                -0.2830252349376679,
                0.11380061507225037,
                0.32408568263053896,
                -0.8954890370368958
            ],
            "scale": [
                0.999986469745636,
                0.9999790787696838,
                0.9999895095825196
            ],
            "name": "chain_02_s"
        },
        {
            "children": [
                40
            ],
            "matrix": [
                0.23914772272109986,
                0.9492748379707336,
                0.20383980870246888,
                0.0,
                0.431688517332077,
                0.0842042863368988,
                -0.8979929685592651,
                0.0,
                -0.8696653246879578,
                0.3026948571205139,
                -0.38962775468826296,
                0.0,
                -0.3765270113945008,
                -0.3097949922084809,
                0.024277999997138978,
                1.0
            ],
            "name": "R_thumb_01_s"
        },
        {
            "matrix": [
                0.9955954551696776,
                0.007159896660596132,
                -0.09347308427095412,
                0.0,
                0.07287967950105667,
                0.5680610537528992,
                0.8197329044342041,
                0.0,
                0.05896637961268425,
                -0.8229354023933411,
                0.5650376677513123,
                0.0,
                -0.0,
                -0.464031994342804,
                0.0,
                1.0
            ],
            "name": "R_thumb_02_s"
        },
        {
            "children": [
                42
            ],
            "matrix": [
                -0.9701133370399476,
                0.04471424967050553,
                -0.2382186055183411,
                0.0,
                0.2113979160785675,
                0.6369038224220276,
                -0.7413771152496338,
                0.0,
                0.11856831610202788,
                -0.7696298956871033,
                -0.6272982358932495,
                0.0,
                -0.2916599810123444,
                -0.78507399559021,
                -0.08534199744462967,
                1.0
            ],
            "name": "R_index_01_s"
        },
        {
            "matrix": [
                0.999789535999298,
                -0.013367432169616224,
                -0.015563982538878918,
                0.0,
                0.02046118676662445,
                0.5940086841583252,
                0.8041790127754211,
                0.0,
                -0.0015053392853587866,
                -0.8043277263641357,
                0.594156801700592,
                0.0,
                0.0,
                -0.3939180076122284,
                0.0,
                1.0
            ],
            "name": "R_index_02_s"
        },
        {
            "children": [
                44
            ],
            "matrix": [
                -0.966649055480957,
                -0.09391678869724274,
                -0.23800991475582124,
                0.0,
                0.14089448750019074,
                0.5810971856117249,
                -0.8015286326408386,
                0.0,
                0.21358314156532288,
                -0.8083806037902832,
                -0.5484589338302612,
                0.0,
                0.1573060005903244,
                -0.7666149735450745,
                0.0227269995957613,
                1.0
            ],
            "name": "R_middle_01_s"
        },
        {
            "matrix": [
                0.994995892047882,
                -0.017913740128278734,
                0.09828761965036392,
                0.0,
                -0.08130381256341934,
                0.42657002806663515,
                0.9007623195648192,
                0.0,
                -0.05806073918938637,
                -0.9042469263076782,
                0.422979474067688,
                0.0,
                0.0,
                -0.38501599431037905,
                0.0,
                1.0
            ],
            "name": "R_middle_02_s"
        },
        {
            "translation": [
                -0.0,
                -0.46370598673820498,
                0.0
            ],
            "rotation": [
                -0.0,
                0.14342129230499268,
                -0.0,
                -0.9896612167358398
            ],
            "scale": [
                0.999998152256012,
                1.0,
                0.999998152256012
            ],
            "name": "R_forearm_twist_s"
        },
        {
            "children": [
                47
            ],
            "translation": [
                0.0993340015411377,
                0.3679890036582947,
                0.33056700229644778
            ],
            "rotation": [
                0.00993476901203394,
                -0.20407798886299137,
                -0.023006832227110864,
                -0.9786334037780762
            ],
            "scale": [
                0.9999983310699464,
                0.9999998807907105,
                0.9999986290931702
            ],
            "name": "L_clavicle_s"
        },
        {
            "children": [
                48
            ],
            "translation": [
                1.121891975402832,
                -0.023706000298261644,
                -0.541579008102417
            ],
            "rotation": [
                0.45684856176376345,
                0.13671942055225373,
                0.7868819832801819,
                -0.3916415274143219
            ],
            "scale": [
                0.9999602437019348,
                0.9999489188194276,
                0.999986469745636
            ],
            "name": "L_shoulder_s"
        },
        {
            "children": [
                56,
                49
            ],
            "translation": [
                -0.0,
                1.03683602809906,
                -0.0
            ],
            "rotation": [
                -0.062314532697200778,
                0.05788547173142433,
                0.3834835886955261,
                -0.9196197986602784
            ],
            "scale": [
                0.9999904036521912,
                0.9999903440475464,
                0.999999225139618
            ],
            "name": "L_elbow_s"
        },
        {
            "children": [
                54,
                52,
                50
            ],
            "translation": [
                0.0,
                1.3911089897155762,
                0.0
            ],
            "rotation": [
                0.022822020575404168,
                -0.03232606127858162,
                0.03743179887533188,
                -0.9985153675079346
            ],
            "scale": [
                0.999999463558197,
                1.0000001192092896,
                0.9999998807907105
            ],
            "name": "L_wrist_s"
        },
        {
            "children": [
                51
            ],
            "matrix": [
                -0.4518149495124817,
                0.7350447773933411,
                0.5053703188896179,
                0.0,
                0.36895307898521426,
                0.6698572635650635,
                -0.64430171251297,
                0.0,
                -0.8121353387832642,
                -0.10469181090593338,
                -0.5738365650177002,
                0.0,
                0.3765259981155396,
                0.3097969889640808,
                -0.024277999997138978,
                1.0
            ],
            "name": "L_thumb_01_s"
        },
        {
            "matrix": [
                0.9955955147743224,
                0.0071417479775846008,
                -0.09347423911094666,
                0.0,
                0.08595632761716843,
                0.3284437954425812,
                0.9405739903450012,
                0.0,
                0.03741598129272461,
                -0.944466233253479,
                0.32638341188430788,
                0.0,
                0.0,
                0.4640310108661652,
                0.0,
                1.0
            ],
            "name": "L_thumb_02_s"
        },
        {
            "children": [
                53
            ],
            "matrix": [
                -0.9701079726219176,
                0.04868616908788681,
                -0.23755651712417606,
                0.0,
                0.2077341228723526,
                0.6722497344017029,
                -0.7105715274810791,
                0.0,
                0.12509992718696598,
                -0.7387123107910156,
                -0.6622551083564758,
                0.0,
                0.29166099429130556,
                0.7850769758224487,
                0.08533599972724915,
                1.0
            ],
            "name": "L_index_01_s"
        },
        {
            "matrix": [
                0.999789297580719,
                -0.013362390920519829,
                -0.015577532351017,
                0.0,
                -0.0022736608516424896,
                -0.826361894607544,
                0.5629746317863464,
                0.0,
                -0.02039715088903904,
                -0.5628211498260498,
                -0.8262191414833069,
                0.0,
                0.0,
                0.3939149975776673,
                -0.0,
                1.0
            ],
            "name": "L_index_02_s"
        },
        {
            "children": [
                55
            ],
            "matrix": [
                -0.966570258140564,
                -0.09391840547323229,
                -0.2380226403474808,
                0.0,
                0.2023212164640427,
                0.28899654746055605,
                -0.9356551766395568,
                0.0,
                0.1566573679447174,
                -0.952661395072937,
                -0.2602373361587525,
                0.0,
                -0.15730500221252442,
                0.7666140198707581,
                -0.0227269995957613,
                1.0
            ],
            "name": "L_middle_01_s"
        },
        {
            "matrix": [
                0.9949935078620912,
                -0.017922600731253625,
                0.09832177311182022,
                0.0,
                -0.0997905656695366,
                -0.2322450578212738,
                0.9674919843673706,
                0.0,
                0.0054974304512143139,
                -0.9724591970443726,
                -0.23287057876586918,
                0.0,
                -0.0,
                0.3850190043449402,
                -0.0,
                1.0
            ],
            "name": "L_middle_02_s"
        },
        {
            "translation": [
                0.0,
                0.4637030065059662,
                0.0
            ],
            "rotation": [
                -0.0,
                -0.054287996143102649,
                -0.0,
                -0.9985252618789672
            ],
            "scale": [
                0.9999998211860656,
                1.0,
                0.9999998211860656
            ],
            "name": "L_forearm_twist_s"
        },
        {
            "children": [
                58
            ],
            "translation": [
                -0.0,
                0.8786450028419495,
                -0.09405100345611572
            ],
            "rotation": [
                -0.020023027434945108,
                -0.001476351753808558,
                -0.0915645882487297,
                -0.9955964684486388
            ],
            "scale": [
                0.9999986886978148,
                0.9999995827674866,
                0.999999701976776
            ],
            "name": "neck_s"
        },
        {
            "children": [
                64,
                63,
                62,
                61,
                59
            ],
            "translation": [
                0.0,
                1.423200011253357,
                0.044895000755786899
            ],
            "rotation": [
                -0.07292629033327103,
                -0.37515053153038027,
                0.08369145542383194,
                -0.9202910661697388
            ],
            "scale": [
                0.99999338388443,
                0.9999995827674866,
                0.999993622303009
            ],
            "name": "head_s"
        },
        {
            "children": [
                60
            ],
            "translation": [
                -0.7223809957504273,
                -0.7659090161323547,
                -0.24402600526809693
            ],
            "rotation": [
                0.5,
                0.0,
                0.0,
                -0.0
            ],
            "scale": [
                0.0,
                0.0,
                0.0
            ],
            "name": "bubblegum_01_s"
        },
        {
            "translation": [
                -0.8201310038566589,
                5.971042156219482,
                -0.7806209921836853
            ],
            "rotation": [
                0.5,
                0.0,
                0.0,
                -0.0
            ],
            "scale": [
                0.0,
                0.0,
                0.0
            ],
            "name": "bubblegum_02_s"
        },
        {
            "matrix": [
                0.922831892967224,
                0.2300051599740982,
                -0.3089887797832489,
                0.0,
                0.000708974723238498,
                0.8011487126350403,
                0.5984546542167664,
                0.0,
                0.3851960897445679,
                -0.5524909496307373,
                0.739163339138031,
                0.0,
                -1.7567600011825562,
                -0.4064099788665772,
                0.8946080207824707,
                1.0
            ],
            "name": "R_hair_s"
        },
        {
            "matrix": [
                0.922831892967224,
                -0.2300051599740982,
                0.3089887797832489,
                0.0,
                -0.000708974723238498,
                0.8011487126350403,
                0.5984546542167664,
                0.0,
                -0.3851960897445679,
                -0.5524909496307373,
                0.739163339138031,
                0.0,
                1.7567640542984009,
                -0.4064120054244995,
                0.8946080207824707,
                1.0
            ],
            "name": "L_hair_s"
        },
        {
            "translation": [
                -2.216737985610962,
                -0.3303619921207428,
                -0.1893649995326996
            ],
            "rotation": [
                -0.0,
                -0.35835543274879458,
                -0.0,
                -0.9335829615592957
            ],
            "scale": [
                0.999992609024048,
                1.0,
                0.999992609024048
            ],
            "name": "R_earring_s"
        },
        {
            "translation": [
                2.216737985610962,
                -0.3303619921207428,
                -0.1893649995326996
            ],
            "rotation": [
                -0.0,
                0.35835543274879458,
                -0.0,
                -0.9335829615592957
            ],
            "scale": [
                0.999992609024048,
                1.0,
                0.999992609024048
            ],
            "name": "L_earring_s"
        }
    ],
    "meshes": [
        {
            "primitives": [
                {
                    "attributes": {
                        "JOINTS_0": 1,
                        "NORMAL": 2,
                        "POSITION": 3,
                        "WEIGHTS_0": 4
                    },
                    "indices": 0,
                    "mode": 4,
                    "material": 0
                }
            ],
            "name": "bubblegumGeo1-mesh"
        },
        {
            "primitives": [
                {
                    "attributes": {
                        "JOINTS_0": 6,
                        "NORMAL": 7,
                        "POSITION": 8,
                        "WEIGHTS_0": 9
                    },
                    "indices": 5,
                    "mode": 4,
                    "material": 0
                },
                {
                    "attributes": {
                        "JOINTS_0": 11,
                        "NORMAL": 12,
                        "POSITION": 13,
                        "WEIGHTS_0": 14
                    },
                    "indices": 10,
                    "mode": 4,
                    "material": 1
                }
            ],
            "name": "bootsGeo-mesh"
        },
        {
            "primitives": [
                {
                    "attributes": {
                        "JOINTS_0": 16,
                        "NORMAL": 17,
                        "POSITION": 18,
                        "WEIGHTS_0": 19
                    },
                    "indices": 15,
                    "mode": 4,
                    "material": 0
                }
            ],
            "name": "earringsGeo-mesh"
        },
        {
            "primitives": [
                {
                    "attributes": {
                        "JOINTS_0": 21,
                        "NORMAL": 22,
                        "POSITION": 23,
                        "WEIGHTS_0": 24
                    },
                    "indices": 20,
                    "mode": 4,
                    "material": 1
                }
            ],
            "name": "zipGeo-mesh"
        },
        {
            "primitives": [
                {
                    "attributes": {
                        "JOINTS_0": 26,
                        "NORMAL": 27,
                        "POSITION": 28,
                        "WEIGHTS_0": 29
                    },
                    "indices": 25,
                    "mode": 4,
                    "material": 0
                }
            ],
            "name": "legsGeo-mesh"
        },
        {
            "primitives": [
                {
                    "attributes": {
                        "JOINTS_0": 31,
                        "NORMAL": 32,
                        "POSITION": 33,
                        "WEIGHTS_0": 34
                    },
                    "indices": 30,
                    "mode": 4,
                    "material": 0
                },
                {
                    "attributes": {
                        "JOINTS_0": 36,
                        "NORMAL": 37,
                        "POSITION": 38,
                        "WEIGHTS_0": 39
                    },
                    "indices": 35,
                    "mode": 4,
                    "material": 1
                },
                {
                    "attributes": {
                        "JOINTS_0": 41,
                        "NORMAL": 42,
                        "POSITION": 43,
                        "WEIGHTS_0": 44
                    },
                    "indices": 40,
                    "mode": 4,
                    "material": 2
                }
            ],
            "name": "batGeo-mesh"
        },
        {
            "primitives": [
                {
                    "attributes": {
                        "JOINTS_0": 46,
                        "NORMAL": 47,
                        "POSITION": 48,
                        "WEIGHTS_0": 49
                    },
                    "indices": 45,
                    "mode": 4,
                    "material": 0
                },
                {
                    "attributes": {
                        "JOINTS_0": 51,
                        "NORMAL": 52,
                        "POSITION": 53,
                        "WEIGHTS_0": 54
                    },
                    "indices": 50,
                    "mode": 4,
                    "material": 1
                }
            ],
            "name": "bodyGeo-mesh"
        },
        {
            "primitives": [
                {
                    "attributes": {
                        "JOINTS_0": 56,
                        "NORMAL": 57,
                        "POSITION": 58,
                        "WEIGHTS_0": 59
                    },
                    "indices": 55,
                    "mode": 4,
                    "material": 0
                }
            ],
            "name": "headGeo-mesh"
        },
        {
            "primitives": [
                {
                    "attributes": {
                        "JOINTS_0": 61,
                        "NORMAL": 62,
                        "POSITION": 63,
                        "WEIGHTS_0": 64
                    },
                    "indices": 60,
                    "mode": 4,
                    "material": 0
                }
            ],
            "name": "handsGeo-mesh"
        },
        {
            "primitives": [
                {
                    "attributes": {
                        "JOINTS_0": 66,
                        "NORMAL": 67,
                        "POSITION": 68,
                        "WEIGHTS_0": 69
                    },
                    "indices": 65,
                    "mode": 4,
                    "material": 0
                }
            ],
            "name": "hairGeo-mesh"
        }
    ],
    "animations": [
        {
            "channels": [
                {
                    "sampler": 0,
                    "target": {
                        "node": 14,
                        "path": "translation"
                    }
                },
                {
                    "sampler": 1,
                    "target": {
                        "node": 14,
                        "path": "rotation"
                    }
                },
                {
                    "sampler": 2,
                    "target": {
                        "node": 14,
                        "path": "scale"
                    }
                },
                {
                    "sampler": 3,
                    "target": {
                        "node": 23,
                        "path": "translation"
                    }
                },
                {
                    "sampler": 4,
                    "target": {
                        "node": 23,
                        "path": "rotation"
                    }
                },
                {
                    "sampler": 5,
                    "target": {
                        "node": 23,
                        "path": "scale"
                    }
                },
                {
                    "sampler": 6,
                    "target": {
                        "node": 24,
                        "path": "translation"
                    }
                },
                {
                    "sampler": 7,
                    "target": {
                        "node": 24,
                        "path": "rotation"
                    }
                },
                {
                    "sampler": 8,
                    "target": {
                        "node": 24,
                        "path": "scale"
                    }
                },
                {
                    "sampler": 9,
                    "target": {
                        "node": 25,
                        "path": "translation"
                    }
                },
                {
                    "sampler": 10,
                    "target": {
                        "node": 25,
                        "path": "rotation"
                    }
                },
                {
                    "sampler": 11,
                    "target": {
                        "node": 25,
                        "path": "scale"
                    }
                },
                {
                    "sampler": 12,
                    "target": {
                        "node": 26,
                        "path": "translation"
                    }
                },
                {
