{
    "asset": {
        "generator": "COLLADA2GLTF",
        "version": "2.0"
    },
    "scenes": [
        {
            "nodes": [
                0
            ]
        }
    ],
    "scene": 0,
    "nodes": [
        {
            "children": [
                1
            ],
            "name": "Y_UP"
        },
        {
            "children": [
                13,
                2
            ],
            "name": "CHARACTER"
        },
        {
            "children": [
                12,
                11,
                10,
                9,
                8,
                7,
                6,
                5,
                4,
                3
            ],
            "name": "BibiGeo"
        },
        {
            "mesh": 0,
            "skin": 0,
            "name": "bubblegumGeo1"
        },
        {
            "mesh": 1,
            "skin": 1,
            "name": "bootsGeo"
        },
        {
            "mesh": 2,
            "skin": 2,
            "name": "earringsGeo"
        },
        {
            "mesh": 3,
            "skin": 3,
            "name": "zipGeo"
        },
        {
            "mesh": 4,
            "skin": 4,
            "name": "legsGeo"
        },
        {
            "mesh": 5,
            "skin": 5,
            "name": "batGeo"
        },
        {
            "mesh": 6,
            "skin": 6,
            "name": "bodyGeo"
        },
        {
            "mesh": 7,
            "skin": 7,
            "name": "headGeo"
        },
        {
            "mesh": 8,
            "skin": 8,
            "name": "handsGeo"
        },
        {
            "mesh": 9,
            "skin": 9,
            "name": "hairGeo"
        },
        {
            "children": [
                14
            ],
            "name": "Root"
        },
        {
            "children": [
                23,
                19,
                15
            ],
            "translation": [
                -0.0695749968290329,
                2.9840009212493898,
                -0.23272499442100529
            ],
            "rotation": [
                0.004213831853121519,
                0.33307719230651858,
                -0.010765262879431248,
                -0.9428282380104064
            ],
            "scale": [
                0.9999985694885254,
                1.0,
                0.9999985694885254
            ],
            "name": "hips_s"
        },
        {
            "children": [
                16
            ],
            "translation": [
                -0.6219210028648377,
                -0.04603099822998047,
                0.15723499655723573
            ],
            "rotation": [
                0.17599725723266602,
                0.9772740602493286,
                0.07363465428352356,
                0.0922125056385994
            ],
            "scale": [
                0.9999319911003112,
                0.9999975562095642,
                0.9999307990074158
            ],
            "name": "R_upperLeg_s"
        },
        {
            "children": [
                17
            ],
            "translation": [
                0.0,
                -1.137977957725525,
                -0.0
            ],
            "rotation": [
                -0.0,
                -0.0,
                -0.0,
                -1.0
            ],
            "name": "R_lowerLeg_s"
        },
        {
            "children": [
                18
            ],
            "translation": [
                0.0,
                -1.5370670557022098,
                0.0
            ],
            "rotation": [
                -0.009904077276587488,
                -0.05696382373571396,
                0.9834871292114258,
                0.1714143604040146
            ],
            "scale": [
                0.9999470710754396,
                0.9999472498893738,
                0.9999999403953552
            ],
            "name": "R_ankle_s"
        },
        {
            "translation": [
                -0.0019389999797567728,
                0.35902801156044009,
                -0.8621789813041687
            ],
            "rotation": [
                0.004121570847928524,
                0.6552069187164307,
                0.7553857564926148,
                -0.005013554822653532
            ],
            "scale": [
                0.9998915195465088,
                0.9999383091926576,
                0.9999534487724304
            ],
            "name": "R_toes_s"
        },
        {
            "children": [
                20
            ],
            "translation": [
                0.6219210028648377,
                -0.04602999985218048,
                0.15723499655723573
            ],
            "rotation": [
                0.3620525896549225,
                -0.03131162375211716,
                0.9182186126708984,
                -0.15745025873184205
            ],
            "scale": [
                0.9999639987945556,
                0.9999576210975648,
                0.9999945759773254
            ],
            "name": "L_upperLeg_s"
        },
        {
            "children": [
                21
            ],
            "translation": [
                -0.0,
                1.1419949531555176,
                0.0
            ],
            "rotation": [
                -0.0,
                -0.0,
                -0.0,
                -1.0
            ],
            "name": "L_lowerLeg_s"
        },
        {
            "children": [
                22
            ],
            "translation": [
                -0.0,
                1.542497992515564,
                -0.0
            ],
            "rotation": [
                0.006028567440807819,
                0.03583306819200516,
                0.9853941202163696,
                0.16621625423431397
            ],
            "scale": [
                0.9999023079872133,
                0.9999023079872133,
                0.9999998807907105
            ],
            "name": "L_ankle_s"
        },
        {
            "matrix": [
                -0.9998072981834412,
                -0.002173369051888585,
                0.012796580791473389,
                0.0,
                0.012975302524864674,
                -0.14124931395053864,
                0.9898267388343812,
                0.0,
                -0.00034307732130400836,
                0.9899092316627502,
                0.14137379825115205,
                0.0,
                0.0019389999797567728,
                -0.3590269982814789,
                0.8621789813041687,
                1.0
            ],
            "name": "L_toes_s"
        },
        {
            "children": [
                24
            ],
            "translation": [
                0.018339000642299653,
                0.3436200022697449,
                0.046494998037815097
            ],
            "rotation": [
                -0.019377587363123898,
                0.001999275991693139,
                0.010457745753228665,
                -0.999755561351776
            ],
            "scale": [
                1.0000003576278689,
                0.9999995231628418,
                1.000000238418579
            ],
            "name": "spine_lower_s"
        },
        {
            "children": [
                25
            ],
            "translation": [
                0.00029999998514540493,
                0.4610860049724579,
                0.01645199954509735
            ],
            "rotation": [
                0.05533229559659958,
                0.027435466647148137,
                0.0004613590135704726,
                -0.998090922832489
            ],
            "scale": [
                1.0000003576278689,
                1.0000001192092896,
                0.9999995827674866
            ],
            "name": "spine_mid_s"
        },
        {
            "children": [
                26
            ],
            "translation": [
                0.0009490000084042548,
                0.3931770026683808,
                0.002614999888464809
            ],
            "rotation": [
                0.02519054524600506,
                0.025036755949258809,
                0.001015003421343863,
                -0.9993686079978944
            ],
            "scale": [
                0.9999998211860656,
                0.9999998807907105,
                1.0000003576278689
            ],
            "name": "spine_upper_s"
        },
        {
            "children": [
                57,
                46,
                31,
                30,
                29,
                28,
                27
            ],
            "translation": [
                0.009785999543964865,
                0.4231080114841461,
                0.0026660000439733268
            ],
            "rotation": [
                -0.011718496680259705,
                0.026728009805083276,
                0.013963766396045685,
                -0.9994765520095824
            ],
            "scale": [
                0.999999701976776,
                1.0,
                1.0000003576278689
            ],
            "name": "chest_s"
        },
        {
            "matrix": [
                0.9787826538085938,
                0.2048942744731903,
                -0.000022683283532387578,
                0.0,
                0.20155715942382813,
                -0.9627180099487304,
                0.17984245717525486,
                0.0,
                0.03682878986001015,
                -0.17603115737438206,
                -0.9835902452468872,
                0.0,
                -0.9117779731750488,
                0.8262450098991394,
                0.384104996919632,
                1.0
            ],
            "name": "R_collar_s"
        },
        {
            "matrix": [
                0.9739995002746582,
                -0.16122755408287049,
                0.15914231538772584,
                0.0,
                0.18856336176395417,
                0.9663300514221193,
                -0.17506304383277894,
                0.0,
                -0.1255570352077484,
                0.200521320104599,
                0.971608817577362,
                0.0,
                1.3556909561157229,
                0.791018009185791,
                0.34162500500679018,
                1.0
            ],
            "name": "L_collar_s"
        },
        {
            "matrix": [
                1.0,
                0.0,
                0.0,
                0.0,
                0.0,
                1.0,
                0.0,
                0.0,
                0.0,
                0.0,
                1.0,
                0.0,
                -0.8818939924240112,
                -1.0290310382843018,
                1.2735650539398194,
                1.0
            ],
            "name": "R_jacket_s"
        },
        {
            "matrix": [
                0.9972935914993286,
                0.07348746061325073,
                -0.002258437220007181,
                0.0,
                -0.07348746061325073,
                0.99540913105011,
                -0.06132147461175919,
                0.0,
                -0.0022584369871765377,
                0.06132146716117859,
                0.9981155395507813,
                0.0,
                1.1311639547348025,
                -0.7916880249977112,
                1.276500940322876,
                1.0
            ],
            "name": "L_jacket_s"
        },
        {
            "children": [
                32
            ],
            "translation": [
                -0.0993340015411377,
                0.3679850101470947,
                0.33056798577308657
            ],
            "rotation": [
                1.0000041723251346,
                0.0,
                0.0,
                -0.0
            ],
            "scale": [
                1.0,
                1.000016689300537,
                1.000016689300537
            ],
            "name": "R_clavicle_s"
        },
        {
            "children": [
                33
            ],
            "translation": [
                -1.1218960285186768,
                0.02369999885559082,
                0.541579008102417
            ],
            "rotation": [
                0.5353736281394959,
                0.2543070614337921,
                0.690609335899353,
                -0.4143717288970947
            ],
            "scale": [
                0.9999373555183412,
                0.9999119639396668,
                0.9999592304229736
            ],
            "name": "R_shoulder_s"
        },
        {
            "children": [
                45,
                34
            ],
            "translation": [
                -0.0,
                -1.0368280410766602,
                0.0
            ],
            "rotation": [
                -0.007197299972176552,
                -0.001261065248399973,
                0.27285149693489077,
                -0.9620276093482972
            ],
            "scale": [
                0.9999971985816956,
                0.9999971985816956,
                0.9999999403953552
            ],
            "name": "R_elbow_s"
        },
        {
            "children": [
                43,
                41,
                39,
                35
            ],
            "translation": [
                -0.0,
                -1.391116976737976,
                0.0
            ],
            "rotation": [
                -0.02638983726501465,
                0.3279045522212982,
                -0.05474816262722016,
                -0.9427515268325806
            ],
            "scale": [
                0.9999923706054688,
                0.9999998807907105,
                0.9999923706054688
            ],
            "name": "R_wrist_s"
        },
        {
            "children": [
                37,
                36
            ],
            "translation": [
                -0.060864999890327457,
                -0.6685259938240051,
                0.3239539861679077
            ],
            "rotation": [
                -0.4244365096092224,
                -0.33736538887023928,
                0.50932377576828,
                -0.6682552099227905
            ],
            "scale": [
                0.999962031841278,
                0.999955713748932,
                0.9999702572822572
            ],
            "name": "R_gunbone_01_s"
        },
        {
            "translation": [
                0.006790999788790941,
                -1.2733650207519532,
                0.01594799943268299
            ],
            "rotation": [
                0.7327011227607727,
                0.004783534910529852,
                0.4891912639141083,
                0.00271565280854702
            ],
            "scale": [
                0.7446549534797669,
                0.7446481585502625,
                0.7446524500846863
            ],
            "name": "R_gunbone_02_s"
        },
        {
            "children": [
                38
            ],
            "translation": [
                0.002275000093504787,
                1.4460690021514893,
                0.00520800007507205
            ],
            "rotation": [
                -0.5729600787162781,
                -0.40591344237327578,
                0.6894406676292419,
                0.17775045335292817
            ],
            "scale": [
                0.9999648332595824,
                0.99995619058609,
                0.999972939491272
            ],
            "name": "chain_01_s"
        },
        {
            "translation": [
                -0.0,
                -0.5649999976158142,
                0.0
            ],
            "rotation": [
                -0.0,
                -0.0,
                -0.0,
                -1.0
            ],
            "name": "chain_02_s"
        },
        {
            "children": [
                40
            ],
            "matrix": [
                0.23914772272109986,
                0.9492748379707336,
                0.20383980870246888,
                0.0,
                0.431688517332077,
                0.0842042863368988,
                -0.8979929685592651,
                0.0,
                -0.8696653246879578,
                0.3026948571205139,
                -0.38962775468826296,
                0.0,
                -0.3765270113945008,
                -0.3097949922084809,
                0.024277999997138978,
                1.0
            ],
            "name": "R_thumb_01_s"
        },
        {
            "matrix": [
                0.9955954551696776,
                0.007159896660596132,
                -0.09347308427095412,
                0.0,
                0.07287967950105667,
                0.5680610537528992,
                0.8197329044342041,
                0.0,
                0.05896637961268425,
                -0.8229354023933411,
                0.5650376677513123,
                0.0,
                -0.0,
                -0.464031994342804,
                -0.0,
                1.0
            ],
            "name": "R_thumb_02_s"
        },
        {
            "children": [
                42
            ],
            "matrix": [
                -0.9701133370399476,
                0.04471424967050553,
                -0.2382186055183411,
                0.0,
                0.2113979160785675,
                0.6369038224220276,
                -0.7413771152496338,
                0.0,
                0.11856831610202788,
                -0.7696298956871033,
                -0.6272982358932495,
                0.0,
                -0.2916599810123444,
                -0.78507399559021,
                -0.08534199744462967,
                1.0
            ],
            "name": "R_index_01_s"
        },
        {
            "matrix": [
                0.999789535999298,
                -0.013367432169616224,
                -0.015563982538878918,
                0.0,
                0.02046118676662445,
                0.5940086841583252,
                0.8041790127754211,
                0.0,
                -0.0015053392853587866,
                -0.8043277263641357,
                0.594156801700592,
                0.0,
                0.0,
                -0.3939180076122284,
                0.0,
                1.0
            ],
            "name": "R_index_02_s"
        },
        {
            "children": [
                44
            ],
            "matrix": [
                -0.966649055480957,
                -0.09391678869724274,
                -0.23800991475582124,
                0.0,
                0.14089448750019074,
                0.5810971856117249,
                -0.8015286326408386,
                0.0,
                0.21358314156532288,
                -0.8083806037902832,
                -0.5484589338302612,
                0.0,
                0.1573060005903244,
                -0.7666149735450745,
                0.0227269995957613,
                1.0
            ],
            "name": "R_middle_01_s"
        },
        {
            "matrix": [
                0.994995892047882,
                -0.017913740128278734,
                0.09828761965036392,
                0.0,
                -0.08130381256341934,
                0.42657002806663515,
                0.9007623195648192,
                0.0,
                -0.05806073918938637,
                -0.9042469263076782,
                0.422979474067688,
                0.0,
                0.0,
                -0.38501599431037905,
                -0.0,
                1.0
            ],
            "name": "R_middle_02_s"
        },
        {
            "translation": [
                0.0,
                -0.46370598673820498,
                0.0
            ],
            "rotation": [
                -0.0,
                0.13155068457126618,
                -0.0,
                -0.9913092255592346
            ],
            "scale": [
                0.999999225139618,
                1.0,
                0.999999225139618
            ],
            "name": "R_forearm_twist_s"
        },
        {
            "children": [
                47
            ],
            "translation": [
                0.0993340015411377,
                0.3679890036582947,
                0.33056700229644778
            ],
            "rotation": [
                0.0073511661030352119,
                -0.20407946407794953,
                -0.03534094989299774,
                -0.9782886505126952
            ],
            "scale": [
                1.000000238418579,
                0.9999996423721314,
                1.000000238418579
            ],
            "name": "L_clavicle_s"
        },
        {
            "children": [
                48
            ],
            "translation": [
                1.121891975402832,
                -0.023706000298261644,
                -0.541579008102417
            ],
            "rotation": [
                0.41061931848526,
                0.15114493668079377,
                0.7911574244499207,
                -0.42729008197784426
            ],
            "scale": [
                0.9999473094940186,
                0.9999361634254456,
                0.9999854564666748
            ],
            "name": "L_shoulder_s"
        },
        {
            "children": [
                56,
                49
            ],
            "translation": [
                -0.0,
                1.03683602809906,
                -0.0
            ],
            "rotation": [
                -0.06019223481416702,
                0.06016149371862412,
                0.34949636459350588,
                -0.9330620169639589
            ],
            "scale": [
                0.9999915957450868,
                0.9999912977218628,
                0.999999701976776
            ],
            "name": "L_elbow_s"
        },
        {
            "children": [
                54,
                52,
                50
            ],
            "translation": [
                0.0,
                1.3911089897155762,
                0.0
            ],
            "rotation": [
                -0.011780002154409886,
                -0.02325243316590786,
                0.04432110115885735,
                -0.9986770749092102
            ],
            "scale": [
                0.9999994039535524,
                0.9999995827674866,
                0.9999997615814208
            ],
            "name": "L_wrist_s"
        },
        {
            "children": [
                51
            ],
            "translation": [
                0.3765259981155396,
                0.3097969889640808,
                -0.024277999997138978
            ],
            "rotation": [
                0.3362155854701996,
                0.8209002017974854,
                -0.22810125350952149,
                -0.4012380242347718
            ],
            "scale": [
                0.9999133348464966,
                0.9999799132347108,
                0.9999063014984132
            ],
            "name": "L_thumb_01_s"
        },
        {
            "translation": [
                0.0,
                0.4640310108661652,
                0.0
            ],
            "rotation": [
                -0.5789393782615662,
                -0.0401994064450264,
                0.024205775931477548,
                -0.814005970954895
            ],
            "scale": [
                0.9999994039535524,
                0.9999716281890868,
                0.9999712705612184
            ],
            "name": "L_thumb_02_s"
        },
        {
            "children": [
                53
            ],
            "translation": [
                0.29166099429130556,
                0.7850769758224487,
                0.08533599972724915
            ],
            "rotation": [
                0.07052808254957199,
                0.908929705619812,
                -0.3986237347126007,
                0.09974820911884308
            ],
            "scale": [
                0.9999564290046692,
                0.9999925494194032,
                0.9999638199806212
            ],
            "name": "L_index_01_s"
        },
        {
            "translation": [
                -0.0,
                0.3939149975776673,
                -0.0
            ],
            "rotation": [
                0.9555587768554688,
                -0.0040908134542405609,
                -0.00941194873303175,
                0.29453861713409426
            ],
            "scale": [
                0.9999999403953552,
                0.99990975856781,
                0.999910831451416
            ],
            "name": "L_index_02_s"
        },
        {
            "children": [
                55
            ],
            "translation": [
                -0.15730500221252442,
                0.7666140198707581,
                -0.0227269995957613
            ],
            "rotation": [
                0.03417213633656502,
                0.7930643558502197,
                -0.5952596068382263,
                0.12441614270210266
            ],
            "scale": [
                0.9998667240142822,
                0.999951720237732,
                0.9999143481254578
            ],
            "name": "L_middle_01_s"
        },
        {
            "translation": [
                0.0,
                0.3850190043449402,
                -0.0
            ],
            "rotation": [
                -0.7842100262641907,
                0.03752351179718971,
                -0.03309448063373566,
                -0.6184411644935608
            ],
            "scale": [
                1.000000238418579,
                0.9999683499336244,
                0.999967873096466
            ],
            "name": "L_middle_02_s"
        },
        {
            "translation": [
                0.0,
                0.4637030065059662,
                0.0
            ],
            "rotation": [
                -0.0,
                -0.053271692246198657,
                -0.0,
                -0.9985799193382264
            ],
            "scale": [
                0.999999463558197,
                1.0,
                0.999999463558197
            ],
            "name": "L_forearm_twist_s"
        },
        {
            "children": [
                58
            ],
            "translation": [
                -0.0,
                0.8786450028419495,
                -0.09405100345611572
            ],
            "rotation": [
                -0.020023027434945108,
                -0.001476351753808558,
                -0.0915645882487297,
                -0.9955964684486388
            ],
            "scale": [
                0.9999986886978148,
                0.9999995827674866,
                0.999999701976776
            ],
            "name": "neck_s"
        },
        {
            "children": [
                64,
                63,
                62,
                61,
                59
            ],
            "translation": [
                0.0,
                1.423200011253357,
                0.044895000755786899
            ],
            "rotation": [
                -0.09233445674180985,
                -0.37312108278274538,
                0.07055804878473282,
                -0.9204743504524232
            ],
            "scale": [
                0.999994456768036,
                0.9999992847442628,
                0.999994158744812
            ],
            "name": "head_s"
        },
        {
            "children": [
                60
            ],
            "matrix": [
                0.0,
                0.0,
                0.0,
                0.0,
                0.0,
                0.0,
                0.0,
                0.0,
                0.0,
                0.0,
                0.0,
                0.0,
                0.17522600293159486,
                0.079414002597332,
                0.33468398451805117,
                1.0
            ],
            "name": "bubblegum_01_s"
        },
        {
            "translation": [
                0.11638200283050536,
                6.929205894470215,
                -0.17408999800682069
            ],
            "rotation": [
                0.5,
                0.0,
                0.0,
                -0.0
            ],
            "scale": [
                0.0,
                0.0,
                0.0
            ],
            "name": "bubblegum_02_s"
        },
        {
            "matrix": [
                0.922831892967224,
                0.2300051599740982,
                -0.3089887797832489,
                0.0,
                0.000708974723238498,
                0.8011487126350403,
                0.5984546542167664,
                0.0,
                0.3851960897445679,
                -0.5524909496307373,
                0.739163339138031,
                0.0,
                -1.7567600011825562,
                -0.4064099788665772,
                0.8946080207824707,
                1.0
            ],
            "name": "R_hair_s"
        },
        {
            "matrix": [
                0.922831892967224,
                -0.2300051599740982,
                0.3089887797832489,
                0.0,
                -0.000708974723238498,
                0.8011487126350403,
                0.5984546542167664,
                0.0,
                -0.3851960897445679,
                -0.5524909496307373,
                0.739163339138031,
                0.0,
                1.7567640542984009,
                -0.4064120054244995,
                0.8946080207824707,
                1.0
            ],
            "name": "L_hair_s"
        },
        {
            "matrix": [
                0.7431542873382568,
                0.0,
                -0.669109046459198,
                0.0,
                0.0,
                1.0,
                0.0,
                0.0,
                0.669109046459198,
                0.0,
                0.7431542873382568,
                0.0,
                -2.216737985610962,
                -0.3303619921207428,
                -0.1893649995326996,
                1.0
            ],
            "name": "R_earring_s"
        },
        {
            "matrix": [
                0.7431542873382568,
                0.0,
                0.669109046459198,
                0.0,
                -0.0,
                1.0,
                0.0,
                0.0,
                -0.669109046459198,
                -0.0,
                0.7431542873382568,
                0.0,
                2.216737985610962,
                -0.3303619921207428,
                -0.1893649995326996,
                1.0
            ],
            "name": "L_earring_s"
        }
    ],
    "meshes": [
        {
            "primitives": [
                {
                    "attributes": {
                        "JOINTS_0": 1,
                        "NORMAL": 2,
                        "POSITION": 3,
                        "WEIGHTS_0": 4
                    },
                    "indices": 0,
                    "mode": 4,
                    "material": 0
                }
            ],
            "name": "bubblegumGeo1-mesh"
        },
        {
            "primitives": [
                {
                    "attributes": {
                        "JOINTS_0": 6,
                        "NORMAL": 7,
                        "POSITION": 8,
                        "WEIGHTS_0": 9
                    },
                    "indices": 5,
                    "mode": 4,
                    "material": 0
                },
                {
                    "attributes": {
                        "JOINTS_0": 11,
                        "NORMAL": 12,
                        "POSITION": 13,
                        "WEIGHTS_0": 14
                    },
                    "indices": 10,
                    "mode": 4,
                    "material": 1
                }
            ],
            "name": "bootsGeo-mesh"
        },
        {
            "primitives": [
                {
                    "attributes": {
                        "JOINTS_0": 16,
                        "NORMAL": 17,
                        "POSITION": 18,
                        "WEIGHTS_0": 19
                    },
                    "indices": 15,
                    "mode": 4,
                    "material": 0
                }
            ],
            "name": "earringsGeo-mesh"
        },
        {
            "primitives": [
                {
                    "attributes": {
                        "JOINTS_0": 21,
                        "NORMAL": 22,
                        "POSITION": 23,
                        "WEIGHTS_0": 24
                    },
                    "indices": 20,
                    "mode": 4,
                    "material": 1
                }
            ],
            "name": "zipGeo-mesh"
        },
        {
            "primitives": [
                {
                    "attributes": {
                        "JOINTS_0": 26,
                        "NORMAL": 27,
                        "POSITION": 28,
                        "WEIGHTS_0": 29
                    },
                    "indices": 25,
                    "mode": 4,
                    "material": 0
                }
            ],
            "name": "legsGeo-mesh"
        },
        {
            "primitives": [
                {
                    "attributes": {
                        "JOINTS_0": 31,
                        "NORMAL": 32,
                        "POSITION": 33,
                        "WEIGHTS_0": 34
                    },
                    "indices": 30,
                    "mode": 4,
                    "material": 0
                },
                {
                    "attributes": {
                        "JOINTS_0": 36,
                        "NORMAL": 37,
                        "POSITION": 38,
                        "WEIGHTS_0": 39
                    },
                    "indices": 35,
                    "mode": 4,
                    "material": 1
                },
                {
                    "attributes": {
                        "JOINTS_0": 41,
                        "NORMAL": 42,
                        "POSITION": 43,
                        "WEIGHTS_0": 44
                    },
                    "indices": 40,
                    "mode": 4,
                    "material": 2
                }
            ],
            "name": "batGeo-mesh"
        },
        {
            "primitives": [
                {
                    "attributes": {
                        "JOINTS_0": 46,
                        "NORMAL": 47,
                        "POSITION": 48,
                        "WEIGHTS_0": 49
                    },
                    "indices": 45,
                    "mode": 4,
                    "material": 0
                },
                {
                    "attributes": {
                        "JOINTS_0": 51,
                        "NORMAL": 52,
                        "POSITION": 53,
                        "WEIGHTS_0": 54
                    },
                    "indices": 50,
                    "mode": 4,
                    "material": 1
                }
            ],
            "name": "bodyGeo-mesh"
        },
        {
            "primitives": [
                {
                    "attributes": {
                        "JOINTS_0": 56,
                        "NORMAL": 57,
                        "POSITION": 58,
                        "WEIGHTS_0": 59
                    },
                    "indices": 55,
                    "mode": 4,
                    "material": 0
                }
            ],
            "name": "headGeo-mesh"
        },
        {
            "primitives": [
                {
                    "attributes": {
                        "JOINTS_0": 61,
                        "NORMAL": 62,
                        "POSITION": 63,
                        "WEIGHTS_0": 64
                    },
                    "indices": 60,
                    "mode": 4,
                    "material": 0
                }
            ],
            "name": "handsGeo-mesh"
        },
        {
            "primitives": [
                {
                    "attributes": {
                        "JOINTS_0": 66,
                        "NORMAL": 67,
                        "POSITION": 68,
                        "WEIGHTS_0": 69
                    },
                    "indices": 65,
                    "mode": 4,
                    "material": 0
                }
            ],
            "name": "hairGeo-mesh"
        }
    ],
    "animations": [
        {
            "channels": [
                {
                    "sampler": 0,
                    "target": {
                        "node": 14,
                        "path": "translation"
                    }
                },
                {
                    "sampler": 1,
                    "target": {
                        "node": 14,
                        "path": "rotation"
                    }
                },
                {
                    "sampler": 2,
                    "target": {
                        "node": 14,
                        "path": "scale"
                    }
                },
                {
                    "sampler": 3,
                    "target": {
                        "node": 23,
                        "path": "translation"
                    }
                },
                {
                    "sampler": 4,
                    "target": {
                        "node": 23,
                        "path": "rotation"
                    }
                },
                {
                    "sampler": 5,
                    "target": {
                        "node": 23,
                        "path": "scale"
                    }
                },
                {
                    "sampler": 6,
                    "target": {
                        "node": 24,
                        "path": "translation"
                    }
                },
                {
                    "sampler": 7,
                    "target": {
                        "node": 24,
                        "path": "rotation"
                    }
                },
                {
                    "sampler": 8,
                    "target": {
                        "node": 24,
                        "path": "scale"
                    }
                },
                {
                    "sampler": 9,
                    "target": {
                        "node": 25,
                        "path": "translation"
                    }
                },
                {
                    "sampler": 10,
                    "target": {
                        "node": 25,
                        "path": "rotation"
                    }
                },
                {
                    "sampler": 11,
                    "target": {
                        "node": 25,
                        "path": "scale"
                    }
                },
                {
                    "sampler": 12,
                    "target": {
                        "node": 26,
                        "path": "translation"
                    }
                },
                {
                    "sampler": 13,
                    "target": {
                        "node": 26,
                        "path": "rotation"
                    }
                },
                {
                    "sampler": 14,
                    "target": {
                        "node": 26,
