{
    "asset": {
        "generator": "COLLADA2GLTF",
        "version": "2.0"
    },
    "scenes": [
        {
            "nodes": [
                0
            ]
        }
    ],
    "scene": 0,
    "nodes": [
        {
            "children": [
                7,
                1
            ],
            "name": "Y_UP"
        },
        {
            "children": [
                6,
                5,
                4,
                3,
                2
            ],
            "name": "bull_geo"
        },
        {
            "mesh": 0,
            "skin": 0,
            "name": "head_GEO"
        },
        {
            "mesh": 1,
            "skin": 1,
            "name": "gun_GEO"
        },
        {
            "mesh": 2,
            "skin": 2,
            "name": "legs_GEO"
        },
        {
            "mesh": 3,
            "skin": 3,
            "name": "beltbuckle_GEO"
        },
        {
            "mesh": 4,
            "skin": 4,
            "name": "torso_GEO"
        },
        {
            "children": [
                8
            ],
            "name": "CHARACTER"
        },
        {
            "children": [
                9
            ],
            "name": "Root"
        },
        {
            "children": [
                18,
                14,
                10
            ],
            "translation": [
                0.2489389926195145,
                4.64413595199585,
                -0.0570640005171299
            ],
            "rotation": [
                -0.20789216458797456,
                0.2396034598350525,
                0.04484492540359497,
                -0.9472903609275818
            ],
            "scale": [
                0.9999992847442628,
                0.999999701976776,
                0.9999977350234984
            ],
            "name": "hips_s"
        },
        {
            "children": [
                11
            ],
            "translation": [
                -1.2606229782104493,
                -0.039914000779390338,
                -0.020137999206781389
            ],
            "rotation": [
                0.09458083659410477,
                0.929506778717041,
                0.09937912225723268,
                -0.34227508306503298
            ],
            "scale": [
                0.9999245405197144,
                0.999998152256012,
                0.9999247193336488
            ],
            "name": "R_upperLeg_s"
        },
        {
            "children": [
                12
            ],
            "translation": [
                -0.01402300037443638,
                -1.540985941886902,
                -0.022255999967455865
            ],
            "rotation": [
                0.6475622653961182,
                -0.0079045994207263,
                -0.0007689327467232943,
                -0.7619569301605225
            ],
            "scale": [
                0.9999995827674866,
                0.9999752044677734,
                0.999974489212036
            ],
            "name": "R_lowerLeg_s"
        },
        {
            "children": [
                13
            ],
            "translation": [
                -0.01661299914121628,
                -1.9242310523986817,
                0.5674499869346619
            ],
            "rotation": [
                0.06766760349273682,
                0.1553586721420288,
                0.979888379573822,
                0.10510007292032242
            ],
            "scale": [
                0.999886393547058,
                0.9998891353607178,
                0.9999970197677612
            ],
            "name": "R_ankle_s"
        },
        {
            "translation": [
                -0.001939999987371266,
                0.4171259999275208,
                -0.7630659937858582
            ],
            "rotation": [
                0.0,
                0.684457540512085,
                0.7290261387825012,
                -0.0
            ],
            "scale": [
                0.9999232292175292,
                0.9999588131904602,
                0.9999637007713318
            ],
            "name": "R_toes_s"
        },
        {
            "children": [
                15
            ],
            "translation": [
                1.2606240510940552,
                -0.03991600126028061,
                -0.020137999206781389
            ],
            "rotation": [
                0.22305703163146976,
                0.39859306812286379,
                0.886014997959137,
                -0.07935567200183869
            ],
            "scale": [
                0.999906599521637,
                0.9999179244041444,
                0.9999797344207764
            ],
            "name": "L_upperLeg_s"
        },
        {
            "children": [
                16
            ],
            "translation": [
                0.014047999866306782,
                1.544005036354065,
                0.02229899913072586
            ],
            "rotation": [
                0.06117772310972214,
                -0.0004613704513758421,
                -0.00003075803761021234,
                -0.9981268644332886
            ],
            "scale": [
                1.0000003576278689,
                1.000000238418579,
                0.9999996423721314
            ],
            "name": "L_lowerLeg_s"
        },
        {
            "children": [
                17
            ],
            "translation": [
                0.016645999625325204,
                1.928012013435364,
                -0.5685629844665527
            ],
            "rotation": [
                0.0018454801756888629,
                -0.06037794053554535,
                0.9980664253234864,
                -0.013441246002912522
            ],
            "scale": [
                0.9999325275421144,
                0.9999319911003112,
                0.9999998211860656
            ],
            "name": "L_ankle_s"
        },
        {
            "translation": [
                0.0019389999797567728,
                -0.4171259999275208,
                0.7630659937858582
            ],
            "rotation": [
                0.0,
                0.684457540512085,
                0.7290261387825012,
                -0.0
            ],
            "scale": [
                0.9999232292175292,
                0.9999588131904602,
                0.9999637007713318
            ],
            "name": "L_toes_s"
        },
        {
            "children": [
                19
            ],
            "translation": [
                -0.02081800065934658,
                0.8979290127754211,
                -0.022042999044060708
            ],
            "rotation": [
                0.000738187285605818,
                -0.18205514550209049,
                -0.01605554297566414,
                -0.983156681060791
            ],
            "scale": [
                0.9999986290931702,
                0.9999995827674866,
                0.9999994039535524
            ],
            "name": "spine_lower_s"
        },
        {
            "children": [
                20
            ],
            "translation": [
                0.0020639998838305479,
                1.1155450344085694,
                0.09035100042819976
            ],
            "rotation": [
                -0.0034755633678287269,
                -0.13065655529499058,
                -0.002522090682759881,
                -0.9914180636405944
            ],
            "scale": [
                0.9999987483024596,
                1.0000003576278689,
                0.999998152256012
            ],
            "name": "spine_upper_s"
        },
        {
            "children": [
                47,
                34,
                21
            ],
            "translation": [
                -0.0018550000386312605,
                1.161203980445862,
                0.006271999794989824
            ],
            "rotation": [
                -0.010150102898478508,
                -0.07366514205932617,
                0.006735980045050383,
                -0.9972085952758788
            ],
            "scale": [
                0.9999998807907105,
                1.0000001192092896,
                0.9999993443489076
            ],
            "name": "chest_s"
        },
        {
            "children": [
                22
            ],
            "translation": [
                -0.6149089932441711,
                0.9488760232925416,
                0.2636860013008118
            ],
            "rotation": [
                0.9817032217979432,
                -0.04764414578676224,
                -0.183317705988884,
                0.018670110031962396
            ],
            "scale": [
                0.9999976754188538,
                0.9999303221702576,
                0.9999324679374696
            ],
            "name": "R_clavicle_s"
        },
        {
            "children": [
                23
            ],
            "translation": [
                -2.111923933029175,
                -0.12559999525547028,
                1.0888580083847049
            ],
            "rotation": [
                0.2834657728672028,
                0.3336935043334961,
                0.8702977299690247,
                -0.2253946363925934
            ],
            "scale": [
                0.9998699426651,
                0.9998744130134584,
                0.9999709725379944
            ],
            "name": "R_shoulder_s"
        },
        {
            "children": [
                24
            ],
            "translation": [
                -0.025220999494194986,
                -2.6171200275421144,
                -0.1547600030899048
            ],
            "rotation": [
                0.06784911453723908,
                0.2483595907688141,
                0.4949966371059418,
                -0.8298577666282654
            ],
            "scale": [
                0.9999614357948304,
                0.9999683499336244,
                0.9999919533729552
            ],
            "name": "R_elbow_s"
        },
        {
            "children": [
                25
            ],
            "translation": [
                -0.16791899502277378,
                -1.0104119777679444,
                0.07946500182151795
            ],
            "rotation": [
                0.0331563875079155,
                0.060407381504774097,
                -0.01067278813570738,
                -0.9975658655166626
            ],
            "scale": [
                1.0,
                0.9999999403953552,
                0.9999997615814208
            ],
            "name": "R_forearm_twist_s"
        },
        {
            "children": [
                32,
                30,
                28,
                26
            ],
            "translation": [
                -0.1827310025691986,
                -1.0104119777679444,
                0.0334790013730526
            ],
            "rotation": [
                0.2964109182357788,
                0.11383385211229325,
                0.13370326161384586,
                -0.9387772083282472
            ],
            "scale": [
                0.9999983906745912,
                0.999994933605194,
                0.9999951720237732
            ],
            "name": "R_wrist_s"
        },
        {
            "children": [
                27
            ],
            "matrix": [
                -0.7844284176826477,
                0.6168040037155151,
                -0.0639352798461914,
                0.0,
                0.33884766697883608,
                0.34006640315055849,
                -0.8772035241127014,
                0.0,
                -0.5193428993225098,
                -0.7098288536071777,
                -0.4757229685783386,
                0.0,
                -1.40461802482605,
                -1.6088199615478516,
                0.6932820081710815,
                1.0
            ],
            "name": "R_gunbone_01_s"
        },
        {
            "matrix": [
                0.9546059370040894,
                -0.29725244641304018,
                -0.019083715975284578,
                0.0,
                0.2939956784248352,
                0.9505643248558044,
                -0.09995079040527344,
                0.0,
                0.047852326184511188,
                0.0898025780916214,
                0.9948094487190248,
                0.0,
                -0.09195899963378906,
                -0.23070299625396729,
                0.2827419936656952,
                1.0
            ],
            "name": "R_gunbone_02_s"
        },
        {
            "children": [
                29
            ],
            "matrix": [
                0.4969115257263184,
                0.8617278337478638,
                0.10235010087490082,
                0.0,
                0.193834125995636,
                0.004777193069458008,
                -0.980993628501892,
                0.0,
                -0.845859169960022,
                0.5072919726371765,
                -0.1646486818790436,
                0.0,
                -1.199529051780701,
                -0.6533799767494202,
                0.45990899205207827,
                1.0
            ],
            "name": "R_thumb_01_s"
        },
        {
            "matrix": [
                0.9991909265518189,
                0.03774267062544823,
                -0.01387865748256445,
                0.0,
                -0.03715185448527336,
                0.9984840154647828,
                0.04061153158545494,
                0.0,
                0.01539046596735716,
                -0.040063031017780307,
                0.999078333377838,
                0.0,
                -0.2677290141582489,
                -0.5270339846611023,
                -0.10959599912166596,
                1.0
            ],
            "name": "R_thumb_02_s"
        },
        {
            "children": [
                31
            ],
            "matrix": [
                -0.9505834579467772,
                -0.30999845266342165,
                -0.007954160682857037,
                0.0,
                -0.3055908679962158,
                0.9322094917297364,
                0.19388775527477265,
                0.0,
                -0.05269351974129677,
                0.18675951659679417,
                -0.9808732271194458,
                0.0,
                -1.1493769884109498,
                -1.444746017456055,
                -0.10724099725484848,
                1.0
            ],
            "name": "R_index_01_s"
        },
        {
            "matrix": [
                0.8876577019691467,
                -0.09745744615793228,
                -0.45006102323532107,
                0.0,
                0.42013999819755556,
                0.5715093612670898,
                0.704853355884552,
                0.0,
                0.18850812315940858,
                -0.8147620558738709,
                0.5482545495033264,
                0.0,
                0.12338200211524964,
                -0.6827999949455261,
                -0.21026699244976045,
                1.0
            ],
            "name": "R_index_02_s"
        },
        {
            "children": [
                33
            ],
            "matrix": [
                -0.8489543199539185,
                -0.4681124091148377,
                0.2450695633888245,
                0.0,
                -0.5182567834854126,
                0.6473833322525024,
                -0.5588276982307434,
                0.0,
                0.10294847935438156,
                -0.6014554500579834,
                -0.7921910881996155,
                0.0,
                -0.0003380000125616789,
                -1.6910979747772217,
                -0.316771000623703,
                1.0
            ],
            "name": "R_middle_01_s"
        },
        {
            "matrix": [
                0.9089747667312622,
                -0.1295517086982727,
                -0.39619630575180056,
                0.0,
                0.4053367078304291,
                0.4964800477027893,
                0.7675645351409912,
                0.0,
                0.09724833071231842,
                -0.8582949042320252,
                0.5038053393363953,
                0.0,
                0.06640700250864029,
                -0.6255199909210205,
                -0.21521499752998353,
                1.0
            ],
            "name": "R_middle_02_s"
        },
        {
            "children": [
                35
            ],
            "translation": [
                0.6149089932441711,
                0.9488760232925416,
                0.2636860013008118
            ],
            "rotation": [
                -0.011226548813283444,
                -0.0771401897072792,
                -0.05511771887540817,
                -0.9954320788383484
            ],
            "scale": [
                0.9999989867210388,
                1.0000001192092896,
                0.999999463558197
            ],
            "name": "L_clavicle_s"
        },
        {
            "children": [
                36
            ],
            "translation": [
                2.1119229793548586,
                0.1256050020456314,
                -1.0888580083847049
            ],
            "rotation": [
                0.4653991460800171,
                0.3008439838886261,
                0.7985699772834778,
                -0.2347451150417328
            ],
            "scale": [
                0.999887228012085,
                0.9998685717582704,
                0.9999524354934692
            ],
            "name": "L_shoulder_s"
        },
        {
            "children": [
                37
            ],
            "translation": [
                0.04904599860310555,
                2.6209139823913576,
                0.04789499938488007
            ],
            "rotation": [
                -0.04979528859257698,
                0.024851512163877488,
                0.6672691106796265,
                -0.7427114248275757
            ],
            "scale": [
                0.9999619126319884,
                0.9999622702598572,
                0.9999999403953552
            ],
            "name": "L_elbow_s"
        },
        {
            "children": [
                38
            ],
            "translation": [
                0.1687069982290268,
                1.010478973388672,
                0.07695099711418152
            ],
            "rotation": [
                0.07858510315418244,
                0.4848284721374512,
                0.03386388346552849,
                -0.8704074621200562
            ],
            "scale": [
                0.9999852776527404,
                0.9999997615814208,
                0.9999852180480956
            ],
            "name": "L_forearm_twist_s"
        },
        {
            "children": [
                45,
                43,
                41,
                39
            ],
            "translation": [
                0.17179100215435029,
                1.010478973388672,
                0.06979600340127945
            ],
            "rotation": [
                0.15277238190174104,
                0.6520892381668091,
                -0.060869041830301288,
                -0.7400808930397034
            ],
            "scale": [
                0.9999837875366212,
                0.999998927116394,
                0.9999833106994628
            ],
            "name": "L_wrist_s"
        },
        {
            "children": [
                40
            ],
            "matrix": [
                -0.95459246635437,
                0.2972244918346405,
                -0.0150857325643301,
                0.0,
                0.2635936439037323,
                0.8209630250930786,
                -0.5064802765846252,
                0.0,
                -0.1381606012582779,
                -0.4875051081180573,
                -0.8620181083679199,
                0.0,
                0.20560799539089204,
                1.2836010456085206,
                -0.7361080050468445,
                1.0
            ],
            "name": "L_gunbone_01_s"
        },
        {
            "matrix": [
                0.9546059370040894,
                -0.29725244641304018,
                -0.019083715975284578,
                0.0,
                0.2939956784248352,
                0.9505643248558044,
                -0.09995079040527344,
                0.0,
                0.047852326184511188,
                0.0898025780916214,
                0.9948094487190248,
                0.0,
                0.09195899963378906,
                0.2307009994983673,
                -0.28274500370025637,
                1.0
            ],
            "name": "L_gunbone_02_s"
        },
        {
            "children": [
                42
            ],
            "matrix": [
                0.32593780755996706,
                0.8879240155220032,
                0.3245304822921753,
                0.0,
                0.9349477887153626,
                -0.3535439670085907,
                0.028448326513171197,
                0.0,
                0.14000782370567325,
                0.29415518045425417,
                -0.9453945159912108,
                0.0,
                1.199530005455017,
                0.6533730030059815,
                -0.45990997552871706,
                1.0
            ],
            "name": "L_thumb_01_s"
        },
        {
            "matrix": [
                0.9991906881332398,
                0.03774266317486763,
                -0.0138786556199193,
                0.0,
                -0.03715183585882187,
                0.9984835386276244,
                0.04061150923371315,
                0.0,
                0.015390475280582905,
                -0.040063053369522098,
                0.999078929424286,
                0.0,
                0.2677339911460877,
                0.5270389914512634,
                0.10960400104522704,
                1.0
            ],
            "name": "L_thumb_02_s"
        },
        {
            "children": [
                44
            ],
            "matrix": [
                -0.9903281927108764,
                0.1058276668190956,
                -0.08832770586013794,
                0.0,
                0.07937739044427872,
                0.9617451429367064,
                0.2621825933456421,
                0.0,
                0.11269644647836684,
                0.2526678442955017,
                -0.960839569568634,
                0.0,
                1.1493779420852662,
                1.4447439908981324,
                0.10723800212144852,
                1.0
            ],
            "name": "L_index_01_s"
        },
        {
            "matrix": [
                0.9293776154518129,
                -0.11211154609918596,
                -0.35167959332466128,
                0.0,
                0.3172742128372193,
                0.729561448097229,
                0.6058388948440552,
                0.0,
                0.1886391639709473,
                -0.6746366620063782,
                0.7136118412017822,
                0.0,
                -0.12337599694728852,
                0.6827920079231262,
                0.21028800308704377,
                1.0
            ],
            "name": "L_index_02_s"
        },
        {
            "children": [
                46
            ],
            "matrix": [
                -0.9790096282958984,
                0.17055219411849976,
                -0.11120882630348206,
                0.0,
                0.14288973808288578,
                0.9646483659744264,
                0.2214365154504776,
                0.0,
                0.14504462480545045,
                0.20090700685977937,
                -0.9687691926956176,
                0.0,
                0.0003389999910723418,
                1.6910979747772217,
                0.3167679905891419,
                1.0
            ],
            "name": "L_middle_01_s"
        },
        {
            "matrix": [
                0.9342708587646484,
                0.19413983821868897,
                -0.29907190799713137,
                0.0,
                0.04238242283463478,
                0.7723676562309265,
                0.6337499618530273,
                0.0,
                0.3540309071540833,
                -0.6047679781913757,
                0.7133719325065613,
                0.0,
                -0.1205969974398613,
                1.0146540403366089,
                0.5209619998931885,
                1.0
            ],
            "name": "L_middle_02_s"
        },
        {
            "children": [
                48
            ],
            "translation": [
                0.0,
                2.302596092224121,
                -0.6057029962539673
            ],
            "rotation": [
                0.07323506474494934,
                -0.003660215064883232,
                0.016517100855708127,
                -0.9971713423728944
            ],
            "scale": [
                1.0000001192092896,
                1.0000003576278689,
                1.0000005960464478
            ],
            "name": "neck_s"
        },
        {
            "children": [
                52,
                51,
                50,
                49
            ],
            "translation": [
                0.024576999247074128,
                1.5264370441436768,
                0.25399598479270937
            ],
            "rotation": [
                0.04373793303966522,
                0.03158849477767944,
                0.043307311832904819,
                -0.997603952884674
            ],
            "scale": [
                0.9999995231628418,
                1.000000238418579,
                1.0
            ],
            "name": "head_s"
        },
        {
            "matrix": [
                1.0,
                0.0,
                0.0,
                0.0,
                0.0,
                1.0,
                0.0,
                0.0,
                0.0,
                0.0,
                1.0,
                0.0,
                -0.0,
                -1.709839940071106,
                2.8550360202789308,
                1.0
            ],
            "name": "jaw_s"
        },
        {
            "matrix": [
                0.9966403245925904,
                -0.08165328949689865,
                0.006420683581382036,
                0.0,
                0.08145523816347122,
                0.9963202476501464,
                0.0266716405749321,
                0.0,
                -0.008574972860515118,
                -0.02605898678302765,
                0.9996235966682434,
                0.0,
                -0.8090099692344666,
                1.1428920030593873,
                2.466892957687378,
                1.0
            ],
            "name": "R_eyebrow_s"
        },
        {
            "matrix": [
                0.9751663208007813,
                0.22085990011692048,
                -0.016397742554545404,
                0.0,
                -0.21912771463394169,
                0.972949206829071,
                0.07314451038837433,
                0.0,
                0.03210962936282158,
                -0.06773458421230316,
                0.9971861243247986,
                0.0,
                0.7860320210456848,
                1.344952940940857,
                2.453402996063233,
                1.0
            ],
            "name": "L_eyebrow_s"
        },
        {
            "children": [
                53
            ],
            "translation": [
                -0.0484279990196228,
                2.7969350814819338,
                1.5441529750823977
            ],
            "rotation": [
                0.9994197487831116,
                0.0015071418602019549,
                0.010365447960793972,
                -0.03217286989092827
            ],
            "scale": [
                1.0,
                0.9999690055847168,
                0.999969720840454
            ],
            "name": "hair_01_s"
        },
        {
            "children": [
                54
            ],
            "matrix": [
                1.0,
                0.0,
                0.0,
                0.0,
                0.0,
                1.0,
                0.0,
                0.0,
                0.0,
                0.0,
                1.0,
                0.0,
                -0.0,
                -1.2218910455703736,
                -0.6273019909858704,
                1.0
            ],
            "name": "hair_02_s"
        },
        {
            "matrix": [
                1.0,
                0.0,
                0.0,
                0.0,
                0.0,
                1.0,
                0.0,
                0.0,
                0.0,
                0.0,
                1.0,
                0.0,
                -0.0,
                -1.3843729496002198,
                -0.7782299518585205,
                1.0
            ],
            "name": "hair_03_s"
        }
    ],
    "meshes": [
        {
            "primitives": [
                {
                    "attributes": {
                        "JOINTS_0": 1,
                        "NORMAL": 2,
                        "POSITION": 3,
                        "WEIGHTS_0": 4
                    },
                    "indices": 0,
                    "mode": 4,
                    "material": 0
                }
            ],
            "name": "head_GEO-mesh"
        },
        {
            "primitives": [
                {
                    "attributes": {
                        "JOINTS_0": 6,
                        "NORMAL": 7,
                        "POSITION": 8,
                        "WEIGHTS_0": 9
                    },
                    "indices": 5,
                    "mode": 4,
                    "material": 0
                }
            ],
            "name": "gun_GEO-mesh"
        },
        {
            "primitives": [
                {
                    "attributes": {
                        "JOINTS_0": 11,
                        "NORMAL": 12,
                        "POSITION": 13,
                        "WEIGHTS_0": 14
                    },
                    "indices": 10,
                    "mode": 4,
                    "material": 0
                }
            ],
            "name": "legs_GEO-mesh"
        },
        {
            "primitives": [
                {
                    "attributes": {
                        "JOINTS_0": 16,
                        "NORMAL": 17,
                        "POSITION": 18,
                        "WEIGHTS_0": 19
                    },
                    "indices": 15,
                    "mode": 4,
                    "material": 0
                }
            ],
            "name": "beltbuckle_GEO-mesh"
        },
        {
            "primitives": [
                {
                    "attributes": {
                        "JOINTS_0": 21,
                        "NORMAL": 22,
                        "POSITION": 23,
                        "WEIGHTS_0": 24
                    },
                    "indices": 20,
                    "mode": 4,
                    "material": 0
                }
            ],
            "name": "torso_GEO-mesh"
        }
    ],
    "animations": [
        {
            "channels": [
                {
                    "sampler": 0,
                    "target": {
                        "node": 9,
                        "path": "translation"
                    }
                },
                {
                    "sampler": 1,
                    "target": {
                        "node": 9,
                        "path": "rotation"
                    }
                },
                {
                    "sampler": 2,
                    "target": {
                        "node": 9,
                        "path": "scale"
                    }
                },
                {
                    "sampler": 3,
                    "target": {
                        "node": 18,
                        "path": "translation"
                    }
                },
                {
                    "sampler": 4,
                    "target": {
                        "node": 18,
                        "path": "rotation"
                    }
                },
                {
                    "sampler": 5,
                    "target": {
                        "node": 18,
                        "path": "scale"
                    }
                },
                {
                    "sampler": 6,
                    "target": {
                        "node": 19,
                        "path": "translation"
                    }
                },
                {
                    "sampler": 7,
                    "target": {
                        "node": 19,
                        "path": "rotation"
                    }
                },
                {
                    "sampler": 8,
                    "target": {
                        "node": 19,
                        "path": "scale"
                    }
                },
                {
                    "sampler": 9,
                    "target": {
                        "node": 20,
                        "path": "translation"
                    }
                },
                {
                    "sampler": 10,
                    "target": {
                        "node": 20,
                        "path": "rotation"
                    }
                },
                {
                    "sampler": 11,
                    "target": {
                        "node": 20,
                        "path": "scale"
                    }
                },
                {
                    "sampler": 12,
                    "target": {
                        "node": 47,
                        "path": "translation"
                    }
                },
                {
                    "sampler": 13,
                    "target": {
                        "node": 47,
                        "path": "rotation"
                    }
                },
                {
                    "sampler": 14,
                    "target": {
                        "node": 47,
                        "path": "scale"
                    }
                },
                {
                    "sampler": 15,
                    "target": {
                        "node": 48,
                        "path": "translation"
                    }
                },
                {
                    "sampler": 16,
                    "target": {
                        "node": 48,
                        "path": "rotation"
                    }
                },
                {
                    "sampler": 17,
                    "target": {
                        "node": 48,
                        "path": "scale"
                    }
                },
                {
                    "sampler": 18,
                    "target": {
                        "node": 52,
                        "path": "translation"
                    }
                },
                {
                    "sampler": 19,
                    "target": {
                        "node": 52,
                        "path": "rotation"
                    }
                },
                {
                    "sampler": 20,
                    "target": {
                        "node": 52,
                        "path": "scale"
                    }
                },
                {
                    "sampler": 21,
                    "target": {
                        "node": 34,
                        "path": "translation"
                    }
                },
                {
                    "sampler": 22,
                    "target": {
                        "node": 34,
                        "path": "rotation"
                    }
                },
                {
                    "sampler": 23,
                    "target": {
                        "node": 34,
                        "path": "scale"
                    }
                },
                {
                    "sampler": 24,
                    "target": {
                        "node": 35,
                        "path": "translation"
                    }
                },
                {
                    "sampler": 25,
                    "target": {
                        "node": 35,
                        "path": "rotation"
                    }
                },
                {
                    "sampler": 26,
                    "target": {
                        "node": 35,
                        "path": "scale"
                    }
                },
                {
                    "sampler": 27,
                    "target": {
                        "node": 36,
                        "path": "translation"
                    }
                },
                {
                    "sampler": 28,
                    "target": {
                        "node": 36,
                        "path": "rotation"
                    }
                },
                {
                    "sampler": 29,
                    "target": {
                        "node": 36,
                        "path": "scale"
                    }
                },
                {
                    "sampler": 30,
                    "target": {
                        "node": 37,
                        "path": "translation"
                    }
                },
                {
                    "sampler": 31,
                    "target": {
                        "node": 37,
                        "path": "rotation"
                    }
                },
                {
                    "sampler": 32,
                    "target": {
                        "node": 37,
                        "path": "scale"
                    }
                },
                {
                    "sampler": 33,
                    "target": {
                        "node": 38,
                        "path": "translation"
                    }
                },
                {
                    "sampler": 34,
                    "target": {
                        "node": 38,
                        "path": "rotation"
                    }
                },
                {
                    "sampler": 35,
                    "target": {
                        "node": 38,
                        "path": "scale"
                    }
                },
                {
                    "sampler": 36,
                    "target": {
                        "node": 21,
                        "path": "translation"
                    }
                },
                {
                    "sampler": 37,
                    "target": {
                        "node": 21,
                        "path": "rotation"
                    }
                },
                {
                    "sampler": 38,
                    "target": {
                        "node": 21,
                        "path": "scale"
                    }
                },
                {
                    "sampler": 39,
                    "target": {
                        "node": 22,
                        "path": "translation"
                    }
                },
                {
                    "sampler": 40,
                    "target": {
