{
    "asset": {
        "generator": "COLLADA2GLTF",
        "version": "2.0"
    },
    "scenes": [
        {
            "nodes": [
                0
            ]
        }
    ],
    "scene": 0,
    "nodes": [
        {
            "children": [
                7,
                1
            ],
            "name": "Y_UP"
        },
        {
            "children": [
                6,
                5,
                4,
                3,
                2
            ],
            "name": "bull_geo"
        },
        {
            "mesh": 0,
            "skin": 0,
            "name": "head_GEO"
        },
        {
            "mesh": 1,
            "skin": 1,
            "name": "gun_GEO"
        },
        {
            "mesh": 2,
            "skin": 2,
            "name": "legs_GEO"
        },
        {
            "mesh": 3,
            "skin": 3,
            "name": "beltbuckle_GEO"
        },
        {
            "mesh": 4,
            "skin": 4,
            "name": "torso_GEO"
        },
        {
            "children": [
                8
            ],
            "name": "CHARACTER"
        },
        {
            "children": [
                9
            ],
            "name": "Root"
        },
        {
            "children": [
                18,
                14,
                10
            ],
            "translation": [
                -0.16467499732971192,
                3.834436893463135,
                -0.10285600274801254
            ],
            "rotation": [
                0.023437656462192537,
                0.17679744958877564,
                0.02426812238991261,
                -0.9836688041687012
            ],
            "scale": [
                1.0,
                0.9999995827674866,
                1.0000001192092896
            ],
            "name": "hips_s"
        },
        {
            "children": [
                11
            ],
            "translation": [
                -1.2606229782104493,
                -0.039914000779390338,
                -0.020137999206781389
            ],
            "rotation": [
                0.001906994846649468,
                0.974690318107605,
                -0.2176128625869751,
                0.05081222578883171
            ],
            "scale": [
                0.9999245405197144,
                0.999996304512024,
                0.9999282360076904
            ],
            "name": "R_upperLeg_s"
        },
        {
            "children": [
                12
            ],
            "translation": [
                -0.01402300037443638,
                -1.540985941886902,
                -0.022255999967455865
            ],
            "rotation": [
                0.2777731418609619,
                -0.00276819639839232,
                -0.0002768197446130216,
                -0.9606419801712036
            ],
            "scale": [
                0.9999996423721314,
                0.9999975562095642,
                0.9999976754188538
            ],
            "name": "R_lowerLeg_s"
        },
        {
            "children": [
                13
            ],
            "translation": [
                -0.01661299914121628,
                -1.9242310523986817,
                0.5674499869346619
            ],
            "rotation": [
                -0.0009842560393735769,
                -0.0374324806034565,
                0.9992351531982422,
                -0.010334686376154425
            ],
            "scale": [
                0.9999598264694214,
                0.9999597072601318,
                0.999999701976776
            ],
            "name": "R_ankle_s"
        },
        {
            "matrix": [
                -0.9999232292175292,
                0.0,
                0.0,
                0.0,
                0.0,
                -0.06295821815729141,
                0.997974932193756,
                0.0,
                0.0,
                0.997974932193756,
                0.06303504854440689,
                0.0,
                -0.001939999987371266,
                0.4171259999275208,
                -0.7630659937858582,
                1.0
            ],
            "name": "R_toes_s"
        },
        {
            "children": [
                15
            ],
            "translation": [
                1.2606240510940552,
                -0.03991600126028061,
                -0.020137999206781389
            ],
            "rotation": [
                0.4041293561458588,
                -0.12020225822925568,
                0.8933353424072266,
                -0.1553279161453247
            ],
            "scale": [
                0.9999091625213624,
                0.9998921155929564,
                0.9999797344207764
            ],
            "name": "L_upperLeg_s"
        },
        {
            "children": [
                16
            ],
            "translation": [
                0.01403099950402975,
                1.542222023010254,
                0.022273000329732896
            ],
            "rotation": [
                0.10196149349212648,
                -0.0008612130186520517,
                -0.00009227285772794858,
                -0.9947877526283264
            ],
            "scale": [
                0.999999463558197,
                0.9999996423721314,
                0.9999992847442628
            ],
            "name": "L_lowerLeg_s"
        },
        {
            "children": [
                17
            ],
            "translation": [
                0.01662600040435791,
                1.925786018371582,
                -0.5679069757461548
            ],
            "rotation": [
                -0.03125012293457985,
                -0.1422865092754364,
                0.9793962836265564,
                0.13973359763622285
            ],
            "scale": [
                0.9999306797981262,
                0.999932050704956,
                0.9999982118606569
            ],
            "name": "L_ankle_s"
        },
        {
            "matrix": [
                -0.9999232292175292,
                0.0,
                0.0,
                0.0,
                0.0,
                -0.06295821815729141,
                0.997974932193756,
                0.0,
                0.0,
                0.997974932193756,
                0.06303504854440689,
                0.0,
                0.0019389999797567728,
                -0.4171259999275208,
                0.7630659937858582,
                1.0
            ],
            "name": "L_toes_s"
        },
        {
            "children": [
                19
            ],
            "translation": [
                0.003602999961003661,
                0.7830290198326111,
                -0.03486499935388565
            ],
            "rotation": [
                0.009780793450772764,
                0.01968461461365223,
                0.0032910224981606008,
                -0.9997529983520508
            ],
            "scale": [
                1.0000001192092896,
                1.000000238418579,
                0.999999701976776
            ],
            "name": "spine_lower_s"
        },
        {
            "children": [
                20
            ],
            "translation": [
                0.0006769999745301902,
                1.000190019607544,
                0.0750110000371933
            ],
            "rotation": [
                -0.01897750236093998,
                0.018700681626796724,
                -0.0004613656201399863,
                -0.9996449947357178
            ],
            "scale": [
                1.0000003576278689,
                1.0000004768371585,
                1.0
            ],
            "name": "spine_upper_s"
        },
        {
            "children": [
                47,
                34,
                21
            ],
            "translation": [
                -0.009623000398278237,
                0.9832170009613036,
                0.04025999829173088
            ],
            "rotation": [
                -0.08064660429954529,
                0.021714912727475168,
                -0.010857455432415009,
                -0.996446967124939
            ],
            "scale": [
                0.9999997615814208,
                0.999999701976776,
                0.9999998211860656
            ],
            "name": "chest_s"
        },
        {
            "children": [
                22
            ],
            "translation": [
                -0.6149089932441711,
                0.9488760232925416,
                0.2636860013008118
            ],
            "rotation": [
                0.999173641204834,
                0.0,
                -0.04032374173402786,
                0.0
            ],
            "scale": [
                1.0,
                0.9999479055404664,
                0.9999480843544006
            ],
            "name": "R_clavicle_s"
        },
        {
            "children": [
                23
            ],
            "translation": [
                -2.111923933029175,
                -0.12559999525547028,
                1.0888580083847049
            ],
            "rotation": [
                0.462692677974701,
                0.2598434984683991,
                0.8140104413032532,
                -0.23603689670562745
            ],
            "scale": [
                0.999897837638855,
                0.9998764395713806,
                0.9999599456787108
            ],
            "name": "R_shoulder_s"
        },
        {
            "children": [
                24
            ],
            "translation": [
                -0.025220999494194986,
                -2.6171200275421144,
                -0.1547600030899048
            ],
            "rotation": [
                0.17777004837989808,
                0.1648218333721161,
                0.5762766003608704,
                -0.7804408073425293
            ],
            "scale": [
                0.9999454617500304,
                0.9999443888664246,
                0.9999905824661256
            ],
            "name": "R_elbow_s"
        },
        {
            "children": [
                25
            ],
            "translation": [
                -0.16791899502277378,
                -1.0104119777679444,
                0.07946500182151795
            ],
            "rotation": [
                0.01940819621086121,
                -0.0191006101667881,
                -0.006243839394301176,
                -0.9996097087860109
            ],
            "scale": [
                0.9999996423721314,
                1.000000238418579,
                1.000000238418579
            ],
            "name": "R_forearm_twist_s"
        },
        {
            "children": [
                32,
                30,
                28,
                26
            ],
            "translation": [
                -0.1827310025691986,
                -1.0104119777679444,
                0.0334790013730526
            ],
            "rotation": [
                0.25399473309516909,
                -0.04693581163883209,
                -0.07966170459985733,
                -0.962774693965912
            ],
            "scale": [
                0.9999995827674866,
                0.999995231628418,
                0.9999952912330629
            ],
            "name": "R_wrist_s"
        },
        {
            "children": [
                27
            ],
            "matrix": [
                -0.7844284176826477,
                0.6168040037155151,
                -0.0639352798461914,
                0.0,
                0.33884766697883608,
                0.34006640315055849,
                -0.8772035241127014,
                0.0,
                -0.5193428993225098,
                -0.7098288536071777,
                -0.4757229685783386,
                0.0,
                -1.40461802482605,
                -1.6088199615478516,
                0.6932820081710815,
                1.0
            ],
            "name": "R_gunbone_01_s"
        },
        {
            "matrix": [
                0.9546059370040894,
                -0.29725244641304018,
                -0.019083715975284578,
                0.0,
                0.2939956784248352,
                0.9505643248558044,
                -0.09995079040527344,
                0.0,
                0.047852326184511188,
                0.0898025780916214,
                0.9948094487190248,
                0.0,
                -0.09195899963378906,
                -0.23070299625396729,
                0.2827419936656952,
                1.0
            ],
            "name": "R_gunbone_02_s"
        },
        {
            "children": [
                29
            ],
            "matrix": [
                0.4969115257263184,
                0.8617278337478638,
                0.10235010087490082,
                0.0,
                0.193834125995636,
                0.004777193069458008,
                -0.980993628501892,
                0.0,
                -0.845859169960022,
                0.5072919726371765,
                -0.1646486818790436,
                0.0,
                -1.199529051780701,
                -0.6533799767494202,
                0.45990899205207827,
                1.0
            ],
            "name": "R_thumb_01_s"
        },
        {
            "matrix": [
                0.9991909265518189,
                0.03774267062544823,
                -0.01387865748256445,
                0.0,
                -0.03715185448527336,
                0.9984840154647828,
                0.04061153158545494,
                0.0,
                0.01539046596735716,
                -0.040063031017780307,
                0.999078333377838,
                0.0,
                -0.2677290141582489,
                -0.5270339846611023,
                -0.10959599912166596,
                1.0
            ],
            "name": "R_thumb_02_s"
        },
        {
            "children": [
                31
            ],
            "matrix": [
                -0.9505834579467772,
                -0.30999845266342165,
                -0.007954160682857037,
                0.0,
                -0.3055908679962158,
                0.9322094917297364,
                0.19388775527477265,
                0.0,
                -0.05269351974129677,
                0.18675951659679417,
                -0.9808732271194458,
                0.0,
                -1.1493769884109498,
                -1.444746017456055,
                -0.10724099725484848,
                1.0
            ],
            "name": "R_index_01_s"
        },
        {
            "matrix": [
                0.8876577019691467,
                -0.09745744615793228,
                -0.45006102323532107,
                0.0,
                0.42013999819755556,
                0.5715093612670898,
                0.704853355884552,
                0.0,
                0.18850812315940858,
                -0.8147620558738709,
                0.5482545495033264,
                0.0,
                0.12338200211524964,
                -0.6827999949455261,
                -0.21026699244976045,
                1.0
            ],
            "name": "R_index_02_s"
        },
        {
            "children": [
                33
            ],
            "matrix": [
                -0.8489543199539185,
                -0.4681124091148377,
                0.2450695633888245,
                0.0,
                -0.5182567834854126,
                0.6473833322525024,
                -0.5588276982307434,
                0.0,
                0.10294847935438156,
                -0.6014554500579834,
                -0.7921910881996155,
                0.0,
                -0.0003380000125616789,
                -1.6910979747772217,
                -0.316771000623703,
                1.0
            ],
            "name": "R_middle_01_s"
        },
        {
            "matrix": [
                0.9089747667312622,
                -0.1295517086982727,
                -0.39619630575180056,
                0.0,
                0.4053367078304291,
                0.4964800477027893,
                0.7675645351409912,
                0.0,
                0.09724833071231842,
                -0.8582949042320252,
                0.5038053393363953,
                0.0,
                0.06640700250864029,
                -0.6255199909210205,
                -0.21521499752998353,
                1.0
            ],
            "name": "R_middle_02_s"
        },
        {
            "children": [
                35
            ],
            "translation": [
                0.6149089932441711,
                0.9488760232925416,
                0.2636860013008118
            ],
            "rotation": [
                -0.0022452743723988539,
                0.05068783834576607,
                0.04441336542367935,
                -0.9977238178253174
            ],
            "scale": [
                0.999999225139618,
                0.9999997615814208,
                0.9999997615814208
            ],
            "name": "L_clavicle_s"
        },
        {
            "children": [
                36
            ],
            "translation": [
                2.1119229793548586,
                0.1256050020456314,
                -1.0888580083847049
            ],
            "rotation": [
                0.4660759866237641,
                0.0974106416106224,
                0.852611780166626,
                -0.21512143313884736
            ],
            "scale": [
                0.9999109506607056,
                0.9998860359191896,
                0.9999731779098512
            ],
            "name": "L_shoulder_s"
        },
        {
            "children": [
                37
            ],
            "translation": [
                0.04904599860310555,
                2.6209139823913576,
                0.04789499938488007
            ],
            "rotation": [
                0.004859703127294779,
                -0.06308386474847794,
                0.5031945705413818,
                -0.8618500828742981
            ],
            "scale": [
                0.9999906420707704,
                0.9999902248382568,
                0.999999701976776
            ],
            "name": "L_elbow_s"
        },
        {
            "children": [
                38
            ],
            "translation": [
                0.1687069982290268,
                1.010478973388672,
                0.07695099711418152
            ],
            "rotation": [
                0.08673474192619324,
                0.53249591588974,
                0.0373697392642498,
                -0.8411359190940857
            ],
            "scale": [
                0.9999736547470092,
                0.9999991059303284,
                0.999973237514496
            ],
            "name": "L_forearm_twist_s"
        },
        {
            "children": [
                45,
                43,
                41,
                39
            ],
            "translation": [
                0.17179100215435029,
                1.010478973388672,
                0.06979600340127945
            ],
            "rotation": [
                0.1619960814714432,
                0.5278174877166748,
                0.0451509952545166,
                -0.8325283527374268
            ],
            "scale": [
                0.9999699592590332,
                0.999997079372406,
                0.9999666213989258
            ],
            "name": "L_wrist_s"
        },
        {
            "children": [
                40
            ],
            "matrix": [
                -0.95459246635437,
                0.2972244918346405,
                -0.0150857325643301,
                0.0,
                0.2635936439037323,
                0.8209630250930786,
                -0.5064802765846252,
                0.0,
                -0.1381606012582779,
                -0.4875051081180573,
                -0.8620181083679199,
                0.0,
                0.20560799539089204,
                1.2836010456085206,
                -0.7361080050468445,
                1.0
            ],
            "name": "L_gunbone_01_s"
        },
        {
            "matrix": [
                0.9546059370040894,
                -0.29725244641304018,
                -0.019083715975284578,
                0.0,
                0.2939956784248352,
                0.9505643248558044,
                -0.09995079040527344,
                0.0,
                0.047852326184511188,
                0.0898025780916214,
                0.9948094487190248,
                0.0,
                0.09195899963378906,
                0.2307009994983673,
                -0.28274500370025637,
                1.0
            ],
            "name": "L_gunbone_02_s"
        },
        {
            "children": [
                42
            ],
            "translation": [
                1.199530005455017,
                0.6533730030059815,
                -0.45990997552871706
            ],
            "rotation": [
                0.8100734949111939,
                0.5625637173652649,
                0.14336301386356357,
                -0.08200085163116455
            ],
            "scale": [
                0.9999822378158568,
                0.9999650120735169,
                0.999950110912323
            ],
            "name": "L_thumb_01_s"
        },
        {
            "translation": [
                0.2677339911460877,
                0.5270389914512634,
                0.10960400104522704
            ],
            "rotation": [
                -0.020176827907562257,
                -0.007320253644138575,
                -0.01873122714459896,
                -0.9995940923690796
            ],
            "scale": [
                0.9999995827674866,
                0.999999463558197,
                1.000000238418579
            ],
            "name": "L_thumb_02_s"
        },
        {
            "children": [
                44
            ],
            "translation": [
                1.1493779420852662,
                1.4447439908981324,
                0.10723800212144852
            ],
            "rotation": [
                0.011349702253937722,
                0.9992659687995912,
                0.029004789888858796,
                0.021315298974514009
            ],
            "scale": [
                0.9999141693115234,
                0.9999995231628418,
                0.999914050102234
            ],
            "name": "L_index_01_s"
        },
        {
            "translation": [
                -0.12337599694728852,
                0.6827920079231262,
                0.21028800308704377
            ],
            "rotation": [
                -0.01953088492155075,
                -0.01079581119120121,
                -0.001014990615658462,
                -0.999750554561615
            ],
            "scale": [
                1.000000238418579,
                1.0000001192092896,
                1.000000238418579
            ],
            "name": "L_index_02_s"
        },
        {
            "children": [
                46
            ],
            "translation": [
                0.0003389999910723418,
                1.6910979747772217,
                0.3167679905891419
            ],
            "rotation": [
                0.050381600856781009,
                0.9980356097221376,
                -0.012887601740658284,
                0.03429517149925232
            ],
            "scale": [
                0.999911606311798,
                0.9999997615814208,
                0.999911367893219
            ],
            "name": "L_middle_01_s"
        },
        {
            "translation": [
                -0.06640700250864029,
                0.6255210041999817,
                0.21522100269794465
            ],
            "rotation": [
                -0.0012302877148613334,
                -0.00818141270428896,
                0.024667270481586458,
                -0.9996615648269652
            ],
            "scale": [
                1.0000001192092896,
                1.000000238418579,
                1.0000001192092896
            ],
            "name": "L_middle_02_s"
        },
        {
            "children": [
                48
            ],
            "matrix": [
                1.0,
                0.0,
                0.0,
                0.0,
                0.0,
                1.0,
                0.0,
                0.0,
                0.0,
                0.0,
                1.0,
                0.0,
                -0.0,
                2.302596092224121,
                -0.6057029962539673,
                1.0
            ],
            "name": "neck_s"
        },
        {
            "children": [
                52,
                51,
                50,
                49
            ],
            "translation": [
                0.0,
                1.329606056213379,
                0.30831098556518557
            ],
            "rotation": [
                -0.0818464457988739,
                -0.1603403240442276,
                0.012210831977427006,
                -0.9835865497589112
            ],
            "scale": [
                0.9999991655349731,
                0.9999992847442628,
                0.9999995231628418
            ],
            "name": "head_s"
        },
        {
            "matrix": [
                1.0,
                0.0,
                0.0,
                0.0,
                0.0,
                1.0,
                0.0,
                0.0,
                0.0,
                0.0,
                1.0,
                0.0,
                -0.0,
                -1.709839940071106,
                2.8550360202789308,
                1.0
            ],
            "name": "jaw_s"
        },
        {
            "matrix": [
                0.9966403245925904,
                -0.08165328949689865,
                0.006420683581382036,
                0.0,
                0.08145523816347122,
                0.9963202476501464,
                0.0266716405749321,
                0.0,
                -0.008574972860515118,
                -0.02605898678302765,
                0.9996235966682434,
                0.0,
                -0.8090099692344666,
                1.1428920030593873,
                2.466892957687378,
                1.0
            ],
            "name": "R_eyebrow_s"
        },
        {
            "matrix": [
                0.9751663208007813,
                0.22085990011692048,
                -0.016397742554545404,
                0.0,
                -0.21912771463394169,
                0.972949206829071,
                0.07314451038837433,
                0.0,
                0.03210962936282158,
                -0.06773458421230316,
                0.9971861243247986,
                0.0,
                0.7860320210456848,
                1.344952940940857,
                2.453402996063233,
                1.0
            ],
            "name": "L_eyebrow_s"
        },
        {
            "children": [
                53
            ],
            "translation": [
                -0.0,
                2.732286930084229,
                1.6545970439910889
            ],
            "rotation": [
                0.9891157150268556,
                -0.007904808036983014,
                0.06625273078680039,
                -0.13102903962135316
            ],
            "scale": [
                0.9999998807907105,
                0.9999418258666992,
                0.999941885471344
            ],
            "name": "hair_01_s"
        },
        {
            "children": [
                54
            ],
            "matrix": [
                1.0,
                0.0,
                0.0,
                0.0,
                0.0,
                1.0,
                0.0,
                0.0,
                0.0,
                0.0,
                1.0,
                0.0,
                -0.0,
                -1.2218910455703736,
                -0.6273019909858704,
                1.0
            ],
            "name": "hair_02_s"
        },
        {
            "matrix": [
                1.0,
                0.0,
                0.0,
                0.0,
                0.0,
                1.0,
                0.0,
                0.0,
                0.0,
                0.0,
                1.0,
                0.0,
                0.0,
                -1.3843729496002198,
                -0.7782299518585205,
                1.0
            ],
            "name": "hair_03_s"
        }
    ],
    "meshes": [
        {
            "primitives": [
                {
                    "attributes": {
                        "JOINTS_0": 1,
                        "NORMAL": 2,
                        "POSITION": 3,
                        "WEIGHTS_0": 4
                    },
                    "indices": 0,
                    "mode": 4,
                    "material": 0
                }
            ],
            "name": "head_GEO-mesh"
        },
        {
            "primitives": [
                {
                    "attributes": {
                        "JOINTS_0": 6,
                        "NORMAL": 7,
                        "POSITION": 8,
                        "WEIGHTS_0": 9
                    },
                    "indices": 5,
                    "mode": 4,
                    "material": 0
                }
            ],
            "name": "gun_GEO-mesh"
        },
        {
            "primitives": [
                {
                    "attributes": {
                        "JOINTS_0": 11,
                        "NORMAL": 12,
                        "POSITION": 13,
                        "WEIGHTS_0": 14
                    },
                    "indices": 10,
                    "mode": 4,
                    "material": 0
                }
            ],
            "name": "legs_GEO-mesh"
        },
        {
            "primitives": [
                {
                    "attributes": {
                        "JOINTS_0": 16,
                        "NORMAL": 17,
                        "POSITION": 18,
                        "WEIGHTS_0": 19
                    },
                    "indices": 15,
                    "mode": 4,
                    "material": 0
                }
            ],
            "name": "beltbuckle_GEO-mesh"
        },
        {
            "primitives": [
                {
                    "attributes": {
                        "JOINTS_0": 21,
                        "NORMAL": 22,
                        "POSITION": 23,
                        "WEIGHTS_0": 24
                    },
                    "indices": 20,
                    "mode": 4,
                    "material": 0
                }
            ],
            "name": "torso_GEO-mesh"
        }
    ],
    "animations": [
        {
            "channels": [
                {
                    "sampler": 0,
                    "target": {
                        "node": 9,
                        "path": "translation"
                    }
                },
                {
                    "sampler": 1,
                    "target": {
                        "node": 9,
                        "path": "rotation"
                    }
                },
                {
                    "sampler": 2,
                    "target": {
                        "node": 9,
                        "path": "scale"
                    }
                },
                {
                    "sampler": 3,
                    "target": {
                        "node": 18,
                        "path": "translation"
                    }
                },
                {
                    "sampler": 4,
                    "target": {
                        "node": 18,
                        "path": "rotation"
                    }
                },
                {
                    "sampler": 5,
                    "target": {
                        "node": 18,
                        "path": "scale"
                    }
                },
                {
                    "sampler": 6,
                    "target": {
                        "node": 19,
                        "path": "translation"
                    }
                },
                {
                    "sampler": 7,
                    "target": {
                        "node": 19,
                        "path": "rotation"
                    }
                },
                {
                    "sampler": 8,
                    "target": {
                        "node": 19,
                        "path": "scale"
                    }
                },
                {
                    "sampler": 9,
                    "target": {
                        "node": 20,
                        "path": "translation"
                    }
                },
                {
                    "sampler": 10,
                    "target": {
                        "node": 20,
                        "path": "rotation"
                    }
                },
                {
                    "sampler": 11,
                    "target": {
                        "node": 20,
                        "path": "scale"
                    }
                },
                {
                    "sampler": 12,
                    "target": {
                        "node": 48,
                        "path": "translation"
                    }
                },
                {
                    "sampler": 13,
                    "target": {
                        "node": 48,
                        "path": "rotation"
                    }
                },
                {
                    "sampler": 14,
                    "target": {
                        "node": 48,
                        "path": "scale"
                    }
                },
                {
                    "sampler": 15,
                    "target": {
                        "node": 52,
                        "path": "translation"
                    }
                },
                {
                    "sampler": 16,
                    "target": {
                        "node": 52,
                        "path": "rotation"
                    }
                },
                {
                    "sampler": 17,
                    "target": {
                        "node": 52,
                        "path": "scale"
                    }
                },
                {
                    "sampler": 18,
                    "target": {
                        "node": 34,
                        "path": "translation"
                    }
                },
                {
                    "sampler": 19,
                    "target": {
                        "node": 34,
                        "path": "rotation"
                    }
                },
                {
                    "sampler": 20,
                    "target": {
                        "node": 34,
                        "path": "scale"
                    }
                },
                {
                    "sampler": 21,
                    "target": {
                        "node": 35,
                        "path": "translation"
                    }
                },
                {
                    "sampler": 22,
                    "target": {
                        "node": 35,
                        "path": "rotation"
                    }
                },
                {
                    "sampler": 23,
                    "target": {
                        "node": 35,
                        "path": "scale"
                    }
                },
                {
                    "sampler": 24,
                    "target": {
                        "node": 36,
                        "path": "translation"
                    }
                },
                {
                    "sampler": 25,
                    "target": {
                        "node": 36,
                        "path": "rotation"
                    }
                },
                {
                    "sampler": 26,
                    "target": {
                        "node": 36,
                        "path": "scale"
                    }
                },
                {
                    "sampler": 27,
                    "target": {
                        "node": 37,
                        "path": "translation"
                    }
                },
                {
                    "sampler": 28,
                    "target": {
                        "node": 37,
                        "path": "rotation"
                    }
                },
                {
                    "sampler": 29,
                    "target": {
                        "node": 37,
                        "path": "scale"
                    }
                },
                {
                    "sampler": 30,
                    "target": {
                        "node": 38,
                        "path": "translation"
                    }
                },
                {
                    "sampler": 31,
                    "target": {
                        "node": 38,
                        "path": "rotation"
                    }
                },
                {
                    "sampler": 32,
                    "target": {
                        "node": 38,
                        "path": "scale"
                    }
                },
                {
                    "sampler": 33,
                    "target": {
                        "node": 45,
                        "path": "translation"
                    }
                },
                {
                    "sampler": 34,
                    "target": {
                        "node": 45,
                        "path": "rotation"
                    }
                },
                {
                    "sampler": 35,
                    "target": {
                        "node": 45,
                        "path": "scale"
                    }
                },
                {
                    "sampler": 36,
                    "target": {
                        "node": 46,
                        "path": "translation"
                    }
                },
                {
                    "sampler": 37,
                    "target": {
                        "node": 46,
                        "path": "rotation"
                    }
                },
                {
                    "sampler": 38,
                    "target": {
                        "node": 46,
                        "path": "scale"
                    }
                },
                {
                    "sampler": 39,
                    "target": {
                        "node": 43,
                        "path": "translation"
                    }
                },
                {
                    "sampler": 40,
                    "target": {
                        "node": 43,
                        "path": "rotation"
                    }
                },
                {
                    "sampler": 41,
                    "target": {
                        "node": 43,
                        "path": "scale"
                    }
                },
                {
                    "sampler": 42,
                    "target": {
                        "node": 44,
                        "path": "translation"
                    }
