{
    "asset": {
        "generator": "COLLADA2GLTF",
        "version": "2.0"
    },
    "scenes": [
        {
            "nodes": [
                0
            ]
        }
    ],
    "scene": 0,
    "nodes": [
        {
            "children": [
                1
            ],
            "name": "Y_UP"
        },
        {
            "children": [
                16,
                2
            ],
            "name": "CHARACTER"
        },
        {
            "children": [
                15,
                14,
                13,
                12,
                11,
                10,
                9,
                8,
                7,
                6,
                5,
                4,
                3
            ],
            "name": "GEO"
        },
        {
            "mesh": 0,
            "skin": 0,
            "name": "shovelsmearGeo"
        },
        {
            "mesh": 1,
            "skin": 1,
            "name": "shovelGeo"
        },
        {
            "mesh": 2,
            "skin": 2,
            "name": "lanternGeo"
        },
        {
            "mesh": 3,
            "skin": 3,
            "name": "shoesGeo"
        },
        {
            "mesh": 4,
            "skin": 4,
            "name": "legsGeo"
        },
        {
            "mesh": 5,
            "skin": 5,
            "name": "capeGeo1"
        },
        {
            "mesh": 6,
            "skin": 6,
            "name": "capeGeo"
        },
        {
            "mesh": 7,
            "skin": 7,
            "name": "torsoGeo"
        },
        {
            "mesh": 8,
            "skin": 8,
            "name": "armsGeo"
        },
        {
            "mesh": 9,
            "skin": 9,
            "name": "cloakGeo"
        },
        {
            "mesh": 10,
            "skin": 10,
            "name": "hairGeo"
        },
        {
            "mesh": 11,
            "skin": 11,
            "name": "headGeo"
        },
        {
            "mesh": 12,
            "skin": 12,
            "name": "hatGeo"
        },
        {
            "children": [
                17
            ],
            "name": "Root"
        },
        {
            "children": [
                26,
                22,
                18
            ],
            "translation": [
                -0.4368410110473633,
                3.2314460277557379,
                -0.4154509902000427
            ],
            "rotation": [
                -0.01048837509006262,
                -0.3108680248260498,
                -0.034848473966121677,
                -0.9497551321983336
            ],
            "scale": [
                0.999996781349182,
                1.0000001192092896,
                0.9999963641166688
            ],
            "name": "hips_s"
        },
        {
            "children": [
                19
            ],
            "translation": [
                -0.5176249742507935,
                -0.03145499899983406,
                0.1051980033516884
            ],
            "rotation": [
                0.34608912467956545,
                0.9028704166412354,
                -0.23757480084896089,
                0.09248930215835573
            ],
            "scale": [
                0.9999104142189026,
                0.9999822974205016,
                0.9999035596847534
            ],
            "name": "R_upperLeg_s"
        },
        {
            "children": [
                20
            ],
            "translation": [
                0.08595199882984162,
                -1.656427025794983,
                -0.1462890058755875
            ],
            "rotation": [
                0.39228588342666628,
                0.006489913444966078,
                0.023714318871498109,
                -0.919514000415802
            ],
            "scale": [
                1.0000001192092896,
                0.9999974370002748,
                0.9999979138374328
            ],
            "name": "R_lowerLeg_s"
        },
        {
            "children": [
                21
            ],
            "translation": [
                0.07043199986219406,
                -2.086973905563355,
                0.355989009141922
            ],
            "rotation": [
                0.046198513358831409,
                -0.09421174973249436,
                0.964078724384308,
                0.24394163489341737
            ],
            "scale": [
                0.9999352097511292,
                0.9999354481697084,
                0.999999463558197
            ],
            "name": "R_ankle_s"
        },
        {
            "matrix": [
                -0.9999232292175292,
                0.0,
                0.0,
                0.0,
                0.0,
                -0.06295821815729141,
                0.997974932193756,
                0.0,
                0.0,
                0.997974932193756,
                0.06303504854440689,
                0.0,
                -0.04595699906349182,
                0.34984201192855837,
                -0.7570919990539551,
                1.0
            ],
            "name": "R_toes_s"
        },
        {
            "children": [
                23
            ],
            "translation": [
                0.5176249742507935,
                -0.03145600110292435,
                0.1051980033516884
            ],
            "rotation": [
                0.2210270464420319,
                0.4483286142349243,
                0.8511970043182373,
                -0.15978781878948213
            ],
            "scale": [
                0.999851942062378,
                0.999876081943512,
                0.99996018409729
            ],
            "name": "L_upperLeg_s"
        },
        {
            "children": [
                24
            ],
            "translation": [
                -0.0859529972076416,
                1.6564249992370606,
                0.14628799259662629
            ],
            "rotation": [
                0.4289708435535431,
                0.006182203534990549,
                0.02577454783022404,
                -0.9029241800308228
            ],
            "scale": [
                1.0000003576278689,
                0.9999842047691344,
                0.9999849200248718
            ],
            "name": "L_lowerLeg_s"
        },
        {
            "children": [
                25
            ],
            "translation": [
                -0.07043199986219406,
                2.086973905563355,
                -0.3559899926185608
            ],
            "rotation": [
                -0.00645917933434248,
                0.08261599391698837,
                0.9959440231323242,
                0.03454122692346573
            ],
            "scale": [
                0.999929428100586,
                0.9999298453330994,
                0.9999996423721314
            ],
            "name": "L_ankle_s"
        },
        {
            "matrix": [
                -0.9999232292175292,
                0.0,
                0.0,
                0.0,
                0.0,
                -0.06295821815729141,
                0.997974932193756,
                0.0,
                0.0,
                0.997974932193756,
                0.06303504854440689,
                0.0,
                0.04595699906349182,
                -0.34984201192855837,
                0.7570919990539551,
                1.0
            ],
            "name": "L_toes_s"
        },
        {
            "children": [
                27
            ],
            "translation": [
                -0.012454000301659108,
                0.4745559990406037,
                -0.05157500132918358
            ],
            "rotation": [
                0.06966602802276612,
                -0.02802019566297531,
                -0.023068221285939218,
                -0.9969099164009094
            ],
            "scale": [
                1.0,
                1.0,
                0.9999998211860656
            ],
            "name": "spine_lower_s"
        },
        {
            "children": [
                28
            ],
            "translation": [
                -0.00027600000612437725,
                0.565392017364502,
                -0.04275799915194512
            ],
            "rotation": [
                -0.09399522840976717,
                -0.04459852352738381,
                0.0004613641067408025,
                -0.9945729970932008
            ],
            "scale": [
                1.0,
                0.9999996423721314,
                0.9999998211860656
            ],
            "name": "spine_upper_s"
        },
        {
            "children": [
                64,
                49,
                38,
                35,
                32,
                29
            ],
            "translation": [
                0.022187000140547754,
                0.4218710064888001,
                0.13506299257278446
            ],
            "rotation": [
                -0.2880714237689972,
                -0.08341338485479355,
                0.004613569471985102,
                -0.953955352306366
            ],
            "scale": [
                0.9999995231628418,
                0.9999915957450868,
                0.9999909996986388
            ],
            "name": "chest_s"
        },
        {
            "children": [
                30
            ],
            "translation": [
                -0.820805013179779,
                0.27590298652648928,
                -1.1901429891586304
            ],
            "rotation": [
                0.7937101721763611,
                0.5601953864097595,
                0.1712912768125534,
                -0.16375555098056794
            ],
            "scale": [
                0.999966561794281,
                0.9999355673789978,
                0.999908208847046
            ],
            "name": "R_back_item_01_s"
        },
        {
            "children": [
                31
            ],
            "translation": [
                -2.533849954605103,
                0.3694149851799011,
                0.43966299295425417
            ],
            "rotation": [
                0.004613648634403944,
                -0.17756405472755433,
                -0.07191146165132523,
                -0.981467068195343
            ],
            "scale": [
                0.9999980926513672,
                1.0,
                0.9999984502792358
            ],
            "name": "R_back_item_02_s"
        },
        {
            "translation": [
                -2.615447998046875,
                1.0401040315628052,
                1.082321047782898
            ],
            "rotation": [
                0.04539784416556358,
                -0.1348094493150711,
                0.28281378746032717,
                -0.9485659003257752
            ],
            "scale": [
                0.9999920725822448,
                0.9999935626983644,
                0.9999980926513672
            ],
            "name": "R_back_item_03_s"
        },
        {
            "children": [
                33
            ],
            "translation": [
                1.5119760036468506,
                0.16938699781894685,
                -1.3111549615859986
            ],
            "rotation": [
                -0.33204811811447146,
                0.05997545272111893,
                0.6456113457679749,
                -0.6850430369377136
            ],
            "scale": [
                0.999963104724884,
                0.9999544620513916,
                0.9999904036521912
            ],
            "name": "L_back_item_01_s"
        },
        {
            "children": [
                34
            ],
            "translation": [
                2.939577102661133,
                -0.3529750108718872,
                0.11358999460935593
            ],
            "rotation": [
                -0.16162808239459992,
                -0.15636859834194184,
                0.153385192155838,
                -0.9622334837913512
            ],
            "scale": [
                0.9999938011169434,
                0.9999940395355224,
                0.999993860721588
            ],
            "name": "L_back_item_02_s"
        },
        {
            "translation": [
                1.3192529678344729,
                0.5270310044288635,
                -0.5937199592590332
            ],
            "rotation": [
                0.06994294375181198,
                -0.16455356776714326,
                -0.2632857859134674,
                -0.9480024576187134
            ],
            "scale": [
                0.9999967217445374,
                0.99999737739563,
                0.9999983906745912
            ],
            "name": "L_back_item_03_s"
        },
        {
            "children": [
                36
            ],
            "translation": [
                0.23228800296783448,
                0.2851040065288544,
                -1.3392720222473145
            ],
            "rotation": [
                0.9498686790466308,
                -0.021376807242631913,
                -0.02586748078465462,
                -0.31080955266952517
            ],
            "scale": [
                1.000000238418579,
                0.9999621510505676,
                0.9999622702598572
            ],
            "name": "back_item_01_s"
        },
        {
            "children": [
                37
            ],
            "translation": [
                -0.0,
                2.750765085220337,
                -0.4328689873218537
            ],
            "rotation": [
                -0.16252152621746064,
                -0.12472082674503328,
                -0.03155697882175446,
                -0.978281021118164
            ],
            "scale": [
                0.9999988079071044,
                0.9999975562095642,
                0.9999966621398926
            ],
            "name": "back_item_02_s"
        },
        {
            "translation": [
                -0.0,
                2.5501949787139899,
                0.4206599891185761
            ],
            "rotation": [
                -0.02442119456827641,
                -0.04742755740880966,
                0.14000660181045533,
                -0.9887118339538574
            ],
            "scale": [
                0.9999972581863404,
                0.9999976754188538,
                0.9999999403953552
            ],
            "name": "back_item_03_s"
        },
        {
            "children": [
                39
            ],
            "translation": [
                -0.07397300004959107,
                0.6132630109786987,
                0.3171449899673462
            ],
            "rotation": [
                0.97367525100708,
                0.09734906256198885,
                -0.19451354444026948,
                0.06769835203886032
            ],
            "scale": [
                0.9999939203262328,
                0.999879777431488,
                0.9998829364776612
            ],
            "name": "R_clavicle_s"
        },
        {
            "children": [
                40
            ],
            "translation": [
                -1.290666937828064,
                -0.08788999915122986,
                0.5322359800338745
            ],
            "rotation": [
                0.6457027792930603,
                0.5489689707756043,
                0.4433459043502808,
                -0.2917088568210602
            ],
            "scale": [
                0.9999488592147828,
                0.9999369978904724,
                0.9999257922172546
            ],
            "name": "R_shoulder_s"
        },
        {
            "children": [
                41
            ],
            "translation": [
                -0.0,
                -1.3588659763336182,
                0.0
            ],
            "rotation": [
                0.0005843844264745712,
                0.0008611978846602142,
                0.6614921689033508,
                -0.749933660030365
            ],
            "scale": [
                0.9999701976776124,
                0.999970018863678,
                1.000000238418579
            ],
            "name": "R_elbow_s"
        },
        {
            "children": [
                42
            ],
            "translation": [
                -0.0,
                -0.5356079936027527,
                0.0
            ],
            "rotation": [
                -0.0,
                -0.07455650717020035,
                -0.0,
                -0.9972166419029236
            ],
            "scale": [
                0.9999993443489076,
                1.0,
                0.9999993443489076
            ],
            "name": "R_forearm_twist_s"
        },
        {
            "children": [
                47,
                45,
                43
            ],
            "translation": [
                -0.0,
                -1.0712169408798218,
                -0.0
            ],
            "rotation": [
                0.08765894174575806,
                -0.18196150660514832,
                0.11103464663028716,
                -0.9730753898620606
            ],
            "scale": [
                0.9999974370002748,
                0.999998927116394,
                0.9999979734420776
            ],
            "name": "R_wrist_s"
        },
        {
            "children": [
                44
            ],
            "matrix": [
                0.3015654981136322,
                0.9404917359352112,
                0.15646520256996156,
                0.0,
                0.6977651715278626,
                -0.10581570863723756,
                -0.7084082365036011,
                0.0,
                -0.6497145891189575,
                0.3227930963039398,
                -0.6881487369537354,
                0.0,
                -0.2762449979782105,
                -0.30401700735092165,
                0.03619400039315224,
                1.0
            ],
            "name": "R_thumb_01_s"
        },
        {
            "matrix": [
                0.9480547308921814,
                -0.0440899096429348,
                -0.315027803182602,
                0.0,
                0.21690815687179569,
                0.814006507396698,
                0.5388194918632507,
                0.0,
                0.23267437517642976,
                -0.5791647434234619,
                0.781287431716919,
                0.0,
                0.0,
                -0.4674389958381653,
                0.0,
                1.0
            ],
            "name": "R_thumb_02_s"
        },
        {
            "children": [
                46
            ],
            "matrix": [
                -0.9973587989807128,
                0.06533557921648026,
                0.02820641547441483,
                0.0,
                0.04567452892661095,
                0.8917124271392822,
                -0.4502796828746796,
                0.0,
                -0.05457264930009842,
                -0.447849303483963,
                -0.8923294544219971,
                0.0,
                -0.24238599836826325,
                -0.7442650198936462,
                -0.0673770010471344,
                1.0
            ],
            "name": "R_index_01_s"
        },
        {
            "matrix": [
                0.994469404220581,
                -0.011957146227359772,
                -0.10434065759181977,
                0.0,
                0.08490297943353653,
                0.6763169169425964,
                0.7316945791244507,
                0.0,
                0.06181776896119118,
                -0.73650723695755,
                0.6735921502113342,
                0.0,
                0.0,
                -0.2981660068035126,
                -0.0,
                1.0
            ],
            "name": "R_index_02_s"
        },
        {
            "children": [
                48
            ],
            "matrix": [
                -0.9397813081741332,
                -0.09776735305786132,
                -0.3272163569927216,
                0.0,
                0.10112889856100084,
                0.8355045318603516,
                -0.5400838255882263,
                0.0,
                0.326193243265152,
                -0.5407024621963501,
                -0.7752888202667236,
                0.0,
                0.16262300312519074,
                -0.6742309927940369,
                0.006194000132381916,
                1.0
            ],
            "name": "R_middle_01_s"
        },
        {
            "matrix": [
                0.9996416568756104,
                -0.012538441456854344,
                -0.02363002672791481,
                0.0,
                0.026674946770071985,
                0.5336007475852966,
                0.8452939987182617,
                0.0,
                0.002009496558457613,
                -0.8456223011016846,
                0.5337446331977844,
                0.0,
                -0.0,
                -0.32290101051330569,
                -0.0,
                1.0
            ],
            "name": "R_middle_02_s"
        },
        {
            "children": [
                50
            ],
            "translation": [
                0.07397300004959107,
                0.6132640242576599,
                0.3171449899673462
            ],
            "rotation": [
                -0.05656230449676514,
                0.01747003197669983,
                -0.23673740029335026,
                -0.9697666764259338
            ],
            "scale": [
                0.9999938011169434,
                0.9999935626983644,
                0.999999463558197
            ],
            "name": "L_clavicle_s"
        },
        {
            "children": [
                51
            ],
            "translation": [
                1.2906630039215088,
                0.08788900077342987,
                -0.5322359800338745
            ],
            "rotation": [
                0.8439687490463257,
                0.22514860332012177,
                0.4417463839054108,
                0.2044791579246521
            ],
            "scale": [
                0.9999641180038452,
                0.9998671412467957,
                0.999888002872467
            ],
            "name": "L_shoulder_s"
        },
        {
            "children": [
                52
            ],
            "matrix": [
                0.6144214272499085,
                -0.7888163924217224,
                0.014900456182658673,
                0.0,
                0.788935124874115,
                0.6144354939460754,
                -0.004152026958763599,
                0.0,
                -0.005879795644432306,
                0.01430702768266201,
                0.9998807311058044,
                0.0,
                -0.3017999827861786,
                1.510113000869751,
                0.07200299948453903,
                1.0
            ],
            "name": "L_elbow_s"
        },
        {
            "children": [
                53
            ],
            "matrix": [
                0.8399560451507568,
                0.0,
                0.5426379442214966,
                0.0,
                -0.0,
                1.0,
                0.0,
                0.0,
                -0.5426379442214966,
                -0.0,
                0.8399560451507568,
                0.0,
                0.0,
                0.5356099605560303,
                0.0,
                1.0
            ],
            "name": "L_forearm_twist_s"
        },
        {
            "children": [
                62,
                60,
                58,
                54
            ],
            "matrix": [
                0.40531280636787417,
                0.00009669364953879268,
                0.914155900478363,
                0.0,
                0.29849809408187868,
                0.9451749324798584,
                -0.1324349939823151,
                0.0,
                -0.864048421382904,
                0.32655808329582217,
                0.3830637037754059,
                0.0,
                0.0,
                1.0712199211120606,
                0.0,
                1.0
            ],
            "name": "L_wrist_s"
        },
        {
            "children": [
                57,
                55
            ],
            "matrix": [
                -0.2461635768413544,
                0.958605170249939,
                -0.14268285036087037,
                0.0,
                0.9450544118881226,
                0.2701523303985596,
                0.18389840424060825,
                0.0,
                0.2148355543613434,
                -0.08956941217184067,
                -0.9724355936050416,
                0.0,
                -1.9142080545425416,
                0.09166199713945388,
                -0.9973469972610474,
                1.0
            ],
            "name": "L_gunbone_01_fk_s"
        },
        {
            "children": [
                56
            ],
            "matrix": [
                1.0,
                0.0,
                0.0,
                0.0,
                0.0,
                1.0,
                0.0,
                0.0,
                0.0,
                0.0,
                1.0,
                0.0,
                0.04516100138425827,
                0.42273998260498049,
                0.0,
                1.0
            ],
            "name": "shovel_smear_01_s"
        },
        {
            "name": "shovel_smear_02_s"
        },
        {
            "translation": [
                -1.2054229974746705,
                -4.666143894195557,
                0.5819389820098877
            ],
            "rotation": [
                -0.5810254216194153,
                0.4841773808002472,
                0.23656809329986573,
                -0.6098349094390869
            ],
            "scale": [
                0.9999589323997498,
                0.999945104122162,
                0.9999193549156188
            ],
            "name": "L_gunbone_02_fk_s"
        },
        {
            "children": [
                59
            ],
            "matrix": [
                -0.25899264216423037,
                0.9512162208557128,
                0.16739779710769654,
                0.0,
                0.8644473552703857,
                0.30566349625587466,
                -0.3990623950958252,
                0.0,
                -0.43077120184898379,
                0.04133965075016022,
                -0.9014386534690856,
                0.0,
                0.2762449979782105,
                0.3040179908275604,
                -0.036191001534461978,
                1.0
            ],
            "name": "L_thumb_01_s"
        },
        {
            "matrix": [
                0.9981544613838196,
                0.05678828060626984,
                -0.02149109542369843,
                0.0,
                -0.059697408229112628,
                0.9824860692024232,
                -0.17651599645614625,
                0.0,
                0.0110906008630991,
                0.1774732768535614,
                0.9840633869171144,
                0.0,
                0.0,
                0.4674389958381653,
                0.0,
                1.0
            ],
            "name": "L_thumb_02_s"
        },
        {
            "children": [
                61
            ],
            "matrix": [
                -0.9972622990608216,
                -0.01318179164081812,
                -0.07207626849412918,
                0.0,
                0.03354891762137413,
                0.7923685312271118,
                -0.6091103553771973,
                0.0,
                0.06514003872871399,
                -0.6098918318748474,
                -0.7897477149963379,
                0.0,
                0.24238699674606324,
                0.7442659735679627,
                0.06737899780273438,
                1.0
            ],
            "name": "L_index_01_s"
        },
        {
            "matrix": [
                0.9944693446159364,
                -0.011970472522079945,
                -0.10433705151081084,
                0.0,
                0.0716882050037384,
                0.8034051060676575,
                0.5910893082618713,
                0.0,
                0.07674840092658997,
                -0.5953004956245422,
                0.7998205423355103,
                0.0,
                -0.0,
                0.2981660068035126,
                0.0,
                1.0
            ],
            "name": "L_index_02_s"
        },
        {
            "children": [
                63
            ],
            "matrix": [
                -0.96978497505188,
                -0.1398841291666031,
                -0.19951999187469486,
                0.0,
                0.005670455750077963,
                0.8056358098983765,
                -0.5923716425895691,
                0.0,
                0.2436054050922394,
                -0.5756464004516602,
                -0.780486524105072,
                0.0,
                -0.16262300312519074,
                0.674232006072998,
                -0.006189999636262655,
                1.0
            ],
            "name": "L_middle_01_s"
        },
        {
            "matrix": [
                0.9996424317359924,
                -0.012490181252360344,
                -0.02362710051238537,
                0.0,
                0.02452995255589485,
                0.7797241806983948,
                0.6256247162818909,
                0.0,
                0.010607830248773098,
                -0.6259812116622925,
                0.7797525525093079,
                0.0,
                0.0,
                0.3228990137577057,
                0.0,
                1.0
            ],
            "name": "L_middle_02_s"
        },
        {
            "children": [
                69,
                68,
                67,
                66,
                65
            ],
            "matrix": [
                0.9997873306274414,
                0.020154941827058793,
                -0.00446238974109292,
                0.0,
                -0.02041831985116005,
                0.997330605983734,
                -0.07010446488857269,
                0.0,
                0.0030375169590115549,
                0.07018064707517624,
                0.9975298047065736,
                0.0,
                0.0,
                1.257944941520691,
                -0.013802999630570412,
                1.0
            ],
            "name": "neck_s"
        },
        {
            "matrix": [
                1.0,
                0.0,
                0.0,
                0.0,
                0.0,
                1.0,
                0.0,
                0.0,
                0.0,
                0.0,
                1.0,
                0.0,
                0.010623999871313572,
                0.6337350010871887,
                1.826802968978882,
                1.0
            ],
            "name": "Front_collar_s"
        },
        {
            "matrix": [
                1.0,
                0.0,
                0.0,
                0.0,
                0.0,
                1.0,
                0.0,
                0.0,
                0.0,
                0.0,
                1.0,
                0.0,
                -1.2281509637832642,
                0.8943740129470825,
                0.3908770084381104,
                1.0
            ],
            "name": "R_collar_s"
        },
        {
            "matrix": [
                1.0,
                0.0,
                0.0,
                0.0,
                0.0,
                1.0,
                0.0,
                0.0,
                0.0,
                0.0,
                1.0,
                0.0,
                0.016440000385046006,
                0.98123699426651,
                -0.999109983444214,
                1.0
            ],
            "name": "Back_collar_s"
        },
        {
            "matrix": [
                1.0,
                0.0,
                0.0,
                0.0,
                0.0,
                1.0,
                0.0,
                0.0,
                0.0,
                0.0,
                1.0,
                0.0,
                1.2281500101089478,
                0.8943780064582825,
                0.3908770084381104,
                1.0
            ],
            "name": "L_collar_s"
        },
        {
            "children": [
                75,
                73,
                71,
                70
            ],
            "translation": [
                0.017264999449253084,
                1.530007004737854,
                -0.2673569917678833
            ],
            "rotation": [
                0.18598730862140656,
                0.46058526635169985,
                -0.06892628967761994,
                -0.8651600480079651
            ],
            "scale": [
                0.99997740983963,
                0.999996304512024,
                0.9999749660491945
            ],
            "name": "head_s"
        },
        {
            "matrix": [
                1.0,
                0.0,
                0.0,
                0.0,
                0.0,
                0.8198260068893433,
                0.0,
                0.0,
                0.0,
                0.0,
                1.0,
                0.0,
                -0.0,
                -0.39272600412368777,
                1.6083279848098758,
                1.0
            ],
            "name": "jaw_s"
        },
        {
            "children": [
                72
            ],
            "matrix": [
                0.9865739345550536,
                0.06946095079183579,
                0.1478055864572525,
                0.0,
                -0.04254437610507012,
                0.9831047058105468,
                -0.1780270040035248,
                0.0,
                -0.15767452120780946,
                0.16934816539287568,
                0.9728603363037108,
                0.0,
                1.5975110530853272,
                0.8125270009040833,
                0.6193649768829346,
                1.0
            ],
            "name": "L_hair_01_s"
        },
        {
            "matrix": [
                1.0,
                0.0,
                0.0,
                0.0,
                0.0,
                1.0,
                0.0,
                0.0,
                0.0,
                0.0,
                1.0,
                0.0,
                0.0,
                -1.2544779777526856,
                0.0,
                1.0
            ],
            "name": "L_hair_02_s"
        },
        {
            "children": [
                74
            ],
            "matrix": [
                0.961496114730835,
                0.08485249429941178,
                -0.2613833248615265,
                0.0,
                0.12643225491046906,
                -0.980966567993164,
                0.14658254384994508,
                0.0,
                -0.24400007724761964,
                -0.17398740351200105,
                -0.953919529914856,
                0.0,
                -1.5975099802017213,
                0.8125309944152832,
                0.6193649768829346,
                1.0
            ],
            "name": "R_hair_01_s"
        },
        {
            "matrix": [
                1.0,
                0.0,
                0.0,
                0.0,
                0.0,
                1.0,
                0.0,
                0.0,
                0.0,
                0.0,
                1.0,
                0.0,
                -0.0000019999999949504856,
                1.2544770240783692,
                0.0,
                1.0
            ],
            "name": "R_hair_02_s"
        },
        {
            "children": [
                76
            ],
            "matrix": [
                1.0,
                0.0,
                0.0,
                0.0,
                0.0,
                0.9477697014808656,
                0.3189517557621002,
                0.0,
                0.0,
                -0.3189517557621002,
                0.9477697014808656,
                0.0,
                0.0,
                2.011790990829468,
                0.23386600613594056,
                1.0
            ],
            "name": "hat_01_s"
        },
        {
            "translation": [
                0.02209199965000153,
                1.1152080297470093,
                -0.06893300265073776
            ],
            "rotation": [
                -0.0,
                -0.0,
                -0.0,
                -1.0
            ],
            "name": "hat_02_s"
        }
    ],
    "meshes": [
        {
            "primitives": [
                {
                    "attributes": {
                        "JOINTS_0": 1,
                        "NORMAL": 2,
                        "POSITION": 3,
                        "WEIGHTS_0": 4
                    },
                    "indices": 0,
                    "mode": 4,
                    "material": 0
                }
            ],
            "name": "shovelsmearGeo-mesh"
        },
        {
            "primitives": [
                {
                    "attributes": {
                        "JOINTS_0": 6,
                        "NORMAL": 7,
                        "POSITION": 8,
                        "WEIGHTS_0": 9
                    },
                    "indices": 5,
                    "mode": 4,
                    "material": 1
                },
                {
                    "attributes": {
                        "JOINTS_0": 11,
                        "NORMAL": 12,
                        "POSITION": 13,
                        "WEIGHTS_0": 14
                    },
                    "indices": 10,
                    "mode": 4,
                    "material": 0
                }
            ],
            "name": "shovelGeo-mesh"
        },
        {
            "primitives": [
                {
                    "attributes": {
                        "JOINTS_0": 16,
                        "NORMAL": 17,
                        "POSITION": 18,
                        "WEIGHTS_0": 19
                    },
                    "indices": 15,
                    "mode": 4,
                    "material": 1
                },
                {
                    "attributes": {
                        "JOINTS_0": 21,
                        "NORMAL": 22,
                        "POSITION": 23,
                        "WEIGHTS_0": 24
                    },
                    "indices": 20,
                    "mode": 4,
                    "material": 2
                }
            ],
            "name": "lanternGeo-mesh"
        },
        {
            "primitives": [
                {
                    "attributes": {
                        "JOINTS_0": 26,
                        "NORMAL": 27,
                        "POSITION": 28,
                        "WEIGHTS_0": 29
                    },
                    "indices": 25,
                    "mode": 4,
                    "material": 1
                }
            ],
            "name": "shoesGeo-mesh"
        },
        {
            "primitives": [
                {
                    "attributes": {
                        "JOINTS_0": 31,
                        "NORMAL": 32,
                        "POSITION": 33,
                        "WEIGHTS_0": 34
                    },
                    "indices": 30,
                    "mode": 4,
                    "material": 1
