{
    "asset": {
        "generator": "COLLADA2GLTF",
        "version": "2.0"
    },
    "scenes": [
        {
            "nodes": [
                0
            ]
        }
    ],
    "scene": 0,
    "nodes": [
        {
            "children": [
                1
            ],
            "name": "Y_UP"
        },
        {
            "children": [
                16,
                2
            ],
            "name": "CHARACTER"
        },
        {
            "children": [
                15,
                14,
                13,
                12,
                11,
                10,
                9,
                8,
                7,
                6,
                5,
                4,
                3
            ],
            "name": "GEO"
        },
        {
            "mesh": 0,
            "skin": 0,
            "name": "shovelsmearGeo"
        },
        {
            "mesh": 1,
            "skin": 1,
            "name": "shovelGeo"
        },
        {
            "mesh": 2,
            "skin": 2,
            "name": "lanternGeo"
        },
        {
            "mesh": 3,
            "skin": 3,
            "name": "shoesGeo"
        },
        {
            "mesh": 4,
            "skin": 4,
            "name": "legsGeo"
        },
        {
            "mesh": 5,
            "skin": 5,
            "name": "capeGeo1"
        },
        {
            "mesh": 6,
            "skin": 6,
            "name": "capeGeo"
        },
        {
            "mesh": 7,
            "skin": 7,
            "name": "torsoGeo"
        },
        {
            "mesh": 8,
            "skin": 8,
            "name": "armsGeo"
        },
        {
            "mesh": 9,
            "skin": 9,
            "name": "cloakGeo"
        },
        {
            "mesh": 10,
            "skin": 10,
            "name": "hairGeo"
        },
        {
            "mesh": 11,
            "skin": 11,
            "name": "headGeo"
        },
        {
            "mesh": 12,
            "skin": 12,
            "name": "hatGeo"
        },
        {
            "children": [
                17
            ],
            "name": "Root"
        },
        {
            "children": [
                26,
                22,
                18
            ],
            "translation": [
                -0.010774999856948853,
                4.274373054504395,
                -0.39390599727630618
            ],
            "rotation": [
                0.06963525712490082,
                -0.031218990683555604,
                -0.010088501498103142,
                -0.997032880783081
            ],
            "scale": [
                1.000000238418579,
                0.9999999403953552,
                0.9999998211860656
            ],
            "name": "hips_s"
        },
        {
            "children": [
                19
            ],
            "translation": [
                -0.5176249742507935,
                -0.03145499899983406,
                0.1051980033516884
            ],
            "rotation": [
                -0.0587477833032608,
                0.926277220249176,
                0.3720795512199402,
                0.008212385699152947
            ],
            "scale": [
                0.99990314245224,
                0.9999861121177672,
                0.99991637468338
            ],
            "name": "R_upperLeg_s"
        },
        {
            "children": [
                20
            ],
            "translation": [
                0.08595199882984162,
                -1.656427025794983,
                -0.1462890058755875
            ],
            "rotation": [
                0.37038809061050417,
                0.006551457569003105,
                0.02242259867489338,
                -0.928583323955536
            ],
            "scale": [
                0.9999997615814208,
                1.0000003576278689,
                1.0
            ],
            "name": "R_lowerLeg_s"
        },
        {
            "children": [
                21
            ],
            "translation": [
                0.07043199986219406,
                -2.086973905563355,
                0.355989009141922
            ],
            "rotation": [
                -0.027712952345609666,
                0.24818630516529084,
                0.9682618379592896,
                0.01008862629532814
            ],
            "scale": [
                0.999994158744812,
                0.9999952912330629,
                0.9999994039535524
            ],
            "name": "R_ankle_s"
        },
        {
            "matrix": [
                -0.9999232292175292,
                0.0,
                0.0,
                0.0,
                0.0,
                -0.06295821815729141,
                0.997974932193756,
                0.0,
                0.0,
                0.997974932193756,
                0.06303504854440689,
                0.0,
                -0.04595699906349182,
                0.34984201192855837,
                -0.7570919990539551,
                1.0
            ],
            "name": "R_toes_s"
        },
        {
            "children": [
                23
            ],
            "translation": [
                0.5176249742507935,
                -0.03145600110292435,
                0.1051980033516884
            ],
            "rotation": [
                -0.04355332627892494,
                0.15643516182899476,
                0.983856201171875,
                0.07517256587743759
            ],
            "scale": [
                0.9999856352806092,
                0.9999862313270568,
                0.9999992847442628
            ],
            "name": "L_upperLeg_s"
        },
        {
            "children": [
                24
            ],
            "translation": [
                -0.0916299968957901,
                1.7658460140228272,
                0.15595200657844544
            ],
            "rotation": [
                -0.10525092482566834,
                -0.005228713154792786,
                -0.007504739332944155,
                -0.9944032430648804
            ],
            "scale": [
                0.9999996423721314,
                0.9999983906745912,
                0.9999988675117492
            ],
            "name": "L_lowerLeg_s"
        },
        {
            "children": [
                25
            ],
            "translation": [
                -0.07508499920368195,
                2.2248361110687258,
                -0.37950599193573
            ],
            "rotation": [
                -0.009350432083010674,
                0.1637248396873474,
                0.9845020771026612,
                -0.06194661557674408
            ],
            "scale": [
                0.9999499320983888,
                0.9999516606330872,
                0.9999985098838806
            ],
            "name": "L_ankle_s"
        },
        {
            "matrix": [
                -0.9999232292175292,
                0.0,
                0.0,
                0.0,
                0.0,
                -0.06295821815729141,
                0.997974932193756,
                0.0,
                0.0,
                0.997974932193756,
                0.06303504854440689,
                0.0,
                0.04595699906349182,
                -0.34984201192855837,
                0.7570919990539551,
                1.0
            ],
            "name": "L_toes_s"
        },
        {
            "children": [
                27
            ],
            "translation": [
                0.007009000051766634,
                0.5735009908676148,
                0.019453000277280809
            ],
            "rotation": [
                -0.07468019425868988,
                -0.2676860988140106,
                -0.05099659785628319,
                -0.9592527747154236
            ],
            "scale": [
                0.999998927116394,
                0.9999995827674866,
                0.999999701976776
            ],
            "name": "spine_lower_s"
        },
        {
            "children": [
                28
            ],
            "translation": [
                0.037376999855041507,
                0.6572179794311523,
                0.03719700127840042
            ],
            "rotation": [
                -0.07283438742160797,
                -0.18771468102931977,
                -0.021622713655233384,
                -0.9792803525924684
            ],
            "scale": [
                0.9999987483024596,
                0.9999992847442628,
                0.9999986886978148
            ],
            "name": "spine_upper_s"
        },
        {
            "children": [
                64,
                49,
                38,
                35,
                32,
                29
            ],
            "translation": [
                0.0551769994199276,
                0.5862439870834351,
                -0.024215999990701677
            ],
            "rotation": [
                -0.10928162932395937,
                -0.09596361219882964,
                -0.10842043161392212,
                -0.9834086894989014
            ],
            "scale": [
                0.9999989867210388,
                0.9999986290931702,
                0.9999991655349731
            ],
            "name": "chest_s"
        },
        {
            "children": [
                30
            ],
            "translation": [
                -0.9828400015830994,
                0.12938599288463593,
                -2.3123629093170168
            ],
            "rotation": [
                0.741298496723175,
                0.6477019190788269,
                0.17575116455554966,
                0.003998581785708666
            ],
            "scale": [
                0.999950647354126,
                0.9999374747276306,
                0.9998947381973268
            ],
            "name": "R_back_item_01_s"
        },
        {
            "children": [
                31
            ],
            "translation": [
                -3.345452070236206,
                0.8223009705543518,
                0.7389010190963745
            ],
            "rotation": [
                0.02389873005449772,
                -0.007258817087858915,
                0.18743745982646946,
                -0.981958508491516
            ],
            "scale": [
                0.9999986886978148,
                0.9999983310699464,
                0.999999463558197
            ],
            "name": "R_back_item_02_s"
        },
        {
            "translation": [
                -2.3776259422302248,
                0.9204189777374268,
                0.3991299867630005
            ],
            "rotation": [
                0.24771714210510258,
                -0.06609687954187393,
                0.2638030350208283,
                -0.9298747777938844
            ],
            "scale": [
                0.9999921321868897,
                0.9999858736991882,
                0.99999338388443
            ],
            "name": "R_back_item_03_s"
        },
        {
            "children": [
                33
            ],
            "translation": [
                1.6998889446258546,
                0.27259498834609988,
                -1.27886700630188
            ],
            "rotation": [
                -0.4153759181499481,
                0.19247861206531528,
                0.5189660787582398,
                -0.7218475937843323
            ],
            "scale": [
                0.999983012676239,
                0.9999758005142212,
                0.999988615512848
            ],
            "name": "L_back_item_01_s"
        },
        {
            "children": [
                34
            ],
            "translation": [
                1.8975019454956058,
                -0.3687390089035034,
                -0.15033699572086338
            ],
            "rotation": [
                -0.010088573209941388,
                -0.0994708314538002,
                -0.17439691722393037,
                -0.9795861840248108
            ],
            "scale": [
                0.9999987483024596,
                0.999999701976776,
                1.0000001192092896
            ],
            "name": "L_back_item_02_s"
        },
        {
            "translation": [
                1.8831720352172852,
                -0.15998199582099918,
                -0.2815009951591492
            ],
            "rotation": [
                -0.0274050310254097,
                -0.0722188800573349,
                -0.1758720725774765,
                -0.9813774228096008
            ],
            "scale": [
                0.9999986886978148,
                0.9999986886978148,
                0.9999996423721314
            ],
            "name": "L_back_item_03_s"
        },
        {
            "children": [
                36
            ],
            "translation": [
                0.25321099162101748,
                0.13074399530887605,
                -2.1294970512390138
            ],
            "rotation": [
                0.9512833952903748,
                0.10307008028030396,
                0.12859919667243958,
                -0.2605202794075012
            ],
            "scale": [
                0.9999983310699464,
                0.9999486804008484,
                0.9999489188194276
            ],
            "name": "back_item_01_s"
        },
        {
            "children": [
                37
            ],
            "translation": [
                -0.0,
                2.750765085220337,
                -0.4328689873218537
            ],
            "rotation": [
                0.09537863731384278,
                0.018054580315947537,
                0.185282438993454,
                -0.9778781533241272
            ],
            "scale": [
                0.9999972581863404,
                0.9999966621398926,
                0.9999993443489076
            ],
            "name": "back_item_02_s"
        },
        {
            "translation": [
                0.0,
                2.5501949787139899,
                0.4206599891185761
            ],
            "rotation": [
                -0.0,
                -0.0,
                0.13825449347496034,
                -0.9903963208198549
            ],
            "scale": [
                0.9999984502792358,
                0.9999984502792358,
                1.0
            ],
            "name": "back_item_03_s"
        },
        {
            "children": [
                39
            ],
            "translation": [
                -0.07397300004959107,
                0.6132630109786987,
                0.3171449899673462
            ],
            "rotation": [
                0.999911904335022,
                -0.011411221697926522,
                0.0,
                0.0
            ],
            "scale": [
                1.000000238418579,
                0.9999081492424012,
                0.9999078512191773
            ],
            "name": "R_clavicle_s"
        },
        {
            "children": [
                40
            ],
            "translation": [
                -1.290666937828064,
                -0.08788999915122986,
                0.5322359800338745
            ],
            "rotation": [
                0.8181014060974121,
                0.22767074406147004,
                0.5260540843009949,
                -0.0458601750433445
            ],
            "scale": [
                0.9999735951423644,
                0.9999241828918456,
                0.9999421238899232
            ],
            "name": "R_shoulder_s"
        },
        {
            "children": [
                41
            ],
            "matrix": [
                -0.06205298751592636,
                -0.97308349609375,
                -0.22189687192440034,
                0.0,
                0.9219011068344116,
                0.02929906733334065,
                -0.3862907588481903,
                0.0,
                0.3823961317539215,
                -0.2285434454679489,
                0.8952873349189758,
                0.0,
                -0.0,
                -1.3588659763336182,
                0.0,
                1.0
            ],
            "name": "R_elbow_s"
        },
        {
            "children": [
                42
            ],
            "matrix": [
                0.9558586478233336,
                0.0,
                0.2938242256641388,
                0.0,
                -0.0,
                1.0,
                0.0,
                0.0,
                -0.2938242256641388,
                -0.0,
                0.9558586478233336,
                0.0,
                -0.0,
                -0.5356079936027527,
                0.0,
                1.0
            ],
            "name": "R_forearm_twist_s"
        },
        {
            "children": [
                47,
                45,
                43
            ],
            "matrix": [
                0.4742648005485535,
                -0.01017998531460762,
                -0.8803040981292725,
                0.0,
                0.4692091047763825,
                0.849003255367279,
                0.2429516315460205,
                0.0,
                0.7449030876159668,
                -0.5282794237136841,
                0.40743160247802737,
                0.0,
                0.0,
                -1.0712169408798218,
                -0.0,
                1.0
            ],
            "name": "R_wrist_s"
        },
        {
            "children": [
                44
            ],
            "matrix": [
                -0.0463930293917656,
                0.9835087656974793,
                0.1745348423719406,
                0.0,
                0.9484092593193054,
                0.09829408675432204,
                -0.3012884557247162,
                0.0,
                -0.31348222494125368,
                0.15154609084129334,
                -0.9373294115066528,
                0.0,
                -0.2762449979782105,
                -0.30401700735092165,
                0.03619400039315224,
                1.0
            ],
            "name": "R_thumb_01_s"
        },
        {
            "matrix": [
                0.9981589317321776,
                0.056727077811956409,
                -0.021485643461346628,
                0.0,
                -0.05963613837957382,
                0.9824892282485962,
                -0.17651644349098206,
                0.0,
                0.011096070520579817,
                0.1774728000164032,
                0.9840635061264038,
                0.0,
                0.0,
                -0.4674389958381653,
                0.0,
                1.0
            ],
            "name": "R_thumb_02_s"
        },
        {
            "children": [
                46
            ],
            "matrix": [
                -0.9972527027130128,
                -0.01309242844581604,
                -0.07211156189441681,
                0.0,
                0.006513040512800217,
                0.9641909003257752,
                -0.26512470841407778,
                0.0,
                0.07300044596195221,
                -0.26488128304481509,
                -0.9614543318748474,
                0.0,
                -0.24238599836826325,
                -0.7442650198936462,
                -0.0673770010471344,
                1.0
            ],
            "name": "R_index_01_s"
        },
        {
            "matrix": [
                0.994471311569214,
                -0.0119918966665864,
                -0.10431741923093796,
                0.0,
                0.07117502391338349,
                0.8074002265930176,
                0.5856817364692688,
                0.0,
                0.07720136642456055,
                -0.5898687243461609,
                0.8037900924682617,
                0.0,
                0.0,
                -0.2981660068035126,
                -0.0,
                1.0
            ],
            "name": "R_index_02_s"
        },
        {
            "children": [
                48
            ],
            "matrix": [
                -0.9851031303405762,
                -0.16808860003948213,
                -0.03536670655012131,
                0.0,
                -0.13026055693626405,
                0.865285336971283,
                -0.48405489325523379,
                0.0,
                0.11196763813495636,
                -0.47225308418273928,
                -0.8742858171463013,
                0.0,
                0.16262300312519074,
                -0.6742309927940369,
                0.006194000132381916,
                1.0
            ],
            "name": "R_middle_01_s"
        },
        {
            "matrix": [
                0.9996427893638612,
                -0.01252451166510582,
                -0.023588169366121293,
                0.0,
                0.025308290496468545,
                0.7263287901878357,
                0.6868723034858704,
                0.0,
                0.008529708720743657,
                -0.6872246265411377,
                0.7263869643211365,
                0.0,
                -0.0,
                -0.32290101051330569,
                -0.0,
                1.0
            ],
            "name": "R_middle_02_s"
        },
        {
            "children": [
                50
            ],
            "translation": [
                0.07397300004959107,
                0.6132640242576599,
                0.3171449899673462
            ],
            "rotation": [
                -0.0,
                -0.0,
                -0.10103855282068253,
                -0.9948824048042296
            ],
            "scale": [
                0.999999701976776,
                0.999999701976776,
                1.0
            ],
            "name": "L_clavicle_s"
        },
        {
            "children": [
                51
            ],
            "translation": [
                1.2906630039215088,
                0.08788900077342987,
                -0.5322359800338745
            ],
            "rotation": [
                0.6876566410064697,
                0.22247260808944706,
                0.6867644786834717,
                -0.07695645838975907
            ],
            "scale": [
                0.9999307990074158,
                0.9998745918273926,
                0.9999303221702576
            ],
            "name": "L_shoulder_s"
        },
        {
            "children": [
                52
            ],
            "matrix": [
                0.6865772604942322,
                -0.7270163893699646,
                0.00527484156191349,
                0.0,
                0.7270085215568543,
                0.6865960955619812,
                0.003613625885918737,
                0.0,
                -0.006248898338526487,
                0.001354068866930902,
                0.9999794363975524,
                0.0,
                -0.0,
                1.3588629961013797,
                -0.0,
                1.0
            ],
            "name": "L_elbow_s"
        },
        {
            "children": [
                53
            ],
            "matrix": [
                0.7897229790687561,
                0.0,
                0.6134583353996277,
                0.0,
                -0.0,
                1.0,
                0.0,
                0.0,
                -0.6134583353996277,
                -0.0,
                0.7897229790687561,
                0.0,
                0.0,
                0.5356099605560303,
                -0.0,
                1.0
            ],
            "name": "L_forearm_twist_s"
        },
        {
            "children": [
                62,
                60,
                58,
                54
            ],
            "matrix": [
                0.2576051652431488,
                0.16133102774620057,
                0.9526470899581908,
                0.0,
                0.5468243360519409,
                0.788538932800293,
                -0.2813688516616822,
                0.0,
                -0.7965854406356812,
                0.5934286117553711,
                0.11491546779870989,
                0.0,
                -0.0,
                1.0712199211120606,
                -0.0,
                1.0
            ],
            "name": "L_wrist_s"
        },
        {
            "children": [
                57,
                55
            ],
            "matrix": [
                0.003301202552393079,
                0.9968682527542114,
                -0.07852908968925476,
                0.0,
                0.9755714535713196,
                0.01410060841590166,
                0.21905867755413056,
                0.0,
                0.21948543190956117,
                -0.07732859998941422,
                -0.9724700450897216,
                0.0,
                -2.17913293838501,
                0.6267049908638,
                -0.9955350160598756,
                1.0
            ],
            "name": "L_gunbone_01_fk_s"
        },
        {
            "children": [
                56
            ],
            "matrix": [
                1.0,
                0.0,
                0.0,
                0.0,
                0.0,
                1.0,
                0.0,
                0.0,
                0.0,
                0.0,
                1.0,
                0.0,
                0.04516100138425827,
                0.42273998260498049,
                -0.0,
                1.0
            ],
            "name": "shovel_smear_01_s"
        },
        {
            "name": "shovel_smear_02_s"
        },
        {
            "translation": [
                -0.9622349739074708,
                -4.626562118530273,
                0.4382629990577698
            ],
            "rotation": [
                -0.4699409902095795,
                0.4979915916919708,
                0.3212291896343231,
                -0.6541756987571716
            ],
            "scale": [
                0.999985933303833,
                0.999987542629242,
                0.9999819397926332
            ],
            "name": "L_gunbone_02_fk_s"
        },
        {
            "children": [
                59
            ],
            "matrix": [
                0.11666002869606018,
                0.7871686816215515,
                0.6055193543434143,
                0.0,
                0.9840199947357178,
                -0.009170292876660824,
                -0.1774912327528,
                0.0,
                -0.13413529098033906,
                0.6165744662284851,
                -0.775652289390564,
                0.0,
                0.2762449979782105,
                0.3040179908275604,
                -0.036191001534461978,
                1.0
            ],
            "name": "L_thumb_01_s"
        },
        {
            "matrix": [
                0.9981544613838196,
                0.05678828060626984,
                -0.02149109542369843,
                0.0,
                -0.059697408229112628,
                0.9824860692024232,
                -0.17651599645614625,
                0.0,
                0.0110906008630991,
                0.1774732768535614,
                0.9840633869171144,
                0.0,
                0.0,
                0.4674389958381653,
                0.0,
                1.0
            ],
            "name": "L_thumb_02_s"
        },
        {
            "children": [
                61
            ],
            "matrix": [
                -0.995406687259674,
                0.09312649071216585,
                -0.020318327471613885,
                0.0,
                0.09233242273330689,
                0.8891875147819519,
                -0.448125034570694,
                0.0,
                -0.02366638369858265,
                -0.44796064496040347,
                -0.893697202205658,
                0.0,
                0.24238699674606324,
                0.7442659735679627,
                0.06737899780273438,
                1.0
            ],
            "name": "L_index_01_s"
        },
        {
            "matrix": [
                0.994469404220581,
                -0.0119712483137846,
                -0.10433582961559296,
                0.0,
                0.080559141933918,
                0.7243357300758362,
                0.684708833694458,
                0.0,
                0.06737586855888367,
                -0.6893274784088135,
                0.7212942838668823,
                0.0,
                -0.0,
                0.2981660068035126,
                0.0,
                1.0
            ],
            "name": "L_index_02_s"
        },
        {
            "children": [
                63
            ],
            "matrix": [
                -0.8968096375465393,
                -0.433140367269516,
                -0.08920472860336304,
                0.0,
                -0.3519836366176605,
                0.8213112354278565,
                -0.4489313066005707,
                0.0,
                0.26772287487983706,
                -0.37124279141426089,
                -0.8890101313591003,
                0.0,
                -0.16262300312519074,
                0.674232006072998,
                -0.006189999636262655,
                1.0
            ],
            "name": "L_middle_01_s"
        },
        {
            "matrix": [
                0.9996415972709656,
                -0.012514287605881693,
                -0.023647194728255273,
                0.0,
                0.0256765503436327,
                0.6971004009246826,
                0.7164978981018066,
                0.0,
                0.007517448160797358,
                -0.7168493866920471,
                0.697172999382019,
                0.0,
                0.0,
                0.3228990137577057,
                -0.0,
                1.0
            ],
            "name": "L_middle_02_s"
        },
        {
            "children": [
                69,
                68,
                67,
                66,
                65
            ],
            "matrix": [
                0.8882887363433838,
                0.4484410285949707,
                0.09918581694364548,
                0.0,
                -0.45615819096565249,
                0.8363028168678284,
                0.3041507601737976,
                0.0,
                0.05344897881150246,
                -0.31541839241981509,
                0.9474450945854188,
                0.0,
                -0.0,
                1.257944941520691,
                -0.013802999630570412,
                1.0
            ],
            "name": "neck_s"
        },
        {
            "matrix": [
                1.0,
                0.0,
                0.0,
                0.0,
                0.0,
                1.0,
                0.0,
                0.0,
                0.0,
                0.0,
                1.0,
                0.0,
                0.010623999871313572,
                0.6337350010871887,
                1.826802968978882,
                1.0
            ],
            "name": "Front_collar_s"
        },
        {
            "matrix": [
                1.0,
                0.0,
                0.0,
                0.0,
                0.0,
                1.0,
                0.0,
                0.0,
                0.0,
                0.0,
                1.0,
                0.0,
                -1.2281509637832642,
                0.8943740129470825,
                0.3908770084381104,
                1.0
            ],
            "name": "R_collar_s"
        },
        {
            "matrix": [
                1.0,
                0.0,
                0.0,
                0.0,
                0.0,
                1.0,
                0.0,
                0.0,
                0.0,
                0.0,
                1.0,
                0.0,
                0.016440000385046006,
                0.98123699426651,
                -0.999109983444214,
                1.0
            ],
            "name": "Back_collar_s"
        },
        {
            "matrix": [
                1.0,
                0.0,
                0.0,
                0.0,
                0.0,
                1.0,
                0.0,
                0.0,
                0.0,
                0.0,
                1.0,
                0.0,
                1.2281500101089478,
                0.8943780064582825,
                0.3908770084381104,
                1.0
            ],
            "name": "L_collar_s"
        },
        {
            "children": [
                75,
                73,
                71,
                70
            ],
            "translation": [
                -0.0,
                1.4435269832611085,
                -0.2169190049171448
            ],
            "rotation": [
                0.4353930652141571,
                0.39236441254615786,
                0.1898924857378006,
                -0.7876509428024292
            ],
            "scale": [
                0.9999817609786988,
                0.9999781847000122,
                0.9999660849571228
            ],
            "name": "head_s"
        },
        {
            "matrix": [
                1.0,
                0.0,
                0.0,
                0.0,
                0.0,
                0.8198260068893433,
                0.0,
                0.0,
                0.0,
                0.0,
                1.0,
                0.0,
                -0.0,
                -0.39272600412368777,
                1.6083279848098758,
                1.0
            ],
            "name": "jaw_s"
        },
        {
            "children": [
                72
            ],
            "matrix": [
                0.9865739345550536,
                0.06946095079183579,
                0.1478055864572525,
                0.0,
                -0.04254437610507012,
                0.9831047058105468,
                -0.1780270040035248,
                0.0,
                -0.15767452120780946,
                0.16934816539287568,
                0.9728603363037108,
                0.0,
                1.5975110530853272,
                0.8125270009040833,
                0.6193649768829346,
                1.0
            ],
            "name": "L_hair_01_s"
        },
        {
            "matrix": [
                1.0,
                0.0,
                0.0,
                0.0,
                0.0,
                1.0,
                0.0,
                0.0,
                0.0,
                0.0,
                1.0,
                0.0,
                0.0,
                -1.2544779777526856,
                0.0,
                1.0
            ],
            "name": "L_hair_02_s"
        },
        {
            "children": [
                74
            ],
            "matrix": [
                0.961496114730835,
                0.08485249429941178,
                -0.2613833248615265,
                0.0,
                0.12643225491046906,
                -0.980966567993164,
                0.14658254384994508,
                0.0,
                -0.24400007724761964,
                -0.17398740351200105,
                -0.953919529914856,
                0.0,
                -1.5975099802017213,
                0.8125309944152832,
                0.6193649768829346,
                1.0
            ],
            "name": "R_hair_01_s"
        },
        {
            "matrix": [
                1.0,
                0.0,
                0.0,
                0.0,
                0.0,
                1.0,
                0.0,
                0.0,
                0.0,
                0.0,
                1.0,
                0.0,
                -0.0000019999999949504856,
                1.2544770240783692,
                0.0,
                1.0
            ],
            "name": "R_hair_02_s"
        },
        {
            "children": [
                76
            ],
            "matrix": [
                1.0,
                0.0,
                0.0,
                0.0,
                0.0,
                0.9477697014808656,
                0.3189517557621002,
                0.0,
                0.0,
                -0.3189517557621002,
                0.9477697014808656,
                0.0,
                -0.0,
                2.011790990829468,
                0.23386600613594056,
                1.0
            ],
            "name": "hat_01_s"
        },
        {
            "translation": [
                0.02209199965000153,
                1.1152080297470093,
                -0.06893300265073776
            ],
            "rotation": [
                -0.0,
                -0.0,
                -0.0,
                -1.0
            ],
            "name": "hat_02_s"
        }
    ],
    "meshes": [
        {
            "primitives": [
                {
                    "attributes": {
                        "JOINTS_0": 1,
                        "NORMAL": 2,
                        "POSITION": 3,
                        "WEIGHTS_0": 4
                    },
                    "indices": 0,
                    "mode": 4,
                    "material": 0
                }
            ],
            "name": "shovelsmearGeo-mesh"
        },
        {
            "primitives": [
                {
                    "attributes": {
                        "JOINTS_0": 6,
                        "NORMAL": 7,
                        "POSITION": 8,
                        "WEIGHTS_0": 9
                    },
                    "indices": 5,
                    "mode": 4,
                    "material": 1
                },
                {
                    "attributes": {
                        "JOINTS_0": 11,
                        "NORMAL": 12,
                        "POSITION": 13,
                        "WEIGHTS_0": 14
                    },
                    "indices": 10,
                    "mode": 4,
                    "material": 0
                }
            ],
            "name": "shovelGeo-mesh"
        },
        {
            "primitives": [
                {
                    "attributes": {
                        "JOINTS_0": 16,
                        "NORMAL": 17,
                        "POSITION": 18,
                        "WEIGHTS_0": 19
                    },
                    "indices": 15,
                    "mode": 4,
                    "material": 1
                },
                {
                    "attributes": {
                        "JOINTS_0": 21,
                        "NORMAL": 22,
                        "POSITION": 23,
                        "WEIGHTS_0": 24
                    },
                    "indices": 20,
                    "mode": 4,
                    "material": 2
                }
            ],
            "name": "lanternGeo-mesh"
        },
        {
            "primitives": [
                {
                    "attributes": {
                        "JOINTS_0": 26,
                        "NORMAL": 27,
                        "POSITION": 28,
                        "WEIGHTS_0": 29
                    },
                    "indices": 25,
                    "mode": 4,
                    "material": 1
                }
            ],
            "name": "shoesGeo-mesh"
        },
        {
            "primitives": [
                {
                    "attributes": {
                        "JOINTS_0": 31,
                        "NORMAL": 32,
                        "POSITION": 33,
                        "WEIGHTS_0": 34
                    },
