{
    "asset": {
        "generator": "COLLADA2GLTF",
        "version": "2.0"
    },
    "scenes": [
        {
            "nodes": [
                0
            ]
        }
    ],
    "scene": 0,
    "nodes": [
        {
            "children": [
                1
            ],
            "name": "Y_UP"
        },
        {
            "children": [
                45,
                2
            ],
            "name": "CHARACTER"
        },
        {
            "children": [
                3
            ],
            "name": "Root"
        },
        {
            "children": [
                12,
                8,
                4
            ],
            "translation": [
                0.05882999673485756,
                3.037111043930054,
                0.1503899991512299
            ],
            "rotation": [
                0.04379935935139656,
                0.2499700486660004,
                -0.005321127828210592,
                -0.9672476649284364
            ],
            "scale": [
                0.999999463558197,
                0.999999701976776,
                0.9999999403953552
            ],
            "name": "hips_s"
        },
        {
            "children": [
                5
            ],
            "translation": [
                -1.2492070198059085,
                -0.004267000127583742,
                -0.04543900117278099
            ],
            "rotation": [
                0.11451207101345062,
                0.9065921902656556,
                0.27039363980293276,
                -0.3030586242675781
            ],
            "scale": [
                0.9999632239341736,
                0.9999968409538268,
                0.9999659657478333
            ],
            "name": "R_upperLeg_s"
        },
        {
            "children": [
                6
            ],
            "translation": [
                0.0,
                -1.023468017578125,
                -0.0
            ],
            "rotation": [
                0.5438171029090881,
                -0.0,
                -0.0,
                -0.8391939401626587
            ],
            "scale": [
                1.0,
                0.9999767541885376,
                0.9999767541885376
            ],
            "name": "R_lowerLeg_s"
        },
        {
            "children": [
                7
            ],
            "translation": [
                0.0,
                -1.02367103099823,
                0.0
            ],
            "rotation": [
                0.05514908581972122,
                0.28168174624443056,
                0.9567275643348694,
                0.04733656719326973
            ],
            "scale": [
                0.9999095797538756,
                0.9999164342880248,
                0.9999920129776
            ],
            "name": "R_ankle_s"
        },
        {
            "translation": [
                -0.001939999987371266,
                0.49420300126075747,
                -1.083384990692139
            ],
            "rotation": [
                0.002614429220557213,
                0.7071571946144104,
                0.7070340514183044,
                -0.002614429220557213
            ],
            "scale": [
                0.9999643564224244,
                0.9999820590019226,
                0.9999822378158568
            ],
            "name": "R_toes_s"
        },
        {
            "children": [
                9
            ],
            "translation": [
                1.249210000038147,
                -0.004271000158041716,
                -0.04543900117278099
            ],
            "rotation": [
                0.2568600475788117,
                0.1641247421503067,
                0.9499916434288024,
                -0.06732926517724991
            ],
            "scale": [
                0.999871790409088,
                0.9998672008514404,
                0.9999877214431764
            ],
            "name": "L_upperLeg_s"
        },
        {
            "children": [
                10
            ],
            "translation": [
                -0.0,
                1.1807719469070437,
                0.0
            ],
            "rotation": [
                0.00006151625711936504,
                -0.0,
                -0.0,
                -1.0
            ],
            "name": "L_lowerLeg_s"
        },
        {
            "children": [
                11
            ],
            "translation": [
                -0.0,
                1.180994987487793,
                -0.0
            ],
            "rotation": [
                -0.0019069964764639736,
                -0.11820300668478012,
                0.99283766746521,
                0.016055680811405187
            ],
            "scale": [
                0.9999199509620668,
                0.9999209642410278,
                0.9999992847442628
            ],
            "name": "L_ankle_s"
        },
        {
            "translation": [
                0.0019389999797567728,
                -0.49420300126075747,
                1.083384990692139
            ],
            "rotation": [
                0.0026144296862185,
                0.7071571946144104,
                0.7070340514183044,
                -0.0026144296862185
            ],
            "scale": [
                0.9999644160270692,
                0.9999820590019226,
                0.9999822378158568
            ],
            "name": "L_toes_s"
        },
        {
            "children": [
                41,
                29,
                13
            ],
            "matrix": [
                1.0,
                0.0,
                0.0,
                0.0,
                0.0,
                1.0,
                0.0,
                0.0,
                0.0,
                0.0,
                1.0,
                0.0,
                -0.00001700000029813964,
                0.6217150092124939,
                0.026279998943209649,
                1.0
            ],
            "name": "chest_s"
        },
        {
            "children": [
                14
            ],
            "matrix": [
                1.0,
                0.0,
                0.0,
                0.0,
                0.0,
                -1.000016689300537,
                0.0,
                0.0,
                0.0,
                0.0,
                -1.000016689300537,
                0.0,
                -0.3079859912395478,
                1.6144180297851565,
                0.03956399857997894,
                1.0
            ],
            "name": "R_clavicle_s"
        },
        {
            "children": [
                16,
                15
            ],
            "matrix": [
                0.0890665277838707,
                -0.04237372800707817,
                0.9950605034828186,
                0.0,
                0.8945271372795105,
                -0.43578583002090456,
                -0.09856651723384856,
                0.0,
                0.43790844082832339,
                0.8989425301551819,
                -0.0008169411448761821,
                0.0,
                -3.2864739894866945,
                0.1525000035762787,
                0.541579008102417,
                1.0
            ],
            "name": "R_shoulder_s"
        },
        {
            "matrix": [
                1.0,
                0.0,
                0.0,
                0.0,
                0.0,
                1.0,
                0.0,
                0.0,
                0.0,
                0.0,
                1.0,
                0.0,
                -0.0,
                -0.040001001209020618,
                9.999999974752428e-7,
                1.0
            ],
            "name": "R_shoulder_twist_s"
        },
        {
            "children": [
                28,
                19,
                17
            ],
            "matrix": [
                0.9847264289855956,
                -0.17411008477211,
                -0.000007679921509406995,
                0.0,
                0.1740599125623703,
                0.984441578388214,
                0.024019107222557069,
                0.0,
                -0.004174444358795881,
                -0.023653578013181688,
                0.9997113943099976,
                0.0,
                -0.0,
                -1.6544599533081058,
                -0.0,
                1.0
            ],
            "name": "R_elbow_s"
        },
        {
            "children": [
                18
            ],
            "matrix": [
                -0.07525123655796051,
                0.9895420074462892,
                0.1224989891052246,
                0.0,
                -0.012078640051186085,
                0.12199780344963074,
                -0.9923996925354004,
                0.0,
                -0.9970223903656006,
                -0.07622769474983216,
                0.002833307720720768,
                0.0,
                -0.1948769986629486,
                0.13672900199890138,
                0.07593400031328201,
                1.0
            ],
            "name": "bracelet_s"
        },
        {
            "matrix": [
                0.9533948302268982,
                -0.3017180263996124,
                -0.0,
                0.0,
                0.3017180263996124,
                0.9533948302268982,
                0.0,
                0.0,
                0.0,
                -0.0,
                1.0,
                0.0,
                0.01117900013923645,
                -1.1922160387039185,
                0.2254820019006729,
                1.0
            ],
            "name": "pandal_s"
        },
        {
            "children": [
                26,
                24,
                22,
                20
            ],
            "matrix": [
                0.9929201006889344,
                -0.04267864674329758,
                -0.11084890365600586,
                0.0,
                0.03811487928032875,
                0.9983486533164978,
                -0.04296839237213135,
                0.0,
                0.11249984055757524,
                0.038439083844423297,
                0.9929081201553344,
                0.0,
                -0.0,
                -1.5737990140914918,
                0.0,
                1.0
            ],
            "name": "R_wrist_s"
        },
        {
            "children": [
                21
            ],
            "matrix": [
                -0.9796870946884156,
                -0.1514413207769394,
                -0.13092228770256046,
                0.0,
                -0.049155574291944507,
                -0.45192915201187136,
                0.8906416893005371,
                0.0,
                -0.19405876100063325,
                0.8790468573570252,
                0.4354048073291779,
                0.0,
                0.4937810003757477,
                -6.626152992248535,
                -1.1280099153518677,
                1.0
            ],
            "name": "R_gunbone_01_s"
        },
        {
            "matrix": [
                0.9999770522117616,
                -0.006475500296801329,
                0.002165775280445814,
                0.0,
                0.006442118436098099,
                0.9998652338981628,
                0.015077701769769192,
                0.0,
                -0.0022631241008639337,
                -0.01506340689957142,
                0.9998841881752014,
                0.0,
                -0.2859210073947907,
                -1.2846410274505616,
                1.513700008392334,
                1.0
            ],
            "name": "R_gunbone_02_s"
        },
        {
            "children": [
                23
            ],
            "matrix": [
                -0.0355139784514904,
                0.9706519842147828,
                0.2376042753458023,
                0.0,
                0.8106496334075928,
                0.16711272299289704,
                -0.561095118522644,
                0.0,
                -0.5843545794487,
                0.1726653128862381,
                -0.7927895188331604,
                0.0,
                -0.659296989440918,
                -0.22402699291706089,
                0.00107999995816499,
                1.0
            ],
            "name": "R_thumb_01_s"
        },
        {
            "matrix": [
                0.999680519104004,
                0.017883872613310819,
                -0.017855994403362279,
                0.0,
                -0.017419930547475816,
                0.999514639377594,
                0.025807183235883714,
                0.0,
                0.018308889120817186,
                -0.02548789605498314,
                0.999507486820221,
                0.0,
                0.0,
                -1.3294520378112794,
                0.0,
                1.0
            ],
            "name": "R_thumb_02_s"
        },
        {
            "children": [
                25
            ],
            "matrix": [
                -0.9493096470832824,
                0.3096058666706085,
                -0.0533335953950882,
                0.0,
                0.3141348361968994,
                0.9378859996795654,
                -0.1472599357366562,
                0.0,
                0.004426900297403336,
                -0.15655788779258729,
                -0.9876017570495606,
                0.0,
                -0.7685909867286682,
                -1.2929630279541016,
                0.03251500055193901,
                1.0
            ],
            "name": "R_index_01_s"
        },
        {
            "matrix": [
                0.9999055862426758,
                0.0009885550243780017,
                0.013699997216463088,
                0.0,
                -0.0019622279796749359,
                0.99745774269104,
                0.07123905420303345,
                0.0,
                -0.013594738207757472,
                -0.07125918567180634,
                0.9973652958869934,
                0.0,
                0.0,
                -0.6858270168304443,
                -0.0,
                1.0
            ],
            "name": "R_index_02_s"
        },
        {
            "children": [
                27
            ],
            "matrix": [
                -0.96979820728302,
                -0.02766040712594986,
                -0.24224300682544709,
                0.0,
                0.04192057624459267,
                0.9598316550254822,
                -0.2774238884449005,
                0.0,
                0.2401862591505051,
                -0.2792065441608429,
                -0.9296829700469972,
                0.0,
                0.2036229968070984,
                -1.392084002494812,
                0.09327200055122376,
                1.0
            ],
            "name": "R_middle_01_s"
        },
        {
            "matrix": [
                0.999027132987976,
                -0.02237207069993019,
                -0.03800156712532044,
                0.0,
                0.022768359631299977,
                0.9996905326843262,
                0.010027116164565088,
                0.0,
                0.03776545822620392,
                -0.01088261604309082,
                0.9992268681526184,
                0.0,
                0.0,
                -0.67706698179245,
                -0.0,
                1.0
            ],
            "name": "R_middle_02_s"
        },
        {
            "matrix": [
                1.0,
                0.0,
                0.0,
                0.0,
                0.0,
                1.0,
                0.0,
                0.0,
                0.0,
                0.0,
                1.0,
                0.0,
                -0.0,
                -0.5245999693870544,
                0.0,
                1.0
            ],
            "name": "R_forearm_twist_s"
        },
        {
            "children": [
                30
            ],
            "matrix": [
                1.0,
                0.0,
                0.0,
                0.0,
                0.0,
                1.0,
                0.0,
                0.0,
                0.0,
                0.0,
                1.0,
                0.0,
                0.3079859912395478,
                1.6144139766693116,
                0.03956399857997894,
                1.0
            ],
            "name": "L_clavicle_s"
        },
        {
            "children": [
                32,
                31
            ],
            "matrix": [
                0.0890665352344513,
                -0.04237372800707817,
                0.9950605630874634,
                0.0,
                0.8945268988609314,
                -0.435785710811615,
                -0.0985664874315262,
                0.0,
                0.43790844082832339,
                0.8989425301551819,
                -0.0008169411448761821,
                0.0,
                3.286475896835327,
                -0.1524920016527176,
                -0.541579008102417,
                1.0
            ],
            "name": "L_shoulder_s"
        },
        {
            "matrix": [
                1.0,
                0.0,
                0.0,
                0.0,
                0.0,
                1.0,
                0.0,
                0.0,
                0.0,
                0.0,
                1.0,
                0.0,
                -0.0,
                0.03999999910593033,
                -0.0,
                1.0
            ],
            "name": "L_shoulder_twist_s"
        },
        {
            "children": [
                40,
                33
            ],
            "matrix": [
                0.9847264289855956,
                -0.17411008477211,
                -0.000007679921509406995,
                0.0,
                0.1740599125623703,
                0.9844416975975036,
                0.024019109085202218,
                0.0,
                -0.004174443893134594,
                -0.023653576150536538,
                0.9997113347053528,
                0.0,
                -0.0,
                1.6544610261917117,
                0.0,
                1.0
            ],
            "name": "L_elbow_s"
        },
        {
            "children": [
                38,
                36,
                34
            ],
            "matrix": [
                0.9929203391075134,
                -0.042678654193878177,
                -0.11084892600774764,
                0.0,
                0.03811490163207054,
                0.9983493089675904,
                -0.042968422174453738,
                0.0,
                0.11249973624944688,
                0.03843904659152031,
                0.9929072260856628,
                0.0,
                -0.0,
                1.5737969875335694,
                0.0,
                1.0
            ],
            "name": "L_wrist_s"
        },
        {
            "children": [
                35
            ],
            "matrix": [
                -0.0355139821767807,
                0.970652163028717,
                0.2376043200492859,
                0.0,
                0.8106493949890137,
                0.16711270809173585,
                -0.5610949993133545,
                0.0,
                -0.5843543410301209,
                0.17266523838043214,
                -0.7927892208099365,
                0.0,
                0.6592959761619568,
                0.22402900457382206,
                -0.0010779999429360033,
                1.0
            ],
            "name": "L_thumb_01_s"
        },
        {
            "matrix": [
                0.9996799826622008,
                0.017884675413370134,
                -0.017917510122060777,
                0.0,
                -0.01741914264857769,
                0.9995148181915284,
                0.025807730853557588,
                0.0,
                0.01837039180099964,
                -0.025487350299954416,
                0.9995062947273254,
                0.0,
                0.0,
                1.329450011253357,
                0.0,
                1.0
            ],
            "name": "L_thumb_02_s"
        },
        {
            "children": [
                37
            ],
            "matrix": [
                -0.9493098258972168,
                0.3096059262752533,
                -0.05333360657095909,
                0.0,
                0.31413501501083376,
                0.9378865361213684,
                -0.14726002514362336,
                0.0,
                0.004426899831742048,
                -0.1565578728914261,
                -0.9876016974449158,
                0.0,
                0.7685940265655518,
                1.2929610013961793,
                -0.03251799941062927,
                1.0
            ],
            "name": "L_index_01_s"
        },
        {
            "matrix": [
                0.999905526638031,
                0.0009885550243780017,
                0.013699996285140516,
                0.0,
                -0.001962226815521717,
                0.9974572062492372,
                0.07123900949954987,
                0.0,
                -0.01359473168849945,
                -0.07125914841890335,
                0.9973646998405457,
                0.0,
                0.0,
                0.6858279705047607,
                -0.0,
                1.0
            ],
            "name": "L_index_02_s"
        },
        {
            "children": [
                39
            ],
            "matrix": [
                -0.96979820728302,
                -0.02766040340065956,
                -0.2422429919242859,
                0.0,
                0.04192060977220535,
                0.959832489490509,
                -0.2774240970611572,
                0.0,
                0.24018631875514985,
                -0.2792066633701325,
                -0.9296833276748656,
                0.0,
                -0.20362000167369846,
                1.3920849561691285,
                -0.09327399730682372,
                1.0
            ],
            "name": "L_middle_01_s"
        },
        {
            "matrix": [
                0.9990270137786864,
                -0.02237207069993019,
                -0.038001563400030139,
                0.0,
                0.022768359631299977,
                0.999690592288971,
                0.01002711709588766,
                0.0,
                0.03776548802852631,
                -0.010882624424993992,
                0.9992277026176452,
                0.0,
                0.0,
                0.67706298828125,
                -0.0,
                1.0
            ],
            "name": "L_middle_02_s"
        },
        {
            "matrix": [
                1.0,
                0.0,
                0.0,
                0.0,
                0.0,
                1.0,
                0.0,
                0.0,
                0.0,
                0.0,
                1.0,
                0.0,
                -0.0,
                0.524599015712738,
                -0.0,
                1.0
            ],
            "name": "L_forearm_twist_s"
        },
        {
            "children": [
                44,
                42
            ],
            "matrix": [
                1.0,
                0.0,
                0.0,
                0.0,
                0.0,
                1.0,
                0.0,
                0.0,
                0.0,
                0.0,
                1.0,
                0.0,
                0.0,
                1.004606008529663,
                -0.0002519999979995191,
                1.0
            ],
            "name": "neck_s"
        },
        {
            "children": [
                43
            ],
            "matrix": [
                1.0,
                0.0,
                -0.0,
                0.0,
                -0.0,
                0.628563404083252,
                -0.7777336239814758,
                0.0,
                0.0,
                0.7777336239814758,
                0.628563404083252,
                0.0,
                0.0,
                2.1916120052337648,
                -1.830507040023804,
                1.0
            ],
            "name": "antenna_01_s"
        },
        {
            "matrix": [
                1.0,
                0.0,
                0.0,
                0.0,
                0.0,
                1.0,
                0.0,
                0.0,
                0.0,
                0.0,
                1.0,
                0.0,
                -0.0,
                1.5943820476531985,
                -0.0,
                1.0
            ],
            "name": "antenna_02_s"
        },
        {
            "matrix": [
                1.0,
                0.0,
                0.0,
                0.0,
                0.0,
                1.0,
                0.0,
                0.0,
                0.0,
                0.0,
                1.0,
                0.0,
                0.0,
                0.5154759883880615,
                0.02124899998307228,
                1.0
            ],
            "name": "eye_s"
        },
        {
            "children": [
                53,
                52,
                51,
                50,
                49,
                48,
                47,
                46
            ],
            "name": "GEO"
        },
        {
            "mesh": 0,
            "skin": 0,
            "name": "cameraGEO2"
        },
        {
            "mesh": 1,
            "skin": 1,
            "name": "braceletGEO"
        },
        {
            "mesh": 2,
            "skin": 2,
            "name": "pandalGEO"
        },
        {
            "mesh": 3,
            "skin": 3,
            "name": "legsGEO"
        },
        {
            "mesh": 4,
            "skin": 4,
            "name": "armsGEO"
        },
        {
            "mesh": 5,
            "skin": 5,
            "name": "eyeGEO"
        },
        {
            "mesh": 6,
            "skin": 6,
            "name": "antennaGEO"
        },
        {
            "mesh": 7,
            "skin": 7,
            "name": "bodyGEO"
        }
    ],
    "meshes": [
        {
            "primitives": [
                {
                    "attributes": {
                        "JOINTS_0": 1,
                        "NORMAL": 2,
                        "POSITION": 3,
                        "WEIGHTS_0": 4
                    },
                    "indices": 0,
                    "mode": 4,
                    "material": 0
                },
                {
                    "attributes": {
                        "JOINTS_0": 6,
                        "NORMAL": 7,
                        "POSITION": 8,
                        "WEIGHTS_0": 9
                    },
                    "indices": 5,
                    "mode": 4,
                    "material": 1
                }
            ],
            "name": "cameraGEO2-mesh"
        },
        {
            "primitives": [
                {
                    "attributes": {
                        "JOINTS_0": 11,
                        "NORMAL": 12,
                        "POSITION": 13,
                        "WEIGHTS_0": 14
                    },
                    "indices": 10,
                    "mode": 4,
                    "material": 0
                }
            ],
            "name": "braceletGEO-mesh"
        },
        {
            "primitives": [
                {
                    "attributes": {
                        "JOINTS_0": 16,
                        "NORMAL": 17,
                        "POSITION": 18,
                        "WEIGHTS_0": 19
                    },
                    "indices": 15,
                    "mode": 4,
                    "material": 1
                }
            ],
            "name": "pandalGEO-mesh"
        },
        {
            "primitives": [
                {
                    "attributes": {
                        "JOINTS_0": 21,
                        "NORMAL": 22,
                        "POSITION": 23,
                        "WEIGHTS_0": 24
                    },
                    "indices": 20,
                    "mode": 4,
                    "material": 0
                }
            ],
            "name": "legsGEO-mesh"
        },
        {
            "primitives": [
                {
                    "attributes": {
                        "JOINTS_0": 26,
                        "NORMAL": 27,
                        "POSITION": 28,
                        "WEIGHTS_0": 29
                    },
                    "indices": 25,
                    "mode": 4,
                    "material": 0
                },
                {
                    "attributes": {
                        "JOINTS_0": 31,
                        "NORMAL": 32,
                        "POSITION": 33,
                        "WEIGHTS_0": 34
                    },
                    "indices": 30,
                    "mode": 4,
                    "material": 1
                }
            ],
            "name": "armsGEO-mesh"
        },
        {
            "primitives": [
                {
                    "attributes": {
                        "JOINTS_0": 36,
                        "NORMAL": 37,
                        "POSITION": 38,
                        "WEIGHTS_0": 39
                    },
                    "indices": 35,
                    "mode": 4,
                    "material": 0
                }
            ],
            "name": "eyeGEO-mesh"
        },
        {
            "primitives": [
                {
                    "attributes": {
                        "JOINTS_0": 41,
                        "NORMAL": 42,
                        "POSITION": 43,
                        "WEIGHTS_0": 44
                    },
                    "indices": 40,
                    "mode": 4,
                    "material": 0
                },
                {
                    "attributes": {
                        "JOINTS_0": 46,
                        "NORMAL": 47,
                        "POSITION": 48,
                        "WEIGHTS_0": 49
                    },
                    "indices": 45,
                    "mode": 4,
                    "material": 1
                }
            ],
            "name": "antennaGEO-mesh"
        },
        {
            "primitives": [
                {
                    "attributes": {
                        "JOINTS_0": 51,
                        "NORMAL": 52,
                        "POSITION": 53,
                        "WEIGHTS_0": 54
                    },
                    "indices": 50,
                    "mode": 4,
                    "material": 0
                },
                {
                    "attributes": {
                        "JOINTS_0": 56,
                        "NORMAL": 57,
                        "POSITION": 58,
                        "WEIGHTS_0": 59
                    },
                    "indices": 55,
                    "mode": 4,
                    "material": 1
                }
            ],
            "name": "bodyGEO-mesh"
        }
    ],
    "animations": [
        {
            "channels": [
                {
                    "sampler": 0,
                    "target": {
                        "node": 3,
                        "path": "translation"
                    }
                },
                {
                    "sampler": 1,
                    "target": {
                        "node": 3,
                        "path": "rotation"
                    }
                },
                {
                    "sampler": 2,
                    "target": {
                        "node": 3,
                        "path": "scale"
                    }
                },
                {
                    "sampler": 3,
                    "target": {
                        "node": 8,
                        "path": "translation"
                    }
                },
                {
                    "sampler": 4,
                    "target": {
                        "node": 8,
                        "path": "rotation"
                    }
                },
                {
                    "sampler": 5,
                    "target": {
                        "node": 8,
                        "path": "scale"
                    }
                },
                {
                    "sampler": 6,
                    "target": {
                        "node": 9,
                        "path": "translation"
                    }
                },
                {
                    "sampler": 7,
                    "target": {
                        "node": 9,
                        "path": "rotation"
                    }
                },
                {
                    "sampler": 8,
                    "target": {
                        "node": 9,
                        "path": "scale"
                    }
                },
                {
                    "sampler": 9,
                    "target": {
                        "node": 10,
                        "path": "translation"
                    }
                },
                {
                    "sampler": 10,
                    "target": {
                        "node": 10,
                        "path": "rotation"
                    }
                },
                {
                    "sampler": 11,
                    "target": {
                        "node": 10,
                        "path": "scale"
                    }
                },
                {
                    "sampler": 12,
                    "target": {
                        "node": 11,
                        "path": "translation"
                    }
                },
                {
                    "sampler": 13,
                    "target": {
                        "node": 11,
                        "path": "rotation"
                    }
                },
                {
                    "sampler": 14,
                    "target": {
                        "node": 11,
                        "path": "scale"
                    }
                },
                {
                    "sampler": 15,
                    "target": {
                        "node": 4,
                        "path": "translation"
                    }
                },
                {
                    "sampler": 16,
                    "target": {
                        "node": 4,
                        "path": "rotation"
                    }
                },
                {
                    "sampler": 17,
                    "target": {
                        "node": 4,
                        "path": "scale"
                    }
                },
                {
                    "sampler": 18,
                    "target": {
                        "node": 5,
                        "path": "translation"
                    }
                },
                {
                    "sampler": 19,
                    "target": {
                        "node": 5,
                        "path": "rotation"
                    }
                },
                {
                    "sampler": 20,
                    "target": {
                        "node": 5,
                        "path": "scale"
                    }
                },
                {
                    "sampler": 21,
                    "target": {
                        "node": 6,
                        "path": "translation"
                    }
                },
                {
                    "sampler": 22,
                    "target": {
                        "node": 6,
                        "path": "rotation"
                    }
                },
                {
                    "sampler": 23,
                    "target": {
                        "node": 6,
                        "path": "scale"
                    }
                },
                {
                    "sampler": 24,
                    "target": {
                        "node": 7,
                        "path": "translation"
                    }
                },
                {
                    "sampler": 25,
                    "target": {
                        "node": 7,
                        "path": "rotation"
                    }
                },
                {
                    "sampler": 26,
                    "target": {
                        "node": 7,
                        "path": "scale"
                    }
                }
            ],
            "samplers": [
                {
                    "input": 60,
                    "interpolation": "LINEAR",
                    "output": 61
                },
                {
                    "input": 60,
                    "interpolation": "LINEAR",
                    "output": 62
                },
                {
                    "input": 60,
                    "interpolation": "LINEAR",
                    "output": 63
                },
                {
                    "input": 64,
                    "interpolation": "LINEAR",
                    "output": 65
                },
                {
                    "input": 64,
                    "interpolation": "LINEAR",
                    "output": 66
                },
                {
                    "input": 64,
                    "interpolation": "LINEAR",
                    "output": 67
                },
                {
                    "input": 68,
                    "interpolation": "LINEAR",
                    "output": 69
                },
                {
                    "input": 68,
                    "interpolation": "LINEAR",
                    "output": 70
                },
                {
                    "input": 68,
                    "interpolation": "LINEAR",
                    "output": 71
                },
                {
                    "input": 72,
                    "interpolation": "LINEAR",
                    "output": 73
                },
                {
                    "input": 72,
                    "interpolation": "LINEAR",
                    "output": 74
                },
                {
                    "input": 72,
                    "interpolation": "LINEAR",
                    "output": 75
                },
                {
                    "input": 76,
                    "interpolation": "LINEAR",
                    "output": 77
                },
                {
                    "input": 76,
                    "interpolation": "LINEAR",
                    "output": 78
                },
                {
                    "input": 76,
                    "interpolation": "LINEAR",
                    "output": 79
                },
                {
                    "input": 80,
                    "interpolation": "LINEAR",
                    "output": 81
                },
                {
                    "input": 80,
                    "interpolation": "LINEAR",
                    "output": 82
                },
                {
                    "input": 80,
                    "interpolation": "LINEAR",
                    "output": 83
                },
                {
                    "input": 84,
                    "interpolation": "LINEAR",
                    "output": 85
                },
                {
                    "input": 84,
