{
    "asset": {
        "generator": "COLLADA2GLTF",
        "version": "2.0"
    },
    "scenes": [
        {
            "nodes": [
                0
            ]
        }
    ],
    "scene": 0,
    "nodes": [
        {
            "children": [
                1
            ],
            "name": "Y_UP"
        },
        {
            "children": [
                12,
                2
            ],
            "name": "CHARACTER"
        },
        {
            "children": [
                11,
                10,
                9,
                8,
                7,
                6,
                5,
                4,
                3
            ],
            "name": "GEO"
        },
        {
            "mesh": 0,
            "skin": 0,
            "name": "hammerGeo"
        },
        {
            "mesh": 1,
            "skin": 1,
            "name": "shortsGeo"
        },
        {
            "mesh": 2,
            "skin": 2,
            "name": "tuxedoGeo"
        },
        {
            "mesh": 3,
            "skin": 3,
            "name": "headGeo"
        },
        {
            "mesh": 4,
            "skin": 4,
            "name": "necklaceGeo"
        },
        {
            "mesh": 5,
            "skin": 5,
            "name": "eyeBrowsGeo"
        },
        {
            "mesh": 6,
            "skin": 6,
            "name": "headphonesGeo"
        },
        {
            "mesh": 7,
            "skin": 7,
            "name": "legsGeo"
        },
        {
            "mesh": 8,
            "skin": 8,
            "name": "armsGeo"
        },
        {
            "children": [
                13
            ],
            "name": "Root"
        },
        {
            "children": [
                26,
                22,
                18,
                14
            ],
            "translation": [
                -0.4183340072631836,
                3.907129049301147,
                -0.9065089821815492
            ],
            "rotation": [
                0.00396772800013423,
                -0.10193059593439102,
                0.015286514535546305,
                -0.9946660399436952
            ],
            "scale": [
                0.9999991655349731,
                1.0000003576278689,
                0.9999997615814208
            ],
            "name": "hips_s"
        },
        {
            "children": [
                16,
                15
            ],
            "translation": [
                0.13179299235343934,
                0.5744990110397339,
                -2.1387650966644289
            ],
            "rotation": [
                0.9736136794090272,
                0.05579499900341034,
                0.07175839692354202,
                -0.20924660563468937
            ],
            "scale": [
                0.9999991655349731,
                0.9999430775642396,
                0.9999431371688844
            ],
            "name": "back_item_01_s"
        },
        {
            "matrix": [
                1.0,
                0.0,
                0.0,
                0.0,
                0.0,
                -0.9462487697601318,
                0.3231408894062042,
                0.0,
                0.0,
                -0.3231408894062042,
                -0.9462487697601318,
                0.0,
                -0.0,
                0.024452999234199525,
                0.035773999989032748,
                1.0
            ],
            "name": "tuxedoBackPiece_s"
        },
        {
            "children": [
                17
            ],
            "matrix": [
                0.995563805103302,
                0.09231995046138764,
                -0.01814310811460018,
                0.0,
                -0.09408587962388993,
                0.976795732975006,
                -0.19240055978298188,
                0.0,
                -0.00004070997601957061,
                0.1932540386915207,
                0.9811484217643738,
                0.0,
                -0.0,
                1.0502009391784669,
                -0.17147499322891236,
                1.0
            ],
            "name": "back_item_02_s"
        },
        {
            "translation": [
                -0.0,
                0.930413007736206,
                -0.11901400238275528
            ],
            "rotation": [
                -0.0,
                -0.0,
                -0.0,
                -1.0
            ],
            "name": "back_item_03_s"
        },
        {
            "children": [
                19
            ],
            "translation": [
                -1.3308130502700806,
                0.10326100140810012,
                0.11419899761676789
            ],
            "rotation": [
                0.0753263458609581,
                0.97281414270401,
                -0.04915130138397217,
                0.21327601373195649
            ],
            "scale": [
                0.999893069267273,
                0.999999225139618,
                0.9998935461044312
            ],
            "name": "R_upperLeg_s"
        },
        {
            "children": [
                20
            ],
            "translation": [
                -0.012148999609053137,
                -1.778946042060852,
                -0.2550399899482727
            ],
            "rotation": [
                0.2448321133852005,
                -0.002460624789819122,
                0.00193774129729718,
                -0.9695600271224976
            ],
            "scale": [
                1.0,
                0.9999982118606569,
                0.9999989867210388
            ],
            "name": "R_lowerLeg_s"
        },
        {
            "children": [
                21
            ],
            "translation": [
                -0.01848199963569641,
                -1.9241139888763428,
                0.318901002407074
            ],
            "rotation": [
                0.0017224461771547797,
                -0.1719680279493332,
                0.9822567701339722,
                0.07458815723657608
            ],
            "scale": [
                0.9999353885650636,
                0.999938189983368,
                0.9999980330467224
            ],
            "name": "R_ankle_s"
        },
        {
            "matrix": [
                -0.9999232292175292,
                0.0,
                0.0,
                0.0,
                0.0,
                -0.06295821815729141,
                0.997974932193756,
                0.0,
                0.0,
                0.997974932193756,
                0.06303504854440689,
                0.0,
                -0.001929999911226332,
                0.5993790030479431,
                -1.8051639795303345,
                1.0
            ],
            "name": "R_toes_s"
        },
        {
            "children": [
                23
            ],
            "translation": [
                1.3308160305023194,
                0.10326100140810012,
                0.1141979992389679
            ],
            "rotation": [
                0.06745228171348572,
                0.23191529512405396,
                0.9604185819625856,
                -0.13871857523918153
            ],
            "scale": [
                0.9999633431434633,
                0.9999650716781616,
                0.9999975562095642
            ],
            "name": "L_upperLeg_s"
        },
        {
            "children": [
                24
            ],
            "translation": [
                0.012147000059485436,
                1.7789490222930909,
                0.2550399899482727
            ],
            "rotation": [
                0.2417883723974228,
                -0.0024298783391714098,
                0.001937751192599535,
                -0.970323920249939
            ],
            "scale": [
                0.999999463558197,
                1.0,
                0.999999463558197
            ],
            "name": "L_lowerLeg_s"
        },
        {
            "children": [
                25
            ],
            "translation": [
                0.018490999937057496,
                1.9241119623184205,
                -0.318901002407074
            ],
            "rotation": [
                0.02208423987030983,
                0.0010457717580720785,
                0.9945905804634094,
                0.10150138288736344
            ],
            "scale": [
                1.0000035762786866,
                1.000003457069397,
                0.999999701976776
            ],
            "name": "L_ankle_s"
        },
        {
            "matrix": [
                -0.9999232292175292,
                0.0,
                0.0,
                0.0,
                0.0,
                -0.06295821815729141,
                0.997974932193756,
                0.0,
                0.0,
                0.997974932193756,
                0.06303504854440689,
                0.0,
                0.0019389999797567728,
                -0.5993790030479431,
                1.8051650524139405,
                1.0
            ],
            "name": "L_toes_s"
        },
        {
            "children": [
                27
            ],
            "translation": [
                0.010800999589264393,
                0.5935959815979004,
                0.04586999863386154
            ],
            "rotation": [
                0.03272596746683121,
                0.016332225874066354,
                0.014825109392404557,
                -0.9992207288742064
            ],
            "scale": [
                0.9999996423721314,
                0.999999463558197,
                0.999999463558197
            ],
            "name": "spine_lower_s"
        },
        {
            "children": [
                28
            ],
            "translation": [
                0.0016039999900385738,
                0.6771789789199829,
                0.01730700023472309
            ],
            "rotation": [
                -0.04549000412225723,
                0.014332889579236508,
                -0.020884186029434205,
                -0.9986435174942016
            ],
            "scale": [
                1.0,
                0.999999463558197,
                0.9999996423721314
            ],
            "name": "spine_upper_s"
        },
        {
            "children": [
                58,
                44,
                31,
                29
            ],
            "translation": [
                -0.07530800253152847,
                0.5557829737663269,
                0.08846300095319748
            ],
            "rotation": [
                -0.18537850677967072,
                -0.014456263743340968,
                -0.13696537911891938,
                -0.9729677438735962
            ],
            "scale": [
                0.9999996423721314,
                1.0000001192092896,
                1.0
            ],
            "name": "chest_s"
        },
        {
            "children": [
                30
            ],
            "translation": [
                -0.014702999964356425,
                1.7049330472946168,
                2.5554590225219728
            ],
            "rotation": [
                -0.3201583325862885,
                0.6764844059944153,
                0.4270620942115784,
                -0.5072817206382752
            ],
            "scale": [
                0.999932825565338,
                0.9999704360961914,
                0.9999417662620544
            ],
            "name": "tie_01_s"
        },
        {
            "matrix": [
                0.9914878010749816,
                -0.1301950216293335,
                -0.0,
                0.0,
                0.1301950216293335,
                0.9914878010749816,
                0.0,
                0.0,
                0.0,
                -0.0,
                1.0,
                0.0,
                0.884585976600647,
                0.0,
                0.0,
                1.0
            ],
            "name": "tie_02_s"
        },
        {
            "children": [
                32
            ],
            "translation": [
                -0.2974410057067871,
                1.5316269397735596,
                0.2407049983739853
            ],
            "rotation": [
                0.997974157333374,
                -0.0624694898724556,
                0.008458449505269528,
                -0.007874048314988613
            ],
            "scale": [
                0.999999701976776,
                0.9999767541885376,
                0.999976933002472
            ],
            "name": "R_clavicle_s"
        },
        {
            "children": [
                35,
                34,
                33
            ],
            "translation": [
                -2.577892065048218,
                -0.13052000105381013,
                0.9140629768371582
            ],
            "rotation": [
                0.5449087023735046,
                0.16323255002498628,
                0.704634964466095,
                -0.4240913987159729
            ],
            "scale": [
                0.9999316334724426,
                0.9998959302902222,
                0.9999569058418274
            ],
            "name": "R_shoulder_s"
        },
        {
            "translation": [
                -0.15546099841594697,
                -1.498181939125061,
                -0.10163100063800812
            ],
            "rotation": [
                -0.023006757721304898,
                0.19429636001586918,
                0.05714781582355499,
                -0.979006052017212
            ],
            "scale": [
                0.9999986886978148,
                0.9999999403953552,
                0.9999980926513672
            ],
            "name": "R_arm_roll_02_s"
        },
        {
            "rotation": [
                0.01928481832146645,
                0.18583551049232484,
                0.012579727917909624,
                -0.982310116291046
            ],
            "scale": [
                0.9999964833259584,
                0.9999997615814208,
                0.9999966621398926
            ],
            "name": "R_arm_roll_01_s"
        },
        {
            "children": [
                36
            ],
            "translation": [
                -0.3109219968318939,
                -2.996363878250122,
                -0.20326100289821626
            ],
            "rotation": [
                0.06538940966129303,
                0.22114290297031406,
                0.43247440457344057,
                -0.8716480731964111
            ],
            "scale": [
                0.9999768733978272,
                0.9999813437461852,
                0.9999945759773254
            ],
            "name": "R_elbow_s"
        },
        {
            "children": [
                37
            ],
            "matrix": [
                0.9998666048049928,
                0.009077129885554314,
                -0.013572575524449349,
                0.0,
                -0.009375474415719508,
                0.99971204996109,
                -0.02208096720278263,
                0.0,
                0.01336822845041752,
                0.022205283865332605,
                0.9996640086174012,
                0.0,
                -0.1013770028948784,
                -1.202862024307251,
                0.05884999781847,
                1.0
            ],
            "name": "R_forearm_twist_s"
        },
        {
            "children": [
                42,
                40,
                38
            ],
            "matrix": [
                0.9847190380096436,
                -0.1728777587413788,
                -0.02100385539233685,
                0.0,
                0.1732195019721985,
                0.9847576022148132,
                0.015703732147812845,
                0.0,
                0.01796885766088963,
                -0.01910208724439144,
                0.9996563196182252,
                0.0,
                -0.11312299966812134,
                -1.202862024307251,
                0.03071999922394753,
                1.0
            ],
            "name": "R_wrist_s"
        },
        {
            "children": [
                39
            ],
            "translation": [
                -1.3037919998168946,
                -0.3433710038661957,
                0.44860899448394778
            ],
            "rotation": [
                0.48542287945747378,
                0.7534480094909668,
                -0.19106878340244297,
                -0.4001308977603913
            ],
            "scale": [
                0.999916970729828,
                0.9999627470970154,
                0.999889314174652
            ],
            "name": "R_thumb_01_s"
        },
        {
            "matrix": [
                0.9905704259872437,
                -0.13326510787010194,
                -0.03178415074944496,
                0.0,
                0.1319089233875275,
                0.8650495409965515,
                0.4840215146541596,
                0.0,
                -0.03701158985495567,
                -0.4836498498916626,
                0.8744720220565796,
                0.0,
                -0.0973540022969246,
                -1.3484129905700684,
                -0.24414199590682984,
                1.0
            ],
            "name": "R_thumb_02_s"
        },
        {
            "children": [
                41
            ],
            "translation": [
                -1.5251779556274417,
                -1.7702579498291016,
                0.0358319990336895
            ],
            "rotation": [
                0.005474925041198731,
                0.9886853098869324,
                -0.14779220521450044,
                -0.024667922407388688
            ],
            "scale": [
                0.9999592304229736,
                0.9999990463256836,
                0.9999602437019348
            ],
            "name": "R_index_01_s"
        },
        {
            "matrix": [
                0.943949818611145,
                -0.1589888483285904,
                -0.2892661988735199,
                0.0,
                0.21298964321613313,
                0.9628818035125732,
                0.16580362617969514,
                0.0,
                0.252166360616684,
                -0.21812359988689426,
                0.9427769780158996,
                0.0,
                0.20923300087451936,
                -0.9224079847335817,
                -0.4289099872112274,
                1.0
            ],
            "name": "R_index_02_s"
        },
        {
            "children": [
                43
            ],
            "translation": [
                0.05435099825263024,
                -2.018849849700928,
                -0.18341200053691865
            ],
            "rotation": [
                -0.1295834928750992,
                0.9538979530334472,
                -0.2640266716480255,
                -0.05967053025960922
            ],
            "scale": [
                0.9999682307243348,
                0.9999976754188538,
                0.999969720840454
            ],
            "name": "R_middle_01_s"
        },
        {
            "matrix": [
                0.9978368282318116,
                0.024359777569770818,
                -0.06105645373463631,
                0.0,
                0.02194306254386902,
                0.7521122097969055,
                0.6586560606956482,
                0.0,
                0.06196604296565056,
                -0.6585708856582642,
                0.7499505877494812,
                0.0,
                0.06176299974322319,
                -0.8649410009384155,
                -0.30612999200820925,
                1.0
            ],
            "name": "R_middle_02_s"
        },
        {
            "children": [
                45
            ],
            "matrix": [
                0.8453708291053772,
                0.3374190032482147,
                0.4141034483909607,
                0.0,
                -0.3120286166667938,
                0.9411509037017822,
                -0.12987372279167176,
                0.0,
                -0.4335569441318512,
                -0.01942746713757515,
                0.900911808013916,
                0.0,
                0.3281500041484833,
                1.6389809846878052,
                0.19555500149726869,
                1.0
            ],
            "name": "L_clavicle_s"
        },
        {
            "children": [
                48,
                47,
                46
            ],
            "translation": [
                2.5778958797454836,
                0.13052399456501008,
                -0.9140589833259584
            ],
            "rotation": [
                0.9310447573661804,
                0.36045292019844057,
                -0.05071994662284851,
                0.02432958222925663
            ],
            "scale": [
                0.9999828338623048,
                0.999886691570282,
                0.9998708963394164
            ],
            "name": "L_shoulder_s"
        },
        {
            "translation": [
                0.1690939962863922,
                1.4996039867401124,
                0.04047499969601631
            ],
            "rotation": [
                -0.05056337267160416,
                -0.7395968437194824,
                0.027711428701877599,
                -0.6705304384231567
            ],
            "scale": [
                0.9999455213546752,
                0.9999992847442628,
                0.9999454021453856
            ],
            "name": "L_arm_roll_02_s"
        },
        {
            "rotation": [
                -0.08362900465726853,
                -0.7417733073234558,
                -0.019992275163531305,
                -0.6650959253311157
            ],
            "scale": [
                0.99997740983963,
                0.9999991059303284,
                0.9999763369560242
            ],
            "name": "L_arm_roll_01_s"
        },
        {
            "children": [
                49
            ],
            "matrix": [
                -0.07436741888523102,
                -0.9861319065093994,
                -0.14836424589157105,
                0.0,
                0.9972016215324402,
                -0.07465874403715134,
                -0.0036128307692706587,
                0.0,
                -0.007514090742915869,
                -0.14821788668632508,
                0.9889264106750488,
                0.0,
                0.3381879925727844,
                2.9992079734802248,
                0.08094999939203263,
                1.0
            ],
            "name": "L_elbow_s"
        },
        {
            "children": [
                50
            ],
            "matrix": [
                0.8946062922477722,
                -0.013105351477861405,
                0.4466553032398224,
                0.0,
                0.02915761806070805,
                0.999151885509491,
                -0.02908249758183956,
                0.0,
                -0.4458950757980347,
                0.03904107213020325,
                0.8942291140556336,
                0.0,
                0.0995199978351593,
                1.2027109861373902,
                0.06478799879550934,
                1.0
            ],
            "name": "L_forearm_twist_s"
        },
        {
            "children": [
                56,
                54,
                52,
                51
            ],
            "matrix": [
                0.8223605155944824,
                -0.4007169902324677,
                0.403883844614029,
                0.0,
                0.5075046420097351,
                0.8375357389450073,
                -0.20235751569271089,
                0.0,
                -0.2571678459644318,
                0.37139639258384707,
                0.8921393156051636,
                0.0,
                0.10215400159358978,
                1.2027109861373902,
                0.06054999679327011,
                1.0
            ],
            "name": "L_wrist_s"
        },
        {
            "matrix": [
                -0.1665811538696289,
                -0.1364157497882843,
                -0.9764597415924072,
                0.0,
                0.977914333343506,
                0.1033204048871994,
                -0.18132564425468448,
                0.0,
                0.12556278705596925,
                -0.985183835029602,
                0.11627659201622008,
                0.0,
                2.564434051513672,
                2.17753005027771,
                -1.1707069873809817,
                1.0
            ],
            "name": "L_gunbone_01_s"
        },
        {
            "children": [
                53
            ],
            "matrix": [
                0.3341523408889771,
                0.3222506046295166,
                0.8856791257858276,
                0.0,
                0.7425104975700378,
                0.4888046383857727,
                -0.4579242169857025,
                0.0,
                -0.5804746150970459,
                0.8106608986854553,
                -0.075934037566185,
                0.0,
                1.3037949800491334,
                0.3433690071105957,
                -0.4486069977283478,
                1.0
            ],
            "name": "L_thumb_01_s"
        },
        {
            "matrix": [
                0.9713738560676576,
                0.21939808130264286,
                -0.09107774496078493,
                0.0,
                -0.23608200252056125,
                0.8490216135978699,
                -0.4726656675338745,
                0.0,
                -0.026380863040685658,
                0.4806368947029114,
                0.8765153884887695,
                0.0,
                0.09736499935388564,
                1.3484079837799073,
                0.2441550046205521,
                1.0
            ],
            "name": "L_thumb_02_s"
        },
        {
            "children": [
                55
            ],
            "matrix": [
                -0.9515191316604614,
                -0.06446220725774765,
                -0.30040353536605837,
                0.0,
                -0.10670027136802674,
                0.9862269759178162,
                0.1263713389635086,
                0.0,
                0.2881190478801728,
                0.15231311321258546,
                -0.945290207862854,
                0.0,
                1.5251799821853638,
                1.7702579498291016,
                -0.0358399972319603,
                1.0
            ],
            "name": "L_index_01_s"
        },
        {
            "matrix": [
                0.9601243138313294,
                -0.05475136637687683,
                -0.27415791153907778,
                0.0,
                0.2309879958629608,
                0.7077968120574951,
                0.6675786375999451,
                0.0,
                0.15749554336071018,
                -0.7042856812477112,
                0.692219614982605,
                0.0,
                -0.20923100411891938,
                0.9223989844322204,
                0.4289239943027497,
                1.0
            ],
            "name": "L_index_02_s"
        },
        {
            "children": [
                57
            ],
            "matrix": [
                -0.996616542339325,
                -0.08046584576368332,
                -0.015087741427123549,
                0.0,
                -0.08091685175895691,
                0.9962028861045836,
                0.03213796019554138,
                0.0,
                0.012444411404430868,
                0.03325093910098076,
                -0.999343514442444,
                0.0,
                -0.05435099825263024,
                2.018852949142456,
                0.18340998888015748,
                1.0
            ],
            "name": "L_middle_01_s"
        },
        {
            "matrix": [
                0.9541842341423036,
                -0.06408863514661789,
                -0.29227179288864138,
                0.0,
                0.29856154322624209,
                0.13939328491687776,
                0.9441267848014832,
                0.0,
                -0.01977710612118244,
                -0.9881331324577332,
                0.15214307606220246,
                0.0,
                -0.06176399812102318,
                0.8649420142173767,
                0.30613601207733157,
                1.0
            ],
            "name": "L_middle_02_s"
        },
        {
            "children": [
                59
            ],
            "matrix": [
                1.0,
                0.0,
                0.0,
                0.0,
                0.0,
                1.0,
                0.0,
                0.0,
                0.0,
                0.0,
                1.0,
                0.0,
                0.0,
                2.628896951675415,
                0.0007220000261440873,
                1.0
            ],
            "name": "neck_s"
        },
        {
            "children": [
                62,
                61,
                60
            ],
            "translation": [
                0.0,
                2.3643250465393068,
                0.13835300505161286
            ],
            "rotation": [
                0.06821958720684052,
                -0.011349422857165337,
                0.08827328681945801,
                -0.9936923384666444
            ],
            "scale": [
                0.9999988079071044,
                0.9999990463256836,
                0.9999996423721314
            ],
            "name": "head_s"
        },
        {
            "matrix": [
                1.0,
                0.0,
                0.0,
                0.0,
                0.0,
                1.0,
                0.0,
                0.0,
                0.0,
                0.0,
                1.0,
                0.0,
                -0.7462350130081177,
                0.1474969983100891,
                2.9592480659484865,
                1.0
            ],
            "name": "R_eyebrow_s"
        },
        {
            "matrix": [
                0.9993654489517212,
                -0.03561133146286011,
                -0.0,
                0.0,
                0.03561133146286011,
                0.9993654489517212,
                0.0,
                0.0,
                0.0,
                -0.0,
                1.0,
                0.0,
                0.7412409782409668,
                0.14089800417423249,
                2.959244966506958,
                1.0
            ],
            "name": "L_eyebrow_s"
        },
        {
            "matrix": [
                1.0,
                0.0,
                -0.0,
                0.0,
                -0.0,
                0.9544779062271118,
                -0.29827556014060976,
                0.0,
                0.0,
                0.29827556014060976,
                0.9544779062271118,
                0.0,
                -0.014702999964356425,
                2.86012601852417,
                0.7539259791374207,
                1.0
            ],
            "name": "hat_01_s"
        }
    ],
    "meshes": [
        {
            "primitives": [
                {
                    "attributes": {
                        "JOINTS_0": 1,
                        "NORMAL": 2,
                        "POSITION": 3,
                        "WEIGHTS_0": 4
                    },
                    "indices": 0,
                    "mode": 4,
                    "material": 0
                },
                {
                    "attributes": {
                        "JOINTS_0": 6,
                        "NORMAL": 7,
                        "POSITION": 8,
                        "WEIGHTS_0": 9
                    },
                    "indices": 5,
                    "mode": 4,
                    "material": 1
                }
            ],
            "name": "hammerGeo-mesh"
        },
        {
            "primitives": [
                {
                    "attributes": {
                        "JOINTS_0": 11,
                        "NORMAL": 12,
                        "POSITION": 13,
                        "WEIGHTS_0": 14
                    },
                    "indices": 10,
                    "mode": 4,
                    "material": 0
                }
            ],
            "name": "shortsGeo-mesh"
        },
        {
            "primitives": [
                {
                    "attributes": {
                        "JOINTS_0": 16,
                        "NORMAL": 17,
                        "POSITION": 18,
                        "WEIGHTS_0": 19
                    },
                    "indices": 15,
                    "mode": 4,
                    "material": 0
                }
            ],
            "name": "tuxedoGeo-mesh"
        },
        {
            "primitives": [
                {
                    "attributes": {
                        "JOINTS_0": 21,
                        "NORMAL": 22,
                        "POSITION": 23,
                        "WEIGHTS_0": 24
                    },
                    "indices": 20,
                    "mode": 4,
                    "material": 0
                }
            ],
            "name": "headGeo-mesh"
        },
        {
            "primitives": [
                {
                    "attributes": {
                        "JOINTS_0": 26,
                        "NORMAL": 27,
                        "POSITION": 28,
                        "WEIGHTS_0": 29
                    },
                    "indices": 25,
                    "mode": 4,
                    "material": 0
                }
            ],
            "name": "necklaceGeo-mesh"
        },
        {
            "primitives": [
                {
                    "attributes": {
                        "JOINTS_0": 31,
                        "NORMAL": 32,
                        "POSITION": 33,
                        "WEIGHTS_0": 34
                    },
                    "indices": 30,
                    "mode": 4,
                    "material": 0
                }
            ],
            "name": "eyeBrowsGeo-mesh"
        },
        {
            "primitives": [
                {
                    "attributes": {
                        "JOINTS_0": 36,
                        "NORMAL": 37,
                        "POSITION": 38,
                        "WEIGHTS_0": 39
                    },
                    "indices": 35,
                    "mode": 4,
                    "material": 0
                },
                {
                    "attributes": {
                        "JOINTS_0": 41,
                        "NORMAL": 42,
                        "POSITION": 43,
                        "WEIGHTS_0": 44
                    },
                    "indices": 40,
                    "mode": 4,
                    "material": 1
                }
            ],
            "name": "headphonesGeo-mesh"
        },
        {
            "primitives": [
                {
                    "attributes": {
                        "JOINTS_0": 46,
                        "NORMAL": 47,
                        "POSITION": 48,
                        "WEIGHTS_0": 49
                    },
                    "indices": 45,
                    "mode": 4,
                    "material": 0
                }
            ],
            "name": "legsGeo-mesh"
        },
        {
            "primitives": [
                {
                    "attributes": {
                        "JOINTS_0": 51,
                        "NORMAL": 52,
                        "POSITION": 53,
                        "WEIGHTS_0": 54
                    },
                    "indices": 50,
                    "mode": 4,
                    "material": 0
                }
            ],
            "name": "armsGeo-mesh"
        }
    ],
    "animations": [
        {
            "channels": [
                {
                    "sampler": 0,
                    "target": {
                        "node": 13,
                        "path": "translation"
                    }
                },
                {
                    "sampler": 1,
                    "target": {
                        "node": 13,
                        "path": "rotation"
                    }
                },
                {
                    "sampler": 2,
                    "target": {
                        "node": 13,
                        "path": "scale"
                    }
                },
                {
                    "sampler": 3,
                    "target": {
                        "node": 26,
                        "path": "translation"
                    }
                },
                {
                    "sampler": 4,
                    "target": {
                        "node": 26,
                        "path": "rotation"
                    }
                },
                {
                    "sampler": 5,
                    "target": {
                        "node": 26,
                        "path": "scale"
                    }
                },
                {
                    "sampler": 6,
                    "target": {
                        "node": 27,
                        "path": "translation"
                    }
                },
                {
                    "sampler": 7,
                    "target": {
                        "node": 27,
                        "path": "rotation"
                    }
                },
                {
                    "sampler": 8,
                    "target": {
                        "node": 27,
                        "path": "scale"
                    }
                },
                {
                    "sampler": 9,
                    "target": {
                        "node": 28,
                        "path": "translation"
                    }
                },
                {
                    "sampler": 10,
                    "target": {
                        "node": 28,
                        "path": "rotation"
                    }
                },
                {
                    "sampler": 11,
                    "target": {
                        "node": 28,
                        "path": "scale"
                    }
                },
                {
                    "sampler": 12,
                    "target": {
                        "node": 59,
                        "path": "translation"
                    }
                },
                {
                    "sampler": 13,
                    "target": {
                        "node": 59,
                        "path": "rotation"
                    }
                },
                {
                    "sampler": 14,
                    "target": {
                        "node": 59,
                        "path": "scale"
                    }
                },
                {
                    "sampler": 15,
                    "target": {
                        "node": 45,
                        "path": "translation"
                    }
                },
                {
                    "sampler": 16,
                    "target": {
                        "node": 45,
                        "path": "rotation"
                    }
                },
                {
                    "sampler": 17,
                    "target": {
