{
    "asset": {
        "generator": "COLLADA2GLTF",
        "version": "2.0"
    },
    "scenes": [
        {
            "nodes": [
                0
            ]
        }
    ],
    "scene": 0,
    "nodes": [
        {
            "children": [
                13,
                1
            ],
            "name": "Y_UP"
        },
        {
            "children": [
                12,
                11,
                10,
                9,
                8,
                7,
                6,
                5,
                4,
                3,
                2
            ],
            "name": "leon_GEO1"
        },
        {
            "mesh": 0,
            "skin": 0,
            "name": "lolipop_GEO"
        },
        {
            "mesh": 1,
            "skin": 1,
            "name": "wrapper_GEO"
        },
        {
            "mesh": 2,
            "skin": 2,
            "name": "zipperGeo2"
        },
        {
            "mesh": 3,
            "skin": 3,
            "name": "tongueGeo"
        },
        {
            "mesh": 4,
            "skin": 4,
            "name": "handsGeo"
        },
        {
            "mesh": 5,
            "skin": 5,
            "name": "tailGeo"
        },
        {
            "mesh": 6,
            "skin": 6,
            "name": "legsGeo"
        },
        {
            "mesh": 7,
            "skin": 7,
            "name": "bodyGeo"
        },
        {
            "mesh": 8,
            "skin": 8,
            "name": "hoodGeo"
        },
        {
            "mesh": 9,
            "skin": 9,
            "name": "buttonsGeo"
        },
        {
            "mesh": 10,
            "skin": 10,
            "name": "stitches_GEO"
        },
        {
            "children": [
                14
            ],
            "name": "CHARACTER"
        },
        {
            "children": [
                15
            ],
            "matrix": [
                1.0,
                0.0,
                0.0,
                0.0,
                0.0,
                1.0,
                0.0,
                0.0,
                0.0,
                0.0,
                1.0,
                0.0,
                -0.05421699956059456,
                0.017697999253869058,
                0.005435999948531389,
                1.0
            ],
            "name": "Root"
        },
        {
            "children": [
                27,
                23,
                19,
                17,
                16
            ],
            "translation": [
                -0.14787299931049348,
                2.5830419063568117,
                -0.5856810212135315
            ],
            "rotation": [
                0.0398315079510212,
                -0.14170174300670625,
                0.006274615880101919,
                -0.9890878796577454
            ],
            "scale": [
                1.0000001192092896,
                1.0000003576278689,
                1.0000001192092896
            ],
            "name": "hips_s"
        },
        {
            "translation": [
                -0.07032500207424164,
                -0.2690539956092835,
                0.2800009846687317
            ],
            "rotation": [
                -0.0149451345205307,
                0.006606647744774818,
                -0.04884430766105652,
                -1.0244619846343997
            ],
            "scale": [
                1.0695093870162964,
                1.0695093870162964,
                1.0695087909698489
            ],
            "name": "hoodie_lower_s"
        },
        {
            "children": [
                18
            ],
            "matrix": [
                0.9391234517097472,
                -0.010798527859151364,
                -0.3434011936187744,
                0.0,
                0.18249686062335969,
                0.8625277876853943,
                0.4719392061233521,
                0.0,
                0.2910943627357483,
                -0.5058808326721191,
                0.8119917511940002,
                0.0,
                -0.05804900079965592,
                0.3145039975643158,
                -0.6983870267868042,
                1.0
            ],
            "name": "tail_01_s"
        },
        {
            "matrix": [
                1.0,
                0.0,
                0.0,
                0.0,
                0.0,
                1.0,
                0.0,
                0.0,
                0.0,
                0.0,
                1.0,
                0.0,
                -0.04261200129985809,
                -0.7913999557495117,
                -0.03819400072097778,
                1.0
            ],
            "name": "tail_02_s"
        },
        {
            "children": [
                20
            ],
            "translation": [
                -0.6707639694213867,
                -0.12955600023269654,
                0.12988699972629548
            ],
            "rotation": [
                0.10897558182477953,
                0.9819799661636353,
                -0.03650975599884987,
                0.14988373219966889
            ],
            "scale": [
                0.9999193549156188,
                0.9999988675117492,
                0.9999192357063294
            ],
            "name": "R_upperLeg_s"
        },
        {
            "children": [
                21
            ],
            "translation": [
                -0.01333600003272295,
                -1.0409749746322632,
                -0.05446600168943405
            ],
            "rotation": [
                0.2110595703125,
                -0.003106531919911504,
                0.0011380359064787629,
                -0.9774672389030457
            ],
            "scale": [
                1.0000001192092896,
                0.9999982118606569,
                0.9999989867210388
            ],
            "name": "R_lowerLeg_s"
        },
        {
            "children": [
                22
            ],
            "translation": [
                -0.017173999920487405,
                -1.1916619539260865,
                0.23890100419521333
            ],
            "rotation": [
                -0.0020607903134077789,
                -0.11641906946897508,
                0.988039255142212,
                0.100824736058712
            ],
            "scale": [
                0.9998902678489684,
                0.9998927116394044,
                0.9999987483024596
            ],
            "name": "R_ankle_s"
        },
        {
            "matrix": [
                -0.9999232292175292,
                0.0,
                0.0,
                0.0,
                0.0,
                -0.06295821815729141,
                0.997974932193756,
                0.0,
                0.0,
                0.997974932193756,
                0.06303504854440689,
                0.0,
                -0.0019389999797567728,
                0.2927339971065521,
                -0.5956400036811829,
                1.0
            ],
            "name": "R_toes_s"
        },
        {
            "children": [
                24
            ],
            "translation": [
                0.6707639694213867,
                -0.12955600023269654,
                0.12988600134849549
            ],
            "rotation": [
                0.06456103920936585,
                0.09052079916000366,
                0.9843175411224364,
                -0.13690386712551118
            ],
            "scale": [
                0.99997216463089,
                0.9999725818634032,
                0.9999996423721314
            ],
            "name": "L_upperLeg_s"
        },
        {
            "children": [
                25
            ],
            "translation": [
                0.013334999792277812,
                1.0409740209579468,
                0.05446700006723404
            ],
            "rotation": [
                0.25141361355781557,
                -0.003783199936151505,
                0.001384097384288907,
                -0.9678707718849182
            ],
            "scale": [
                0.9999998807907105,
                0.999997615814209,
                0.9999980330467224
            ],
            "name": "L_lowerLeg_s"
        },
        {
            "children": [
                26
            ],
            "translation": [
                0.01717500016093254,
                1.1916630268096924,
                -0.2389020025730133
            ],
            "rotation": [
                0.002276094863191247,
                -0.11368153989315032,
                0.9872702360153198,
                0.11119017750024796
            ],
            "scale": [
                0.99998939037323,
                0.9999891519546508,
                0.999999463558197
            ],
            "name": "L_ankle_s"
        },
        {
            "matrix": [
                -0.9999232292175292,
                0.0,
                0.0,
                0.0,
                0.0,
                -0.06295821815729141,
                0.997974932193756,
                0.0,
                0.0,
                0.997974932193756,
                0.06303504854440689,
                0.0,
                0.0019389999797567728,
                -0.2927339971065521,
                0.5956400036811829,
                1.0
            ],
            "name": "L_toes_s"
        },
        {
            "children": [
                28
            ],
            "matrix": [
                0.9957369565963744,
                0.03494467213749886,
                -0.08535822480916977,
                0.0,
                -0.03816734254360199,
                0.9986076951026917,
                -0.036417748779058459,
                0.0,
                0.08396673202514649,
                0.03952045366168022,
                0.9956842064857484,
                0.0,
                -0.017622999846935273,
                0.4567550122737885,
                0.05538799986243248,
                1.0
            ],
            "name": "spine_lower_s"
        },
        {
            "children": [
                29
            ],
            "matrix": [
                0.9888530969619752,
                -0.04519829526543617,
                -0.14186349511146546,
                0.0,
                0.05715150013566017,
                0.9950460195541382,
                0.08134359121322632,
                0.0,
                0.13748402893543244,
                -0.0885448306798935,
                0.9865379333496094,
                0.0,
                0.011044000275433064,
                0.5352039933204651,
                0.0008009999874047935,
                1.0
            ],
            "name": "spine_upper_s"
        },
        {
            "children": [
                57,
                44,
                31,
                30
            ],
            "matrix": [
                0.9786721467971802,
                0.11564765125513076,
                -0.169777512550354,
                0.0,
                -0.08644267916679383,
                0.9815874099731444,
                0.17032703757286073,
                0.0,
                0.1863502860069275,
                -0.15201734006404878,
                0.9706496596336364,
                0.0,
                0.003722999943420291,
                0.4696049988269806,
                0.05860999971628189,
                1.0
            ],
            "name": "chest_s"
        },
        {
            "translation": [
                -0.05355999991297722,
                0.19566699862480164,
                1.083292007446289
            ],
            "rotation": [
                0.24430574476718906,
                -0.0,
                -0.0,
                -0.9696970582008362
            ],
            "scale": [
                1.0,
                0.9999955892562866,
                0.9999955892562866
            ],
            "name": "zipper_s"
        },
        {
            "children": [
                32
            ],
            "translation": [
                -0.1457650065422058,
                0.36177799105644228,
                0.23677900433540345
            ],
            "rotation": [
                0.9991428256034852,
                0.018946927040815358,
                0.0332801565527916,
                0.014271710067987442
            ],
            "scale": [
                0.9999998211860656,
                0.999913215637207,
                0.9999135136604308
            ],
            "name": "R_clavicle_s"
        },
        {
            "children": [
                33
            ],
            "matrix": [
                0.07390473783016205,
                -0.7035918831825256,
                0.7066755294799805,
                0.0,
                0.6242418885231018,
                -0.5199246406555176,
                -0.5829460620880127,
                0.0,
                0.7776596546173096,
                0.4842137098312378,
                0.4008925557136536,
                0.0,
                -0.9436339735984802,
                -0.11472900211811066,
                0.5182600021362305,
                1.0
            ],
            "name": "R_shoulder_s"
        },
        {
            "children": [
                34
            ],
            "matrix": [
                -0.3712729513645172,
                -0.8395699262619019,
                0.39634969830513,
                0.0,
                0.8957253098487854,
                -0.4361987709999085,
                -0.08491741120815277,
                0.0,
                0.2442249655723572,
                0.32350921630859377,
                0.914158046245575,
                0.0,
                -0.10887400060892104,
                -1.322424054145813,
                -0.1689250022172928,
                1.0
            ],
            "name": "R_elbow_s"
        },
        {
            "children": [
                35
            ],
            "translation": [
                -0.08531200140714646,
                -0.646477997303009,
                0.03662500157952309
            ],
            "rotation": [
                0.010857381857931614,
                -0.11115741729736328,
                -0.01725493371486664,
                -0.993593454360962
            ],
            "scale": [
                0.9999988675117492,
                1.0000003576278689,
                0.9999991059303284
            ],
            "name": "R_forearm_twist_s"
        },
        {
            "children": [
                42,
                40,
                38,
                36
            ],
            "translation": [
                -0.1118919998407364,
                -0.6434540152549744,
                0.000446999998530373
            ],
            "rotation": [
                -0.03223392367362976,
                -0.13625597953796388,
                0.04490603506565094,
                -0.9891299605369568
            ],
            "scale": [
                0.9999985098838806,
                0.9999996423721314,
                0.9999990463256836
            ],
            "name": "R_wrist_s"
        },
        {
            "children": [
                37
            ],
            "matrix": [
                0.11139652132987976,
                -0.5839072465896606,
                -0.8040692210197449,
                0.0,
                0.05826559290289879,
                0.8116081953048706,
                -0.5812673568725586,
                0.0,
                0.9920088052749634,
                0.0178650114685297,
                0.12444531917572022,
                0.0,
                -0.1776529997587204,
                -0.5543779730796814,
                0.47947201132774355,
                1.0
            ],
            "name": "R_gunbone_01_s"
        },
        {
            "matrix": [
                1.0,
                0.0,
                0.0,
                0.0,
                0.0,
                1.0,
                0.0,
                0.0,
                0.0,
                0.0,
                1.0,
                0.0,
                0.000003000000106112566,
                -0.32498699426651,
                -9.999999974752428e-7,
                1.0
            ],
            "name": "R_gunbone_02_s"
        },
        {
            "children": [
                39
            ],
            "matrix": [
                -0.1968718320131302,
                0.9641426205635072,
                0.17752182483673097,
                0.0,
                0.7458699345588684,
                0.2649293839931488,
                -0.6110597252845764,
                0.0,
                -0.6362094283103943,
                0.012068303301930428,
                -0.771271288394928,
                0.0,
                -0.3008230030536652,
                -0.06412100046873093,
                0.11824899911880492,
                1.0
            ],
            "name": "R_thumb_01_s"
        },
        {
            "matrix": [
                0.9991909265518189,
                0.03774267062544823,
                -0.01387865748256445,
                0.0,
                -0.03715185448527336,
                0.9984840154647828,
                0.04061153158545494,
                0.0,
                0.01539046596735716,
                -0.040063031017780307,
                0.999078333377838,
                0.0,
                -0.1160380020737648,
                -0.46501100063323977,
                0.009000000543892384,
                1.0
            ],
            "name": "R_thumb_02_s"
        },
        {
            "children": [
                41
            ],
            "matrix": [
                -0.9987478256225586,
                0.0239192433655262,
                -0.04194092005491257,
                0.0,
                0.021446259692311288,
                0.9980601668357848,
                0.05845087766647339,
                0.0,
                0.04325768724083901,
                0.05748315900564194,
                -0.9973223805427552,
                0.0,
                -0.40030500292778017,
                -0.6228399872779846,
                0.0880730003118515,
                1.0
            ],
            "name": "R_index_01_s"
        },
        {
            "matrix": [
                0.9997650980949402,
                0.0024505339097231628,
                -0.02154664695262909,
                0.0,
                -0.001608415273949504,
                0.9992371201515198,
                0.03901240974664688,
                0.0,
                0.021625811234116559,
                -0.03896858915686608,
                0.9990063309669496,
                0.0,
                0.07992199808359146,
                -0.22690699994564057,
                -0.11742199957370758,
                1.0
            ],
            "name": "R_index_02_s"
        },
        {
            "children": [
                43
            ],
            "matrix": [
                -0.9966164231300354,
                -0.08046583086252213,
                -0.015087741427123549,
                0.0,
                -0.08091685175895691,
                0.9962028861045836,
                0.03213796019554138,
                0.0,
                0.012444411404430868,
                0.03325093910098076,
                -0.999343514442444,
                0.0,
                0.0001250000059371814,
                -0.6712679862976074,
                0.06654199957847595,
                1.0
            ],
            "name": "R_middle_01_s"
        },
        {
            "matrix": [
                0.9986493587493897,
                -0.04929770901799202,
                -0.016417987644672399,
                0.0,
                0.04933793470263481,
                0.9987794160842896,
                0.0020560934208333498,
                0.0,
                0.01629658974707127,
                -0.0028633899055421354,
                0.9998632073402404,
                0.0,
                0.006707000080496073,
                -0.239655002951622,
                -0.14736199378967286,
                1.0
            ],
            "name": "R_middle_02_s"
        },
        {
            "children": [
                45
            ],
            "translation": [
                0.06852799654006958,
                0.3213559985160828,
                0.2429499924182892
            ],
            "rotation": [
                0.11171108484268189,
                0.2892739474773407,
                -0.054379165172576907,
                -0.9491473436355592
            ],
            "scale": [
                0.9999943375587465,
                0.9999988079071044,
                0.999994456768036
            ],
            "name": "L_clavicle_s"
        },
        {
            "children": [
                46
            ],
            "matrix": [
                -0.28100550174713137,
                -0.6356163620948792,
                0.7189221382141113,
                0.0,
                0.24525007605552674,
                -0.7717598080635071,
                -0.5865082144737244,
                0.0,
                0.9277438521385192,
                0.011463635601103306,
                0.3729226291179657,
                0.0,
                0.8517499566078186,
                0.12286599725484848,
                -0.48937100172042849,
                1.0
            ],
            "name": "L_shoulder_s"
        },
        {
            "children": [
                47
            ],
            "matrix": [
                -0.05217231065034866,
                -0.9853729605674744,
                -0.16186773777008058,
                0.0,
                0.9958829283714294,
                -0.0394376702606678,
                -0.0809134840965271,
                0.0,
                0.07334130257368088,
                -0.16543640196323396,
                0.9834887981414796,
                0.0,
                0.07574400305747986,
                1.0960599184036258,
                0.006910999771207571,
                1.0
            ],
            "name": "L_elbow_s"
        },
        {
            "children": [
                48
            ],
            "translation": [
                0.03256300091743469,
                0.591251015663147,
                0.09085199981927872
            ],
            "rotation": [
                -0.03746319189667702,
                -0.09267370402812958,
                -0.06056239828467369,
                -0.9931465983390808
            ],
            "scale": [
                0.9999994039535524,
                1.0,
                1.0
            ],
            "name": "L_forearm_twist_s"
        },
        {
            "children": [
                55,
                53,
                51,
                49
            ],
            "translation": [
                0.09070800244808196,
                0.5893430113792419,
                0.05778900161385536
            ],
            "rotation": [
                -0.10820341855287552,
                0.02780439518392086,
                0.3892924189567566,
                -0.9143087267875673
            ],
            "scale": [
                0.9999845623970032,
                0.9999837875366212,
                0.9999983310699464
            ],
            "name": "L_wrist_s"
        },
        {
            "children": [
                50
            ],
            "matrix": [
                0.0007471308927051723,
                -0.11648112535476685,
                -0.16256599128246308,
                0.0,
                0.02809945121407509,
                0.16102449595928193,
                -0.1152423769235611,
                0.0,
                0.19800548255443577,
                -0.02241609059274197,
                0.016969438642263414,
                0.0,
                0.369038999080658,
                0.5872629880905151,
                -0.49958500266075137,
                1.0
            ],
            "name": "L_gunbone_01_s"
        },
        {
            "matrix": [
                0.9941754937171936,
                0.008870050311088562,
                0.10740306973457337,
                0.0,
                0.000032419327908428389,
                0.9965822100639344,
                -0.08260061591863632,
                0.0,
                -0.1077686846256256,
                0.08212298899888993,
                0.9907774329185486,
                0.0,
                0.06407199800014496,
                0.9382089972496032,
                -1.1499589681625369,
                1.0
            ],
            "name": "L_gunbone_02_s"
        },
        {
            "children": [
                52
            ],
            "matrix": [
                -0.28527146577835085,
                0.9457610845565796,
                0.1551707834005356,
                0.0,
                0.8444445133209229,
                0.3246611952781677,
                -0.42598968744277956,
                0.0,
                -0.4532715082168579,
                0.00949767604470253,
                -0.8912572264671326,
                0.0,
                0.3409200012683869,
                0.09290499985218048,
                -0.15813900530338288,
                1.0
            ],
            "name": "L_thumb_01_s"
        },
        {
            "matrix": [
                0.9665544033050536,
                0.1815098375082016,
                -0.1811693012714386,
                0.0,
                -0.23498034477233888,
                0.9097958207130432,
                -0.342119961977005,
                0.0,
                0.10272494703531264,
                0.3732505440711975,
                0.9220210909843444,
                0.0,
                0.16375799477100373,
                0.5572800040245056,
                0.019044000655412679,
                1.0
            ],
            "name": "L_thumb_02_s"
        },
        {
            "children": [
                54
            ],
            "matrix": [
                -0.8759134411811829,
                -0.2027665972709656,
                -0.4376264810562134,
                0.0,
                0.13366952538490296,
                0.7697469592094421,
                -0.6241835355758667,
                0.0,
                0.4634258449077606,
                -0.6052751541137695,
                -0.647109866142273,
                0.0,
                0.450549989938736,
                0.6965450048446655,
                -0.15088899433612824,
                1.0
            ],
            "name": "L_index_01_s"
        },
        {
            "matrix": [
                0.9875159859657288,
                0.06635076552629471,
                -0.1428557336330414,
                0.0,
                0.014486328698694706,
                0.8648549914360046,
                0.5017959475517273,
                0.0,
                0.15684498846530918,
                -0.49760109186172488,
                0.8530976176261902,
                0.0,
                -0.11089500039815904,
                0.3241859972476959,
                0.16936999559402469,
                1.0
            ],
            "name": "L_index_02_s"
        },
        {
            "children": [
                56
            ],
            "matrix": [
                -0.9849911332130432,
                0.016312643885612489,
                -0.1712355762720108,
                0.0,
                0.14364546537399293,
                0.6256618499755859,
                -0.766730546951294,
                0.0,
                0.09462416172027588,
                -0.7798993587493897,
                -0.6185759902000427,
                0.0,
                0.0501209981739521,
                0.7449749708175659,
                -0.12935400009155274,
                1.0
            ],
            "name": "L_middle_01_s"
        },
        {
            "matrix": [
                0.9993069171905518,
                0.03396956995129585,
                -0.015202217735350132,
                0.0,
                -0.00861299131065607,
                0.6085138320922852,
                0.7934682369232178,
                0.0,
                0.03620573878288269,
                -0.7927874326705933,
                0.6083847284317017,
                0.0,
                -0.05261999741196633,
                0.3382489979267121,
                0.1805679947137833,
                1.0
            ],
            "name": "L_middle_02_s"
        },
        {
            "children": [
                58
            ],
            "matrix": [
                0.9928930997848512,
                0.0,
                0.11900577694177628,
                0.0,
                -0.0,
                1.0,
                0.0,
                0.0,
                -0.11900577694177628,
                -0.0,
                0.9928930997848512,
                0.0,
                -0.03885699808597565,
                1.0648549795150757,
                -0.1440799981355667,
                1.0
            ],
            "name": "neck_s"
        },
        {
            "children": [
                60,
                59
            ],
            "translation": [
                -0.03885699808597565,
                1.28227698802948,
                0.044613998383283618
            ],
            "rotation": [
                0.1317344456911087,
                -0.0,
                -0.0,
                -0.9912848472595216
            ],
            "scale": [
                1.0,
                0.999999225139618,
                0.999999225139618
            ],
            "name": "head_s"
        },
        {
            "matrix": [
                0.9074186086654664,
                0.0,
                -0.4202207028865814,
                0.0,
                0.0,
                1.0,
                0.0,
                0.0,
                0.4202207028865814,
                0.0,
                0.9074186086654664,
                0.0,
                0.5184469819068909,
                0.1982160061597824,
                2.421653985977173,
                1.0
            ],
            "name": "tongue_s"
        },
        {
            "children": [
                61
            ],
            "translation": [
                -0.20244599878787998,
                1.6680389642715457,
                -0.6298750042915344
            ],
            "rotation": [
                0.14867986738681794,
                -0.16768771409988404,
                0.02558990567922592,
                -0.9742265343666076
            ],
            "scale": [
                0.9999966621398926,
                0.9999977350234984,
                0.9999943375587465
            ],
            "name": "hat_01_s"
        },
        {
            "children": [
                62
            ],
            "matrix": [
                1.0,
                0.0,
                0.0,
                0.0,
                0.0,
                1.0,
                0.0,
                0.0,
                0.0,
                0.0,
                1.0,
                0.0,
                -0.036619000136852267,
                0.8107649683952332,
                -1.0696860551834109,
                1.0
            ],
            "name": "hat_02_s"
        },
        {
            "matrix": [
                1.0,
                0.0,
                0.0,
                0.0,
                0.0,
                1.0,
                0.0,
                0.0,
                0.0,
                0.0,
                1.0,
                0.0,
                -0.036619000136852267,
                0.4278840124607086,
                -0.8468049764633179,
                1.0
            ],
            "name": "hat_03_s"
        }
    ],
    "meshes": [
        {
            "primitives": [
                {
                    "attributes": {
                        "JOINTS_0": 1,
                        "NORMAL": 2,
                        "POSITION": 3,
                        "WEIGHTS_0": 4
                    },
                    "indices": 0,
                    "mode": 4,
                    "material": 0
                }
            ],
            "name": "lolipop_GEO-mesh"
        },
        {
            "primitives": [
                {
                    "attributes": {
                        "JOINTS_0": 6,
                        "NORMAL": 7,
                        "POSITION": 8,
                        "WEIGHTS_0": 9
                    },
                    "indices": 5,
                    "mode": 4,
                    "material": 0
                }
            ],
            "name": "wrapper_GEO-mesh"
        },
        {
            "primitives": [
                {
                    "attributes": {
                        "JOINTS_0": 11,
                        "NORMAL": 12,
                        "POSITION": 13,
                        "WEIGHTS_0": 14
                    },
                    "indices": 10,
                    "mode": 4,
                    "material": 0
                }
            ],
            "name": "zipperGeo2-mesh"
        },
        {
            "primitives": [
                {
                    "attributes": {
                        "JOINTS_0": 16,
                        "NORMAL": 17,
                        "POSITION": 18,
                        "WEIGHTS_0": 19
                    },
                    "indices": 15,
                    "mode": 4,
                    "material": 0
                }
            ],
            "name": "tongueGeo-mesh"
        },
        {
            "primitives": [
                {
                    "attributes": {
                        "JOINTS_0": 21,
                        "NORMAL": 22,
                        "POSITION": 23,
                        "WEIGHTS_0": 24
                    },
                    "indices": 20,
                    "mode": 4,
                    "material": 0
                }
            ],
            "name": "handsGeo-mesh"
        },
        {
            "primitives": [
                {
                    "attributes": {
                        "JOINTS_0": 26,
                        "NORMAL": 27,
                        "POSITION": 28,
                        "WEIGHTS_0": 29
                    },
                    "indices": 25,
                    "mode": 4,
                    "material": 0
                }
            ],
            "name": "tailGeo-mesh"
        },
        {
            "primitives": [
                {
                    "attributes": {
                        "JOINTS_0": 31,
                        "NORMAL": 32,
                        "POSITION": 33,
                        "WEIGHTS_0": 34
                    },
                    "indices": 30,
                    "mode": 4,
                    "material": 0
                }
            ],
            "name": "legsGeo-mesh"
        },
        {
            "primitives": [
                {
                    "attributes": {
                        "JOINTS_0": 36,
                        "NORMAL": 37,
                        "POSITION": 38,
                        "WEIGHTS_0": 39
                    },
                    "indices": 35,
                    "mode": 4,
                    "material": 0
                }
            ],
            "name": "bodyGeo-mesh"
        },
        {
            "primitives": [
                {
                    "attributes": {
                        "JOINTS_0": 41,
                        "NORMAL": 42,
                        "POSITION": 43,
                        "WEIGHTS_0": 44
                    },
                    "indices": 40,
                    "mode": 4,
                    "material": 0
                }
            ],
            "name": "hoodGeo-mesh"
        },
        {
            "primitives": [
                {
                    "attributes": {
                        "JOINTS_0": 46,
                        "NORMAL": 47,
                        "POSITION": 48,
                        "WEIGHTS_0": 49
                    },
                    "indices": 45,
                    "mode": 4,
                    "material": 0
                }
            ],
            "name": "buttonsGeo-mesh"
        },
        {
            "primitives": [
                {
                    "attributes": {
                        "JOINTS_0": 51,
                        "NORMAL": 52,
                        "POSITION": 53,
                        "WEIGHTS_0": 54
                    },
                    "indices": 50,
                    "mode": 4,
                    "material": 0
                }
            ],
            "name": "stitches_GEO-mesh"
        }
    ],
    "animations": [
        {
            "channels": [
                {
                    "sampler": 0,
                    "target": {
                        "node": 15,
                        "path": "translation"
                    }
                },
                {
                    "sampler": 1,
                    "target": {
                        "node": 15,
                        "path": "rotation"
                    }
                },
                {
                    "sampler": 2,
                    "target": {
                        "node": 15,
                        "path": "scale"
                    }
                },
                {
                    "sampler": 3,
                    "target": {
                        "node": 58,
                        "path": "translation"
                    }
                },
                {
                    "sampler": 4,
                    "target": {
                        "node": 58,
                        "path": "rotation"
                    }
                },
                {
                    "sampler": 5,
                    "target": {
                        "node": 58,
                        "path": "scale"
                    }
                },
                {
                    "sampler": 6,
                    "target": {
                        "node": 60,
                        "path": "translation"
                    }
                },
                {
                    "sampler": 7,
                    "target": {
                        "node": 60,
                        "path": "rotation"
                    }
                },
                {
                    "sampler": 8,
                    "target": {
                        "node": 60,
                        "path": "scale"
                    }
                },
                {
                    "sampler": 9,
                    "target": {
                        "node": 44,
                        "path": "translation"
                    }
                },
                {
                    "sampler": 10,
                    "target": {
                        "node": 44,
                        "path": "rotation"
                    }
                },
                {
                    "sampler": 11,
                    "target": {
                        "node": 44,
                        "path": "scale"
                    }
                },
                {
                    "sampler": 12,
                    "target": {
                        "node": 47,
                        "path": "translation"
                    }
                },
                {
                    "sampler": 13,
                    "target": {
                        "node": 47,
