{
    "asset": {
        "generator": "COLLADA2GLTF",
        "version": "2.0"
    },
    "scenes": [
        {
            "nodes": [
                0
            ]
        }
    ],
    "scene": 0,
    "nodes": [
        {
            "children": [
                13,
                1
            ],
            "name": "Y_UP"
        },
        {
            "children": [
                12,
                11,
                10,
                9,
                8,
                7,
                6,
                5,
                4,
                3,
                2
            ],
            "name": "leon_GEO1"
        },
        {
            "mesh": 0,
            "skin": 0,
            "name": "lolipop_GEO"
        },
        {
            "mesh": 1,
            "skin": 1,
            "name": "wrapper_GEO"
        },
        {
            "mesh": 2,
            "skin": 2,
            "name": "zipperGeo2"
        },
        {
            "mesh": 3,
            "skin": 3,
            "name": "tongueGeo"
        },
        {
            "mesh": 4,
            "skin": 4,
            "name": "handsGeo"
        },
        {
            "mesh": 5,
            "skin": 5,
            "name": "tailGeo"
        },
        {
            "mesh": 6,
            "skin": 6,
            "name": "legsGeo"
        },
        {
            "mesh": 7,
            "skin": 7,
            "name": "bodyGeo"
        },
        {
            "mesh": 8,
            "skin": 8,
            "name": "hoodGeo"
        },
        {
            "mesh": 9,
            "skin": 9,
            "name": "buttonsGeo"
        },
        {
            "mesh": 10,
            "skin": 10,
            "name": "stitches_GEO"
        },
        {
            "children": [
                14
            ],
            "name": "CHARACTER"
        },
        {
            "children": [
                15
            ],
            "name": "Root"
        },
        {
            "children": [
                27,
                23,
                19,
                17,
                16
            ],
            "translation": [
                0.014507999643683434,
                3.276524066925049,
                -0.08849100023508072
            ],
            "rotation": [
                -0.05563966929912567,
                0.11607746034860613,
                0.009442443028092385,
                -0.9916352033615112
            ],
            "scale": [
                0.9999988079071044,
                0.9999999403953552,
                0.9999985098838806
            ],
            "name": "hips_s"
        },
        {
            "matrix": [
                1.0695070028305054,
                -0.00032464659307152033,
                0.0020167557522654539,
                0.0,
                0.0007226539892144501,
                1.047764778137207,
                -0.2145652621984482,
                0.0,
                -0.0019106208346784118,
                0.2145661562681198,
                1.0477628707885745,
                0.0,
                -0.0234219990670681,
                -0.031132999807596208,
                0.2737849950790405,
                1.0
            ],
            "name": "hoodie_lower_s"
        },
        {
            "children": [
                18
            ],
            "translation": [
                -0.013306999579072,
                0.2899389863014221,
                -0.6831949949264526
            ],
            "rotation": [
                -0.21773043274879456,
                0.0012302895775064829,
                0.0010149888694286349,
                -0.9760063886642456
            ],
            "scale": [
                1.0000003576278689,
                0.9999951720237732,
                0.9999952912330629
            ],
            "name": "tail_01_s"
        },
        {
            "translation": [
                0.0,
                -0.7886379957199097,
                -0.0
            ],
            "rotation": [
                -0.0,
                -0.0,
                -0.0,
                -1.0
            ],
            "name": "tail_02_s"
        },
        {
            "children": [
                20
            ],
            "translation": [
                -0.6707639694213867,
                -0.12955600023269654,
                0.12988699972629548
            ],
            "rotation": [
                0.038632042706012729,
                0.9228937029838562,
                0.3684193193912506,
                -0.10488475859165192
            ],
            "scale": [
                0.9999187588691713,
                0.9999883770942688,
                0.9999299645423888
            ],
            "name": "R_upperLeg_s"
        },
        {
            "children": [
                21
            ],
            "translation": [
                -0.013538000173866749,
                -1.0567840337753297,
                -0.0552930012345314
            ],
            "rotation": [
                -0.12469270825386048,
                0.0018454765668138864,
                -0.0007997067295946181,
                -0.992193341255188
            ],
            "scale": [
                1.0000001192092896,
                1.0,
                0.9999995231628418
            ],
            "name": "R_lowerLeg_s"
        },
        {
            "children": [
                22
            ],
            "translation": [
                -0.017434999346733094,
                -1.209758996963501,
                0.2425290048122406
            ],
            "rotation": [
                0.004429151304066181,
                0.4907130897045136,
                0.8712818026542664,
                -0.003998539876192808
            ],
            "scale": [
                0.999933898448944,
                0.9999499917030336,
                0.999983847141266
            ],
            "name": "R_ankle_s"
        },
        {
            "matrix": [
                -0.9999232292175292,
                0.0,
                0.0,
                0.0,
                0.0,
                -0.06295821815729141,
                0.997974932193756,
                0.0,
                0.0,
                0.997974932193756,
                0.06303504854440689,
                0.0,
                -0.0019389999797567728,
                0.2927339971065521,
                -0.5956400036811829,
                1.0
            ],
            "name": "R_toes_s"
        },
        {
            "children": [
                24
            ],
            "translation": [
                0.6707639694213867,
                -0.12955600023269654,
                0.12988600134849549
            ],
            "rotation": [
                0.08197002112865448,
                0.7504030466079712,
                0.6481939554214478,
                -0.09987127035856249
            ],
            "scale": [
                0.9999091625213624,
                0.9999600052833556,
                0.9999473094940186
            ],
            "name": "L_upperLeg_s"
        },
        {
            "children": [
                25
            ],
            "translation": [
                0.013334999792277812,
                1.0409740209579468,
                0.05446700006723404
            ],
            "rotation": [
                0.5887242555618286,
                -0.010611246339976788,
                0.002983451820909977,
                -0.8082480430603027
            ],
            "scale": [
                0.9999998807907105,
                0.9999773502349854,
                0.9999775290489196
            ],
            "name": "L_lowerLeg_s"
        },
        {
            "children": [
                26
            ],
            "translation": [
                0.01717500016093254,
                1.1916630268096924,
                -0.2389020025730133
            ],
            "rotation": [
                0.00003075833228649572,
                -0.09937907755374909,
                0.9949905276298524,
                0.00981180276721716
            ],
            "scale": [
                0.9999576210975648,
                0.999957799911499,
                0.9999991059303284
            ],
            "name": "L_ankle_s"
        },
        {
            "matrix": [
                -0.9999232292175292,
                0.0,
                0.0,
                0.0,
                0.0,
                -0.06295821815729141,
                0.997974932193756,
                0.0,
                0.0,
                0.997974932193756,
                0.06303504854440689,
                0.0,
                0.0019389999797567728,
                -0.2927339971065521,
                0.5956400036811829,
                1.0
            ],
            "name": "L_toes_s"
        },
        {
            "children": [
                28
            ],
            "matrix": [
                0.9998391270637512,
                -0.008287745527923108,
                -0.015906671062111856,
                0.0,
                0.007703039329499006,
                0.999305009841919,
                -0.03647398203611374,
                0.0,
                0.016197899356484414,
                0.03634557873010636,
                0.9992077350616456,
                0.0,
                0.002732000080868602,
                0.4484350085258484,
                0.06015399843454361,
                1.0
            ],
            "name": "spine_lower_s"
        },
        {
            "children": [
                29
            ],
            "matrix": [
                0.9994820952415466,
                0.006273234263062477,
                -0.03155850991606712,
                0.0,
                -0.004301053006201983,
                0.9980562329292296,
                0.06217718124389649,
                0.0,
                0.03188721835613251,
                -0.06200924888253212,
                0.997566282749176,
                0.0,
                -0.000025999999706982636,
                0.5310029983520508,
                -0.0011790000135079029,
                1.0
            ],
            "name": "spine_upper_s"
        },
        {
            "children": [
                57,
                44,
                31,
                30
            ],
            "matrix": [
                0.9976500868797302,
                0.04437894374132157,
                -0.05219633877277374,
                0.0,
                -0.033844683319330218,
                0.9816378355026244,
                0.18772661685943604,
                0.0,
                0.05956918001174927,
                -0.1855188459157944,
                0.9808329939842224,
                0.0,
                -0.010708999820053578,
                0.4812690019607544,
                0.04354500025510788,
                1.0
            ],
            "name": "chest_s"
        },
        {
            "translation": [
                -0.014702999964356425,
                0.1815990060567856,
                1.1229709386825562
            ],
            "rotation": [
                0.15264804661273957,
                -0.0,
                -0.0,
                -0.9882800579071044
            ],
            "scale": [
                1.0,
                0.9999977350234984,
                0.9999977350234984
            ],
            "name": "zipper_s"
        },
        {
            "children": [
                32
            ],
            "matrix": [
                0.997066855430603,
                0.03881130367517471,
                0.06596244871616364,
                0.0,
                0.036911435425281528,
                -0.9987878203392028,
                0.029780063778162004,
                0.0,
                0.06704406440258026,
                -0.02725784294307232,
                -0.9972909092903136,
                0.0,
                -0.1098089963197708,
                0.32572200894355776,
                0.2798070013523102,
                1.0
            ],
            "name": "R_clavicle_s"
        },
        {
            "children": [
                33
            ],
            "translation": [
                -0.9028180241584778,
                -0.0980599969625473,
                0.4816760122776032
            ],
            "rotation": [
                0.411695659160614,
                0.09239699691534044,
                0.7899269461631775,
                -0.4448835849761963
            ],
            "scale": [
                0.999919593334198,
                0.9998995065689088,
                0.9999772310256958
            ],
            "name": "R_shoulder_s"
        },
        {
            "children": [
                34
            ],
            "matrix": [
                -0.31530141830444338,
                -0.8631305694580078,
                0.3942745625972748,
                0.0,
                0.9245792031288148,
                -0.3729311227798462,
                -0.07701229304075241,
                0.0,
                0.21354101598262788,
                0.3402702510356903,
                0.9157556891441344,
                0.0,
                -0.1434440016746521,
                -1.2842849493026734,
                -0.14377400279045106,
                1.0
            ],
            "name": "R_elbow_s"
        },
        {
            "children": [
                35
            ],
            "translation": [
                -0.09701699763536452,
                -0.6655200123786926,
                0.0473180003464222
            ],
            "rotation": [
                0.01768540032207966,
                -0.10832691937685012,
                -0.00990382581949234,
                -0.9939082860946656
            ],
            "scale": [
                0.9999985694885254,
                0.9999999403953552,
                0.9999983310699464
            ],
            "name": "R_forearm_twist_s"
        },
        {
            "children": [
                42,
                40,
                38,
                36
            ],
            "translation": [
                -0.11550799757242204,
                -0.6642490029335022,
                0.0004619999963324517
            ],
            "rotation": [
                0.020607423037290578,
                -0.12991908192634586,
                0.10906556993722916,
                -0.9852917194366456
            ],
            "scale": [
                0.9999976754188538,
                0.9999985694885254,
                0.9999986290931702
            ],
            "name": "R_wrist_s"
        },
        {
            "children": [
                37
            ],
            "matrix": [
                0.11139652132987976,
                -0.5839072465896606,
                -0.8040692210197449,
                0.0,
                0.05826559290289879,
                0.8116081953048706,
                -0.5812673568725586,
                0.0,
                0.9920088052749634,
                0.0178650114685297,
                0.12444531917572022,
                0.0,
                -0.1776529997587204,
                -0.5543779730796814,
                0.47947201132774355,
                1.0
            ],
            "name": "R_gunbone_01_s"
        },
        {
            "matrix": [
                1.0,
                0.0,
                0.0,
                0.0,
                0.0,
                1.0,
                0.0,
                0.0,
                0.0,
                0.0,
                1.0,
                0.0,
                0.000003000000106112566,
                -0.32498699426651,
                -9.999999974752428e-7,
                1.0
            ],
            "name": "R_gunbone_02_s"
        },
        {
            "children": [
                39
            ],
            "matrix": [
                -0.1968718320131302,
                0.9641426205635072,
                0.17752182483673097,
                0.0,
                0.7458699345588684,
                0.2649293839931488,
                -0.6110597252845764,
                0.0,
                -0.6362094283103943,
                0.012068303301930428,
                -0.771271288394928,
                0.0,
                -0.3195210099220276,
                -0.11385100334882736,
                0.1396880000829697,
                1.0
            ],
            "name": "R_thumb_01_s"
        },
        {
            "matrix": [
                0.9991909265518189,
                0.03774267062544823,
                -0.01387865748256445,
                0.0,
                -0.03715185448527336,
                0.9984840154647828,
                0.04061153158545494,
                0.0,
                0.01539046596735716,
                -0.040063031017780307,
                0.999078333377838,
                0.0,
                -0.1564980000257492,
                -0.5052319765090942,
                0.0037620000075548889,
                1.0
            ],
            "name": "R_thumb_02_s"
        },
        {
            "children": [
                41
            ],
            "matrix": [
                -0.9987478256225586,
                0.0239192433655262,
                -0.04194092005491257,
                0.0,
                0.021446259692311288,
                0.9980601668357848,
                0.05845087766647339,
                0.0,
                0.04325768724083901,
                0.05748315900564194,
                -0.9973223805427552,
                0.0,
                -0.4190030097961426,
                -0.6725689768791199,
                0.10951200127601624,
                1.0
            ],
            "name": "R_index_01_s"
        },
        {
            "matrix": [
                0.9997650980949402,
                0.0024505339097231628,
                -0.02154664695262909,
                0.0,
                -0.001608415273949504,
                0.9992371201515198,
                0.03901240974664688,
                0.0,
                0.021625811234116559,
                -0.03896858915686608,
                0.9990063309669496,
                0.0,
                0.0965069979429245,
                -0.2756879925727844,
                -0.1424729973077774,
                1.0
            ],
            "name": "R_index_02_s"
        },
        {
            "children": [
                43
            ],
            "matrix": [
                -0.9966164231300354,
                -0.08046583086252213,
                -0.015087741427123549,
                0.0,
                -0.08091685175895691,
                0.9962028861045836,
                0.03213796019554138,
                0.0,
                0.012444411404430868,
                0.03325093910098076,
                -0.999343514442444,
                0.0,
                -0.01857299916446209,
                -0.7209969758987427,
                0.08798100054264069,
                1.0
            ],
            "name": "R_middle_01_s"
        },
        {
            "matrix": [
                0.9986493587493897,
                -0.04929770901799202,
                -0.016417987644672399,
                0.0,
                0.04933793470263481,
                0.9987794160842896,
                0.0020560934208333498,
                0.0,
                0.01629658974707127,
                -0.0028633899055421354,
                0.9998632073402404,
                0.0,
                0.02902200073003769,
                -0.2869910001754761,
                -0.17067599296569825,
                1.0
            ],
            "name": "R_middle_02_s"
        },
        {
            "children": [
                45
            ],
            "matrix": [
                0.8267208337783814,
                0.16786016523838044,
                0.5369770526885986,
                0.0,
                -0.03859519958496094,
                0.9691258072853088,
                -0.2435225546360016,
                0.0,
                -0.5612773299217224,
                0.18059855699539185,
                0.8076761960983276,
                0.0,
                0.1098089963197708,
                0.3257189989089966,
                0.2798070013523102,
                1.0
            ],
            "name": "L_clavicle_s"
        },
        {
            "children": [
                46
            ],
            "translation": [
                0.9028189778327942,
                0.0980670005083084,
                -0.4816760122776032
            ],
            "rotation": [
                0.5273459553718567,
                -0.2763298451900482,
                0.7151542901992798,
                -0.3661433160305023
            ],
            "scale": [
                0.999951422214508,
                0.9999343156814576,
                0.999970316886902
            ],
            "name": "L_shoulder_s"
        },
        {
            "children": [
                47
            ],
            "matrix": [
                -0.19385096430778504,
                -0.9674224853515624,
                -0.16239674389362336,
                0.0,
                0.9791371822357178,
                -0.1807394027709961,
                -0.09209535270929337,
                0.0,
                0.059737447649240497,
                -0.17687763273715974,
                0.9824175834655762,
                0.0,
                0.08268599957227707,
                1.123211979866028,
                0.05687899887561798,
                1.0
            ],
            "name": "L_elbow_s"
        },
        {
            "children": [
                48
            ],
            "translation": [
                0.08516599982976914,
                0.5543259978294373,
                0.08832100033760071
            ],
            "rotation": [
                -0.048381954431533816,
                -0.12026280164718628,
                -0.01614781655371189,
                -0.9914308786392212
            ],
            "scale": [
                0.999999225139618,
                1.0000003576278689,
                1.0000001192092896
            ],
            "name": "L_forearm_twist_s"
        },
        {
            "children": [
                55,
                53,
                51,
                49
            ],
            "translation": [
                0.08596300333738327,
                0.5585169792175293,
                0.05476700142025948
            ],
            "rotation": [
                -0.11577186733484268,
                -0.017531875520944597,
                0.19900214672088624,
                -0.9729781150817872
            ],
            "scale": [
                0.9999985098838806,
                0.9999974966049194,
                0.999999225139618
            ],
            "name": "L_wrist_s"
        },
        {
            "children": [
                50
            ],
            "matrix": [
                0.11139655113220216,
                -0.5839073657989502,
                -0.8040693998336792,
                0.0,
                0.05826560035347939,
                0.8116082549095154,
                -0.5812674164772034,
                0.0,
                0.9920077919960022,
                0.01786499097943306,
                0.12444519251585008,
                0.0,
                0.18009799718856812,
                0.529807984828949,
                -0.49543800950050356,
                1.0
            ],
            "name": "L_gunbone_01_s"
        },
        {
            "matrix": [
                1.0,
                0.0,
                0.0,
                0.0,
                0.0,
                1.0,
                0.0,
                0.0,
                0.0,
                0.0,
                1.0,
                0.0,
                0.0,
                0.3249880075454712,
                0.0,
                1.0
            ],
            "name": "L_gunbone_02_s"
        },
        {
            "children": [
                52
            ],
            "matrix": [
                -0.1968718022108078,
                0.964142382144928,
                0.17752178013324738,
                0.0,
                0.7458699345588684,
                0.2649293839931488,
                -0.6110597252845764,
                0.0,
                -0.6362093091011047,
                0.012068302370607852,
                -0.7712712287902832,
                0.0,
                0.3195210099220276,
                0.11384999752044678,
                -0.1396860033273697,
                1.0
            ],
            "name": "L_thumb_01_s"
        },
        {
            "matrix": [
                0.9991906881332398,
                0.03774266317486763,
                -0.0138786556199193,
                0.0,
                -0.03715183585882187,
                0.9984835386276244,
                0.04061150923371315,
                0.0,
                0.015390475280582905,
                -0.040063053369522098,
                0.999078929424286,
                0.0,
                0.1564999967813492,
                0.5052279829978943,
                -0.0037620000075548889,
                1.0
            ],
            "name": "L_thumb_02_s"
        },
        {
            "children": [
                54
            ],
            "matrix": [
                -0.9987478256225586,
                0.0239192433655262,
                -0.04194092005491257,
                0.0,
                0.021446242928504945,
                0.9980594515800476,
                0.05845082923769951,
                0.0,
                0.0432576946914196,
                0.05748317390680313,
                -0.9973227381706238,
                0.0,
                0.4190030097961426,
                0.6725670099258423,
                -0.10951299965381624,
                1.0
            ],
            "name": "L_index_01_s"
        },
        {
            "matrix": [
                0.9997650980949402,
                0.0024511979427188637,
                -0.021546587347984319,
                0.0,
                -0.001607751939445734,
                0.999235212802887,
                0.03907393664121628,
                0.0,
                0.021625883877277375,
                -0.03903010860085488,
                0.9990043044090272,
                0.0,
                -0.09650599956512453,
                0.27568501234054568,
                0.1424839943647385,
                1.0
            ],
            "name": "L_index_02_s"
        },
        {
            "children": [
                56
            ],
            "matrix": [
                -0.996616542339325,
                -0.08046584576368332,
                -0.015087741427123549,
                0.0,
                -0.08091685175895691,
                0.9962028861045836,
                0.03213796019554138,
                0.0,
                0.012444411404430868,
                0.03325093910098076,
                -0.999343514442444,
                0.0,
                0.01857299916446209,
                0.7209960222244263,
                -0.08797799795866013,
                1.0
            ],
            "name": "L_middle_01_s"
        },
        {
            "matrix": [
                0.9986493587493897,
                -0.04929770901799202,
                -0.016417987644672399,
                0.0,
                0.04933797940611839,
                0.9987803101539612,
                0.0020560952834784986,
                0.0,
                0.01629658974707127,
                -0.0028633899055421354,
                0.9998632073402404,
                0.0,
                -0.02902200073003769,
                0.2869879901409149,
                0.1706870049238205,
                1.0
            ],
            "name": "L_middle_02_s"
        },
        {
            "children": [
                58
            ],
            "matrix": [
                1.0,
                0.0,
                0.0,
                0.0,
                0.0,
                1.0,
                0.0,
                0.0,
                0.0,
                0.0,
                1.0,
                0.0,
                0.0,
                1.0507880449295045,
                -0.10440099984407424,
                1.0
            ],
            "name": "neck_s"
        },
        {
            "children": [
                60,
                59
            ],
            "translation": [
                0.0,
                1.2682099342346192,
                0.08429300040006638
            ],
            "rotation": [
                0.14711210131645204,
                -0.05613203346729279,
                0.033556193113327029,
                -0.9869548082351684
            ],
            "scale": [
                0.9999992847442628,
                0.9999980926513672,
                0.9999974370002748
            ],
            "name": "head_s"
        },
        {
            "matrix": [
                0.9074186086654664,
                0.0,
                -0.4202207028865814,
                0.0,
                0.0,
                1.0,
                0.0,
                0.0,
                0.4202207028865814,
                0.0,
                0.9074186086654664,
                0.0,
                0.5601119995117188,
                0.17473900318145753,
                2.453199863433838,
                1.0
            ],
            "name": "tongue_s"
        },
        {
            "children": [
                61
            ],
            "translation": [
                -0.16078199446201325,
                1.6445629596710206,
                -0.5983290076255798
            ],
            "rotation": [
                0.17307409644126893,
                -0.0,
                -0.0,
                -0.9849085807800292
            ],
            "scale": [
                1.0,
                0.9999991059303284,
                0.9999991059303284
            ],
            "name": "hat_01_s"
        },
        {
            "children": [
                62
            ],
            "translation": [
                0.0,
                0.7789469957351685,
                -1.039209008216858
            ],
            "rotation": [
                0.02248364314436913,
                -0.0,
                -0.0,
                -0.999747097492218
            ],
            "scale": [
                1.0,
                0.9999995231628418,
                0.9999995231628418
            ],
            "name": "hat_02_s"
        },
        {
            "translation": [
                0.0,
                0.3960660099983216,
                -0.8163279891014099
            ],
            "rotation": [
                0.02248364314436913,
                -0.0,
                -0.0,
                -0.999747097492218
            ],
            "scale": [
                1.0,
                0.9999995231628418,
                0.9999995231628418
            ],
            "name": "hat_03_s"
        }
    ],
    "meshes": [
        {
            "primitives": [
                {
                    "attributes": {
                        "JOINTS_0": 1,
                        "NORMAL": 2,
                        "POSITION": 3,
                        "WEIGHTS_0": 4
                    },
                    "indices": 0,
                    "mode": 4,
                    "material": 0
                }
            ],
            "name": "lolipop_GEO-mesh"
        },
        {
            "primitives": [
                {
                    "attributes": {
                        "JOINTS_0": 6,
                        "NORMAL": 7,
                        "POSITION": 8,
                        "WEIGHTS_0": 9
                    },
                    "indices": 5,
                    "mode": 4,
                    "material": 0
                }
            ],
            "name": "wrapper_GEO-mesh"
        },
        {
            "primitives": [
                {
                    "attributes": {
                        "JOINTS_0": 11,
                        "NORMAL": 12,
                        "POSITION": 13,
                        "WEIGHTS_0": 14
                    },
                    "indices": 10,
                    "mode": 4,
                    "material": 0
                }
            ],
            "name": "zipperGeo2-mesh"
        },
        {
            "primitives": [
                {
                    "attributes": {
                        "JOINTS_0": 16,
                        "NORMAL": 17,
                        "POSITION": 18,
                        "WEIGHTS_0": 19
                    },
                    "indices": 15,
                    "mode": 4,
                    "material": 0
                }
            ],
            "name": "tongueGeo-mesh"
        },
        {
            "primitives": [
                {
                    "attributes": {
                        "JOINTS_0": 21,
                        "NORMAL": 22,
                        "POSITION": 23,
                        "WEIGHTS_0": 24
                    },
                    "indices": 20,
                    "mode": 4,
                    "material": 0
                }
            ],
            "name": "handsGeo-mesh"
        },
        {
            "primitives": [
                {
                    "attributes": {
                        "JOINTS_0": 26,
                        "NORMAL": 27,
                        "POSITION": 28,
                        "WEIGHTS_0": 29
                    },
                    "indices": 25,
                    "mode": 4,
                    "material": 0
                }
            ],
            "name": "tailGeo-mesh"
        },
        {
            "primitives": [
                {
                    "attributes": {
                        "JOINTS_0": 31,
                        "NORMAL": 32,
                        "POSITION": 33,
                        "WEIGHTS_0": 34
                    },
                    "indices": 30,
                    "mode": 4,
                    "material": 0
                }
            ],
            "name": "legsGeo-mesh"
        },
        {
            "primitives": [
                {
                    "attributes": {
                        "JOINTS_0": 36,
                        "NORMAL": 37,
                        "POSITION": 38,
                        "WEIGHTS_0": 39
                    },
                    "indices": 35,
                    "mode": 4,
                    "material": 0
                }
            ],
            "name": "bodyGeo-mesh"
        },
        {
            "primitives": [
                {
                    "attributes": {
                        "JOINTS_0": 41,
                        "NORMAL": 42,
                        "POSITION": 43,
                        "WEIGHTS_0": 44
                    },
                    "indices": 40,
                    "mode": 4,
                    "material": 0
                }
            ],
            "name": "hoodGeo-mesh"
        },
        {
            "primitives": [
                {
                    "attributes": {
                        "JOINTS_0": 46,
                        "NORMAL": 47,
                        "POSITION": 48,
                        "WEIGHTS_0": 49
                    },
                    "indices": 45,
                    "mode": 4,
                    "material": 0
                }
            ],
            "name": "buttonsGeo-mesh"
        },
        {
            "primitives": [
                {
                    "attributes": {
                        "JOINTS_0": 51,
                        "NORMAL": 52,
                        "POSITION": 53,
                        "WEIGHTS_0": 54
                    },
                    "indices": 50,
                    "mode": 4,
                    "material": 0
                }
            ],
            "name": "stitches_GEO-mesh"
        }
    ],
    "animations": [
        {
            "channels": [
                {
                    "sampler": 0,
                    "target": {
                        "node": 15,
                        "path": "translation"
                    }
                },
                {
                    "sampler": 1,
                    "target": {
                        "node": 15,
                        "path": "rotation"
                    }
                },
                {
                    "sampler": 2,
                    "target": {
                        "node": 15,
                        "path": "scale"
                    }
                },
                {
                    "sampler": 3,
                    "target": {
                        "node": 58,
                        "path": "translation"
                    }
                },
                {
                    "sampler": 4,
                    "target": {
                        "node": 58,
                        "path": "rotation"
                    }
                },
                {
                    "sampler": 5,
                    "target": {
                        "node": 58,
                        "path": "scale"
                    }
                },
                {
                    "sampler": 6,
                    "target": {
                        "node": 60,
                        "path": "translation"
                    }
                },
                {
                    "sampler": 7,
                    "target": {
                        "node": 60,
                        "path": "rotation"
                    }
                },
                {
                    "sampler": 8,
                    "target": {
                        "node": 60,
                        "path": "scale"
                    }
                },
                {
                    "sampler": 9,
                    "target": {
                        "node": 61,
                        "path": "translation"
                    }
                },
                {
                    "sampler": 10,
                    "target": {
                        "node": 61,
                        "path": "rotation"
                    }
                },
                {
                    "sampler": 11,
                    "target": {
                        "node": 61,
                        "path": "scale"
                    }
                },
                {
                    "sampler": 12,
                    "target": {
                        "node": 62,
                        "path": "translation"
                    }
                },
                {
                    "sampler": 13,
                    "target": {
                        "node": 62,
                        "path": "rotation"
                    }
                },
                {
                    "sampler": 14,
                    "target": {
                        "node": 62,
                        "path": "scale"
                    }
                },
                {
                    "sampler": 15,
                    "target": {
                        "node": 45,
                        "path": "translation"
                    }
                },
                {
                    "sampler": 16,
                    "target": {
                        "node": 45,
                        "path": "rotation"
                    }
                },
                {
                    "sampler": 17,
                    "target": {
                        "node": 45,
