{
    "asset": {
        "generator": "COLLADA2GLTF",
        "version": "2.0"
    },
    "scenes": [
        {
            "nodes": [
                0
            ]
        }
    ],
    "scene": 0,
    "nodes": [
        {
            "children": [
                6,
                1
            ],
            "name": "Y_UP"
        },
        {
            "children": [
                5,
                4,
                3,
                2
            ],
            "name": "nita_GEO"
        },
        {
            "mesh": 0,
            "skin": 0,
            "name": "hat_GEO"
        },
        {
            "mesh": 1,
            "skin": 1,
            "name": "shaul_GEO"
        },
        {
            "mesh": 2,
            "skin": 2,
            "name": "necklace_GEO"
        },
        {
            "mesh": 3,
            "skin": 3,
            "name": "main_GEO"
        },
        {
            "children": [
                7
            ],
            "name": "CHARACTER"
        },
        {
            "children": [
                8
            ],
            "name": "Root"
        },
        {
            "children": [
                19,
                15,
                11,
                10,
                9
            ],
            "translation": [
                -0.2347799986600876,
                3.102216958999634,
                -0.21376200020313264
            ],
            "rotation": [
                0.009657936170697213,
                0.0023683467879891397,
                0.00024606200167909265,
                -0.9999504685401917
            ],
            "scale": [
                0.9999995231628418,
                0.9999998211860656,
                1.0
            ],
            "name": "hips_s"
        },
        {
            "translation": [
                0.002617999911308289,
                -1.0516669750213624,
                1.0641080141067505
            ],
            "rotation": [
                -0.1241069883108139,
                -0.0023990939371287824,
                4.3996025572701217e-11,
                -0.9922657012939452
            ],
            "scale": [
                0.9999995231628418,
                0.9999989867210388,
                0.999999701976776
            ],
            "name": "C_front_dress_s"
        },
        {
            "translation": [
                -0.021260999143123628,
                -0.5966429710388184,
                -0.9469910264015198
            ],
            "rotation": [
                -0.02814365550875664,
                -0.002368373097851873,
                -0.00018454852397553623,
                -0.9996010065078737
            ],
            "scale": [
                0.9999995231628418,
                0.9999995827674866,
                1.0000001192092896
            ],
            "name": "C_back_dress_s"
        },
        {
            "children": [
                12
            ],
            "translation": [
                -0.6385210156440735,
                -0.044943999499082568,
                0.051017001271247867
            ],
            "rotation": [
                0.0270670298486948,
                0.9291068911552428,
                0.3682655692100525,
                -0.018608585000038148
            ],
            "scale": [
                0.9998759031295776,
                0.9999828338623048,
                0.9998934268951416
            ],
            "name": "R_upperLeg_s"
        },
        {
            "children": [
                13
            ],
            "translation": [
                -0.01343700010329485,
                -1.1881109476089478,
                -0.08883199840784073
            ],
            "rotation": [
                0.2574714124202728,
                -0.00344484462402761,
                0.0017839365173131228,
                -0.9662771224975586
            ],
            "scale": [
                0.9999995231628418,
                0.9999961853027344,
                0.9999966621398926
            ],
            "name": "R_lowerLeg_s"
        },
        {
            "children": [
                14
            ],
            "translation": [
                -0.017138000577688218,
                -1.2770079374313357,
                0.24621599912643434
            ],
            "rotation": [
                0.012764567509293557,
                0.2190891653299332,
                0.975243866443634,
                0.02620581164956093
            ],
            "scale": [
                0.9999010562896729,
                0.9999054670333862,
                0.9999948143959044
            ],
            "name": "R_ankle_s"
        },
        {
            "matrix": [
                -0.9999232292175292,
                0.0,
                0.0,
                0.0,
                0.0,
                -0.06295821815729141,
                0.997974932193756,
                0.0,
                0.0,
                0.997974932193756,
                0.06303504854440689,
                0.0,
                -0.0019379999721422792,
                0.20729999244213105,
                -0.5115460157394409,
                1.0
            ],
            "name": "R_toes_s"
        },
        {
            "children": [
                16
            ],
            "translation": [
                0.6385210156440735,
                -0.044943999499082568,
                0.051017001271247867
            ],
            "rotation": [
                0.04407623782753945,
                0.8086277842521668,
                0.5622562766075134,
                -0.16738499701023105
            ],
            "scale": [
                0.9999445676803588,
                0.9999820590019226,
                0.9999623894691468
            ],
            "name": "L_upperLeg_s"
        },
        {
            "children": [
                17
            ],
            "translation": [
                0.013438000343739989,
                1.1881049871444705,
                0.08883199840784073
            ],
            "rotation": [
                0.6064707636833191,
                -0.009873068891465664,
                0.004090713802725077,
                -0.795022189617157
            ],
            "scale": [
                1.0000004768371585,
                0.9999760985374452,
                0.9999763369560242
            ],
            "name": "L_lowerLeg_s"
        },
        {
            "children": [
                18
            ],
            "translation": [
                0.01713700033724308,
                1.2770129442214966,
                -0.24621699750423432
            ],
            "rotation": [
                0.08252374827861786,
                -0.021530603989958764,
                0.985609531402588,
                0.1458852142095566
            ],
            "scale": [
                0.9999654293060304,
                0.9999653100967408,
                1.0
            ],
            "name": "L_ankle_s"
        },
        {
            "matrix": [
                -0.9999232292175292,
                0.0,
                0.0,
                0.0,
                0.0,
                -0.06295821815729141,
                0.997974932193756,
                0.0,
                0.0,
                0.997974932193756,
                0.06303504854440689,
                0.0,
                0.0019389999797567728,
                -0.20729999244213105,
                0.5115460157394409,
                1.0
            ],
            "name": "L_toes_s"
        },
        {
            "children": [
                20
            ],
            "translation": [
                0.02240299992263317,
                0.41885700821876528,
                -0.00367900007404387
            ],
            "rotation": [
                0.05896254628896713,
                0.017531899735331537,
                0.00015378865646198392,
                -0.9981062412261964
            ],
            "scale": [
                1.000000238418579,
                1.000000238418579,
                0.9999995231628418
            ],
            "name": "spine_lower_s"
        },
        {
            "children": [
                21
            ],
            "translation": [
                0.0028609998989850284,
                0.44729700684547427,
                -0.006087999790906906
            ],
            "rotation": [
                -0.08710496127605438,
                0.016639746725559236,
                -0.07301807403564453,
                -0.9933798909187316
            ],
            "scale": [
                0.9999991655349731,
                0.999999225139618,
                0.999999225139618
            ],
            "name": "spine_upper_s"
        },
        {
            "children": [
                47,
                36,
                25,
                24,
                23,
                22
            ],
            "translation": [
                0.044335998594760898,
                0.4117729961872101,
                0.14627499878406526
            ],
            "rotation": [
                -0.3006553053855896,
                0.026543794199824338,
                -0.020484549924731256,
                -0.9531420469284058
            ],
            "scale": [
                1.000000238418579,
                0.9999954700469972,
                0.9999955892562866
            ],
            "name": "chest_s"
        },
        {
            "translation": [
                1.4160219430923465,
                1.3141499757766724,
                0.149495005607605
            ],
            "rotation": [
                -0.031495351344347,
                0.07378643751144409,
                0.18420471251010896,
                -0.9796069264411926
            ],
            "scale": [
                0.9999954700469972,
                0.9999964237213136,
                0.9999988079071044
            ],
            "name": "L_paw_s"
        },
        {
            "translation": [
                -1.3432220220565797,
                1.2327489852905274,
                -0.0843219980597496
            ],
            "rotation": [
                -0.012425939552485945,
                0.05603974685072899,
                0.18423600494861604,
                -0.981203556060791
            ],
            "scale": [
                0.9999960660934448,
                0.9999969601631165,
                0.9999999403953552
            ],
            "name": "R_paw_s"
        },
        {
            "translation": [
                -0.42813900113105776,
                0.4753319919109345,
                0.8656820058822632
            ],
            "rotation": [
                -0.0,
                -0.0,
                0.25814494490623476,
                -0.9661043882369996
            ],
            "scale": [
                0.9999935030937196,
                0.9999935030937196,
                1.0
            ],
            "name": "necklace_s"
        },
        {
            "children": [
                26
            ],
            "translation": [
                -0.3864699900150299,
                0.633542001247406,
                0.20536600053310398
            ],
            "rotation": [
                0.9852095246315002,
                -0.12749190628528596,
                0.1138353943824768,
                -0.01104211900383234
            ],
            "scale": [
                0.9999984502792358,
                0.9999454021453856,
                0.9999459981918336
            ],
            "name": "R_clavicle_s"
        },
        {
            "children": [
                27
            ],
            "translation": [
                -0.8572030067443848,
                -0.04463999718427658,
                0.40104299783706667
            ],
            "rotation": [
                0.750895082950592,
                0.5724985599517822,
                0.3290798366069794,
                -0.008120134472846985
            ],
            "scale": [
                0.9999628067016602,
                0.9999428391456604,
                0.9999246001243592
            ],
            "name": "R_shoulder_s"
        },
        {
            "children": [
                28
            ],
            "matrix": [
                0.2106539011001587,
                -0.3483988046646118,
                0.9133085012435912,
                0.0,
                0.8424528241157532,
                0.5385939478874207,
                0.011183738708496094,
                0.0,
                -0.4957695305347443,
                0.767117977142334,
                0.4070126414299011,
                0.0,
                -0.009538999758660794,
                -1.2139619588851929,
                -0.10004600137472152,
                1.0
            ],
            "name": "R_elbow_s"
        },
        {
            "children": [
                29
            ],
            "matrix": [
                0.3950255513191223,
                0.03698192164301872,
                -0.9178977012634276,
                0.0,
                0.05781229585409165,
                0.9962078332901,
                0.0650126188993454,
                0.0,
                0.9168207049369812,
                -0.07874797284603119,
                0.3913893699645996,
                0.0,
                -0.06108199805021286,
                -0.6363040208816528,
                0.01722100004553795,
                1.0
            ],
            "name": "R_forearm_twist_s"
        },
        {
            "children": [
                34,
                32,
                30
            ],
            "matrix": [
                0.8530818819999695,
                -0.4172779619693756,
                0.3132464587688446,
                0.0,
                -0.213908925652504,
                0.26790347695350649,
                0.9393813014030457,
                0.0,
                -0.47590702772140505,
                -0.8683745861053467,
                0.1392846703529358,
                0.0,
                -0.06345599889755249,
                -0.6363040208816528,
                0.00088900001719594,
                1.0
            ],
            "name": "R_wrist_s"
        },
        {
            "children": [
                31
            ],
            "matrix": [
                0.4488525688648224,
                0.8598015904426575,
                -0.24335500597953797,
                0.0,
                0.6538302898406982,
                -0.5015577673912048,
                -0.5663997530937195,
                0.0,
                -0.6090870499610901,
                0.09509550034999848,
                -0.7872776389122009,
                0.0,
                -0.2998409867286682,
                -0.0483819991350174,
                0.12975600361824037,
                1.0
            ],
            "name": "R_thumb_01_s"
        },
        {
            "matrix": [
                0.8563706874847412,
                -0.5113180875778198,
                0.07194005697965622,
                0.0,
                0.1964261531829834,
                0.45145583152771,
                0.8703882098197937,
                0.0,
                -0.4775334298610687,
                -0.7312403917312622,
                0.48705440759658816,
                0.0,
                -0.15151000022888184,
                -0.5531039834022522,
                0.03883099928498268,
                1.0
            ],
            "name": "R_thumb_02_s"
        },
        {
            "children": [
                33
            ],
            "matrix": [
                -0.9695316553115844,
                0.2094769924879074,
                -0.12634389102458958,
                0.0,
                0.2072041928768158,
                0.977805197238922,
                0.03101969137787819,
                0.0,
                0.1300376802682877,
                0.003897048765793443,
                -0.9914169311523438,
                0.0,
                -0.4600180089473725,
                -0.6199619770050049,
                0.09799499809741974,
                1.0
            ],
            "name": "R_index_01_s"
        },
        {
            "matrix": [
                0.9555979371070862,
                0.12033380568027497,
                -0.268978089094162,
                0.0,
                0.11486806720495224,
                0.6884889602661133,
                0.7160816192626953,
                0.0,
                0.271357536315918,
                -0.7151834964752197,
                0.6440966129302979,
                0.0,
                0.08234500139951706,
                -0.2834230065345764,
                -0.16209900379180909,
                1.0
            ],
            "name": "R_index_02_s"
        },
        {
            "children": [
                35
            ],
            "matrix": [
                -0.9966164231300354,
                -0.08046583086252213,
                -0.015087741427123549,
                0.0,
                -0.08091685175895691,
                0.9962028861045836,
                0.03213796019554138,
                0.0,
                0.012444411404430868,
                0.03325093910098076,
                -0.999343514442444,
                0.0,
                -0.0334630012512207,
                -0.677344024181366,
                0.06407999992370606,
                1.0
            ],
            "name": "R_middle_01_s"
        },
        {
            "matrix": [
                0.9983972907066344,
                0.053798191249370578,
                -0.017562465742230417,
                0.0,
                -0.007385946810245514,
                0.4315496683120728,
                0.9020572304725648,
                0.0,
                0.05610824003815651,
                -0.9004819393157959,
                0.43125542998313906,
                0.0,
                0.02230600081384182,
                -0.2371719926595688,
                -0.2108439952135086,
                1.0
            ],
            "name": "R_middle_02_s"
        },
        {
            "children": [
                37
            ],
            "translation": [
                0.5636190176010132,
                0.7714549899101257,
                0.06077199801802635
            ],
            "rotation": [
                -0.023099154233932496,
                0.15784932672977448,
                -0.1429625153541565,
                -0.976786196231842
            ],
            "scale": [
                0.999998927116394,
                0.9999995827674866,
                0.9999996423721314
            ],
            "name": "L_clavicle_s"
        },
        {
            "children": [
                38
            ],
            "translation": [
                0.8572019934654236,
                0.04463899880647659,
                -0.40104401111602785
            ],
            "rotation": [
                0.8149332404136658,
                0.5322979092597961,
                -0.008120175451040268,
                -0.22899340093135837
            ],
            "scale": [
                0.99997740983963,
                0.9999488592147828,
                0.999926745891571
            ],
            "name": "L_shoulder_s"
        },
        {
            "children": [
                39
            ],
            "matrix": [
                0.41806891560554507,
                -0.8999706506729126,
                -0.1233445405960083,
                0.0,
                0.9022744297981262,
                0.4271325170993805,
                -0.05832381919026375,
                0.0,
                0.10517330467700958,
                -0.08691446483135224,
                0.9906482100486757,
                0.0,
                0.02059599943459034,
                1.2168910503387452,
                0.05045299977064133,
                1.0
            ],
            "name": "L_elbow_s"
        },
        {
            "children": [
                40
            ],
            "matrix": [
                0.9991172552108764,
                0.0,
                0.0420052595436573,
                0.0,
                -0.0,
                1.0,
                0.0,
                0.0,
                -0.0420052595436573,
                -0.0,
                0.9991172552108764,
                0.0,
                0.05084099993109703,
                0.6354809999465942,
                0.0499349981546402,
                1.0
            ],
            "name": "L_forearm_twist_s"
        },
        {
            "children": [
                45,
                43,
                41
            ],
            "matrix": [
                0.980514109134674,
                -0.14028115570545197,
                0.13752159476280213,
                0.0,
                -0.05145357549190521,
                0.49223947525024416,
                0.8689106106758118,
                0.0,
                -0.18958760797977448,
                -0.8590537905693054,
                0.4754294455051422,
                0.0,
                0.0528939999639988,
                0.6354809999465942,
                0.04775499925017357,
                1.0
            ],
            "name": "L_wrist_s"
        },
        {
            "children": [
                42
            ],
            "matrix": [
                -0.03542303666472435,
                0.9762561321258544,
                0.21356536448001865,
                0.0,
                0.942785382270813,
                0.10357300192117693,
                -0.3168248236179352,
                0.0,
                -0.33142516016960146,
                0.19011981785297397,
                -0.9240686893463136,
                0.0,
                0.2998420000076294,
                0.04837799817323685,
                -0.12975800037384034,
                1.0
            ],
            "name": "L_thumb_01_s"
        },
        {
            "matrix": [
                0.7482243180274963,
                -0.6621550917625427,
                -0.041007958352565768,
                0.0,
                0.13238275051116944,
                0.0885014459490776,
                0.9871838092803956,
                0.0,
                -0.650080680847168,
                -0.7440482378005981,
                0.15389589965343476,
                0.0,
                0.15151600539684297,
                0.5530980229377747,
                -0.03883200138807297,
                1.0
            ],
            "name": "L_thumb_02_s"
        },
        {
            "children": [
                44
            ],
            "matrix": [
                -0.9831546545028688,
                0.08377362042665482,
                -0.161820650100708,
                0.0,
                0.0026786515954881908,
                0.8946081399917603,
                0.4468317031860352,
                0.0,
                0.18219977617263798,
                0.4389164745807648,
                -0.879751443862915,
                0.0,
                0.4600189924240113,
                0.6199560165405273,
                -0.09800200164318084,
                1.0
            ],
            "name": "L_index_01_s"
        },
        {
            "matrix": [
                0.9421539306640624,
                0.15647858381271366,
                -0.2964097559452057,
                0.0,
                0.15098415315151218,
                0.5914073586463928,
                0.7921012043952942,
                0.0,
                0.2992456555366516,
                -0.7910339832305908,
                0.5335707068443298,
                0.0,
                -0.08234500139951706,
                0.2834160029888153,
                0.16209900379180909,
                1.0
            ],
            "name": "L_index_02_s"
        },
        {
            "children": [
                46
            ],
            "matrix": [
                -0.9956220984458925,
                -0.08273296058177948,
                -0.04127855226397514,
                0.0,
                -0.09210296720266342,
                0.9266849160194396,
                0.3643685579299927,
                0.0,
                0.008105366490781308,
                0.36660993099212649,
                -0.9302419424057008,
                0.0,
                0.03346399962902069,
                0.6773359775543213,
                -0.06407800316810608,
                1.0
            ],
            "name": "L_middle_01_s"
        },
        {
            "matrix": [
                0.9984952211380004,
                0.05148255452513695,
                -0.018909897655248647,
                0.0,
                -0.006652220152318478,
                0.455939918756485,
                0.8899637460708618,
                0.0,
                0.05444062873721123,
                -0.8884980082511902,
                0.455595999956131,
                0.0,
                -0.02230600081384182,
                0.2371779978275299,
                0.21084900200366978,
                1.0
            ],
            "name": "L_middle_02_s"
        },
        {
            "children": [
                48
            ],
            "matrix": [
                1.0,
                0.0,
                0.0,
                0.0,
                0.0,
                1.0,
                0.0,
                0.0,
                0.0,
                0.0,
                1.0,
                0.0,
                0.0,
                0.9498479962348938,
                -0.1677049994468689,
                1.0
            ],
            "name": "neck_s"
        },
        {
            "children": [
                49
            ],
            "translation": [
                0.0,
                1.5714670419692994,
                -0.12940500676631928
            ],
            "rotation": [
                0.1410242021083832,
                -0.03177274018526077,
                0.10740599781274796,
                -0.9836492538452148
            ],
            "scale": [
                0.9999994039535524,
                0.9999986290931702,
                0.999999225139618
            ],
            "name": "head_s"
        },
        {
            "children": [
                50
            ],
            "matrix": [
                1.0,
                0.0,
                -0.0,
                0.0,
                -0.0,
                0.9544779062271118,
                -0.29827556014060976,
                0.0,
                0.0,
                0.29827556014060976,
                0.9544779062271118,
                0.0,
                0.0,
                1.198415994644165,
                -0.1885419934988022,
                1.0
            ],
            "name": "hat_01_s"
        },
        {
            "translation": [
                -0.014702999964356425,
                -0.7518720030784607,
                -2.444124937057495
            ],
            "rotation": [
                0.20632204413414,
                -0.3624168634414673,
                0.0826149508357048,
                -0.9051272869110109
            ],
            "scale": [
                0.999994456768036,
                0.9999982118606569,
                0.999992311000824
            ],
            "name": "hat_02_s"
        }
    ],
    "meshes": [
        {
            "primitives": [
                {
                    "attributes": {
                        "JOINTS_0": 1,
                        "NORMAL": 2,
                        "POSITION": 3,
                        "WEIGHTS_0": 4
                    },
                    "indices": 0,
                    "mode": 4,
                    "material": 0
                }
            ],
            "name": "hat_GEO-mesh"
        },
        {
            "primitives": [
                {
                    "attributes": {
                        "JOINTS_0": 6,
                        "NORMAL": 7,
                        "POSITION": 8,
                        "WEIGHTS_0": 9
                    },
                    "indices": 5,
                    "mode": 4,
                    "material": 0
                }
            ],
            "name": "shaul_GEO-mesh"
        },
        {
            "primitives": [
                {
                    "attributes": {
                        "JOINTS_0": 11,
                        "NORMAL": 12,
                        "POSITION": 13,
                        "WEIGHTS_0": 14
                    },
                    "indices": 10,
                    "mode": 4,
                    "material": 0
                }
            ],
            "name": "necklace_GEO-mesh"
        },
        {
            "primitives": [
                {
                    "attributes": {
                        "JOINTS_0": 16,
                        "NORMAL": 17,
                        "POSITION": 18,
                        "WEIGHTS_0": 19
                    },
                    "indices": 15,
                    "mode": 4,
                    "material": 0
                }
            ],
            "name": "main_GEO-mesh"
        }
    ],
    "animations": [
        {
            "channels": [
                {
                    "sampler": 0,
                    "target": {
                        "node": 8,
                        "path": "translation"
                    }
                },
                {
                    "sampler": 1,
                    "target": {
                        "node": 8,
                        "path": "rotation"
                    }
                },
                {
                    "sampler": 2,
                    "target": {
                        "node": 8,
                        "path": "scale"
                    }
                },
                {
                    "sampler": 3,
                    "target": {
                        "node": 19,
                        "path": "translation"
                    }
                },
                {
                    "sampler": 4,
                    "target": {
                        "node": 19,
                        "path": "rotation"
                    }
                },
                {
                    "sampler": 5,
                    "target": {
                        "node": 19,
                        "path": "scale"
                    }
                },
                {
                    "sampler": 6,
                    "target": {
                        "node": 20,
                        "path": "translation"
                    }
                },
                {
                    "sampler": 7,
                    "target": {
                        "node": 20,
                        "path": "rotation"
                    }
                },
                {
                    "sampler": 8,
                    "target": {
                        "node": 20,
                        "path": "scale"
                    }
                },
                {
                    "sampler": 9,
                    "target": {
                        "node": 21,
                        "path": "translation"
                    }
                },
                {
                    "sampler": 10,
                    "target": {
                        "node": 21,
                        "path": "rotation"
                    }
                },
                {
                    "sampler": 11,
                    "target": {
                        "node": 21,
                        "path": "scale"
                    }
                },
                {
                    "sampler": 12,
                    "target": {
                        "node": 48,
                        "path": "translation"
                    }
                },
                {
                    "sampler": 13,
                    "target": {
                        "node": 48,
                        "path": "rotation"
                    }
                },
                {
                    "sampler": 14,
                    "target": {
                        "node": 48,
                        "path": "scale"
                    }
                },
                {
                    "sampler": 15,
                    "target": {
                        "node": 50,
                        "path": "translation"
                    }
                },
                {
                    "sampler": 16,
                    "target": {
                        "node": 50,
                        "path": "rotation"
                    }
                },
                {
                    "sampler": 17,
                    "target": {
                        "node": 50,
                        "path": "scale"
                    }
                },
                {
                    "sampler": 18,
                    "target": {
                        "node": 36,
                        "path": "translation"
                    }
                },
                {
                    "sampler": 19,
                    "target": {
                        "node": 36,
                        "path": "rotation"
                    }
                },
                {
                    "sampler": 20,
                    "target": {
                        "node": 36,
                        "path": "scale"
                    }
                },
                {
                    "sampler": 21,
                    "target": {
                        "node": 37,
                        "path": "translation"
                    }
                },
                {
                    "sampler": 22,
                    "target": {
                        "node": 37,
                        "path": "rotation"
                    }
                },
                {
                    "sampler": 23,
                    "target": {
                        "node": 37,
                        "path": "scale"
                    }
                },
                {
                    "sampler": 24,
                    "target": {
                        "node": 25,
                        "path": "translation"
                    }
                },
                {
                    "sampler": 25,
                    "target": {
                        "node": 25,
                        "path": "rotation"
                    }
                },
                {
                    "sampler": 26,
                    "target": {
                        "node": 25,
                        "path": "scale"
                    }
                },
                {
                    "sampler": 27,
                    "target": {
                        "node": 26,
                        "path": "translation"
                    }
                },
                {
                    "sampler": 28,
                    "target": {
                        "node": 26,
                        "path": "rotation"
                    }
                },
                {
                    "sampler": 29,
                    "target": {
                        "node": 26,
                        "path": "scale"
                    }
                },
                {
                    "sampler": 30,
                    "target": {
                        "node": 24,
                        "path": "translation"
                    }
                },
                {
                    "sampler": 31,
                    "target": {
                        "node": 24,
                        "path": "rotation"
                    }
                },
                {
                    "sampler": 32,
                    "target": {
                        "node": 24,
                        "path": "scale"
                    }
                },
                {
                    "sampler": 33,
                    "target": {
                        "node": 23,
                        "path": "translation"
                    }
                },
                {
                    "sampler": 34,
                    "target": {
                        "node": 23,
                        "path": "rotation"
                    }
                },
                {
                    "sampler": 35,
                    "target": {
                        "node": 23,
                        "path": "scale"
                    }
                },
                {
                    "sampler": 36,
                    "target": {
                        "node": 22,
                        "path": "translation"
                    }
                },
                {
                    "sampler": 37,
                    "target": {
                        "node": 22,
                        "path": "rotation"
                    }
                },
                {
                    "sampler": 38,
                    "target": {
                        "node": 22,
                        "path": "scale"
                    }
                },
                {
                    "sampler": 39,
                    "target": {
                        "node": 15,
                        "path": "translation"
                    }
                },
                {
                    "sampler": 40,
                    "target": {
                        "node": 15,
                        "path": "rotation"
                    }
                },
                {
                    "sampler": 41,
                    "target": {
                        "node": 15,
                        "path": "scale"
                    }
                },
                {
                    "sampler": 42,
                    "target": {
                        "node": 16,
                        "path": "translation"
                    }
                },
                {
                    "sampler": 43,
                    "target": {
                        "node": 16,
                        "path": "rotation"
                    }
                },
                {
                    "sampler": 44,
                    "target": {
                        "node": 16,
                        "path": "scale"
                    }
                },
                {
                    "sampler": 45,
                    "target": {
                        "node": 17,
                        "path": "translation"
                    }
                },
                {
                    "sampler": 46,
                    "target": {
                        "node": 17,
                        "path": "rotation"
                    }
                },
                {
                    "sampler": 47,
                    "target": {
                        "node": 17,
                        "path": "scale"
                    }
                },
                {
                    "sampler": 48,
                    "target": {
                        "node": 11,
                        "path": "translation"
                    }
                },
                {
                    "sampler": 49,
                    "target": {
                        "node": 11,
                        "path": "rotation"
                    }
                },
                {
                    "sampler": 50,
                    "target": {
                        "node": 11,
                        "path": "scale"
                    }
                },
                {
                    "sampler": 51,
                    "target": {
