{
    "asset": {
        "generator": "COLLADA2GLTF",
        "version": "2.0"
    },
    "scenes": [
        {
            "nodes": [
                0
            ]
        }
    ],
    "scene": 0,
    "nodes": [
        {
            "children": [
                6,
                1
            ],
            "name": "Y_UP"
        },
        {
            "children": [
                5,
                4,
                3,
                2
            ],
            "name": "nita_GEO"
        },
        {
            "mesh": 0,
            "skin": 0,
            "name": "hat_GEO"
        },
        {
            "mesh": 1,
            "skin": 1,
            "name": "shaul_GEO"
        },
        {
            "mesh": 2,
            "skin": 2,
            "name": "necklace_GEO"
        },
        {
            "mesh": 3,
            "skin": 3,
            "name": "main_GEO"
        },
        {
            "children": [
                7
            ],
            "name": "CHARACTER"
        },
        {
            "children": [
                8
            ],
            "name": "Root"
        },
        {
            "children": [
                19,
                15,
                11,
                10,
                9
            ],
            "translation": [
                0.014704999513924122,
                1.899528980255127,
                -0.21388599276542664
            ],
            "rotation": [
                0.0033218120224773885,
                -0.003291055327281356,
                -0.00030757515924051404,
                -0.9999890327453612
            ],
            "scale": [
                1.0000001192092896,
                0.9999995827674866,
                1.0000003576278689
            ],
            "name": "hips_s"
        },
        {
            "translation": [
                -0.0108839999884367,
                -1.0359090566635132,
                1.0795329809188846
            ],
            "rotation": [
                -0.11681857705116272,
                0.0033218548633158209,
                -0.00003075793938478455,
                -0.9931476712226868
            ],
            "scale": [
                1.0000001192092896,
                1.0000001192092896,
                0.9999994039535524
            ],
            "name": "C_front_dress_s"
        },
        {
            "translation": [
                -0.011254999786615372,
                -0.6104909777641296,
                -0.9381769895553588
            ],
            "rotation": [
                -0.02079199068248272,
                0.003321797354146838,
                0.0002460590621922165,
                -0.9997783303260804
            ],
            "scale": [
                1.0,
                1.000000238418579,
                1.0000001192092896
            ],
            "name": "C_back_dress_s"
        },
        {
            "children": [
                12
            ],
            "translation": [
                -0.6385210156440735,
                -0.044943999499082568,
                0.051017001271247867
            ],
            "rotation": [
                0.3896115124225617,
                0.8421849012374878,
                -0.24923214316368104,
                0.2770680189132691
            ],
            "scale": [
                0.9999316930770874,
                0.9999809861183168,
                0.99992436170578
            ],
            "name": "R_upperLeg_s"
        },
        {
            "children": [
                13
            ],
            "translation": [
                -0.01343700010329485,
                -1.1881109476089478,
                -0.08883199840784073
            ],
            "rotation": [
                0.5560317635536194,
                -0.00882736872881651,
                0.0038139179814606907,
                -0.8310977816581726
            ],
            "scale": [
                1.000000238418579,
                0.9999824166297912,
                0.9999823570251464
            ],
            "name": "R_lowerLeg_s"
        },
        {
            "children": [
                14
            ],
            "translation": [
                -0.017138000577688218,
                -1.2770079374313357,
                0.24621599912643434
            ],
            "rotation": [
                0.07643365114927292,
                -0.1842096596956253,
                0.9459931254386902,
                0.2555683255195618
            ],
            "scale": [
                0.9999880790710448,
                0.9999880790710448,
                0.9999991655349731
            ],
            "name": "R_ankle_s"
        },
        {
            "translation": [
                -0.0019379999721422792,
                0.20729999244213105,
                -0.5115460157394409
            ],
            "rotation": [
                0.0,
                0.6780906915664673,
                0.7349624633789063,
                -0.0
            ],
            "scale": [
                0.999954104423523,
                0.9999749064445496,
                0.9999786019325256
            ],
            "name": "R_toes_s"
        },
        {
            "children": [
                16
            ],
            "translation": [
                0.6385210156440735,
                -0.044943999499082568,
                0.051017001271247867
            ],
            "rotation": [
                -0.02371441200375557,
                0.2253331243991852,
                0.9192643761634828,
                -0.3218517601490021
            ],
            "scale": [
                0.9999513626098632,
                0.9999544024467468,
                0.999997079372406
            ],
            "name": "L_upperLeg_s"
        },
        {
            "children": [
                17
            ],
            "translation": [
                0.013438000343739989,
                1.1881049871444705,
                0.08883199840784073
            ],
            "rotation": [
                0.4981513023376465,
                -0.007658662274479866,
                0.0034448597580194479,
                -0.8670464754104614
            ],
            "scale": [
                1.0,
                0.9999920129776,
                0.999992311000824
            ],
            "name": "L_lowerLeg_s"
        },
        {
            "children": [
                18
            ],
            "translation": [
                0.01713700033724308,
                1.2770129442214966,
                -0.24621699750423432
            ],
            "rotation": [
                0.053334396332502368,
                -0.23591382801532746,
                0.9191106557846068,
                0.3109326362609864
            ],
            "scale": [
                0.9998982548713684,
                0.9999037981033324,
                0.9999933242797852
            ],
            "name": "L_ankle_s"
        },
        {
            "matrix": [
                -0.9999232292175292,
                0.0,
                0.0,
                0.0,
                0.0,
                -0.06295821815729141,
                0.997974932193756,
                0.0,
                0.0,
                0.997974932193756,
                0.06303504854440689,
                0.0,
                0.0019389999797567728,
                -0.20729999244213105,
                0.5115460157394409,
                1.0
            ],
            "name": "L_toes_s"
        },
        {
            "children": [
                20
            ],
            "translation": [
                -0.007288000080734491,
                0.407478004693985,
                0.0034570000134408476
            ],
            "rotation": [
                0.04462864622473717,
                -0.025005578994750978,
                -0.0485655851662159,
                -0.997508943080902
            ],
            "scale": [
                0.9999998211860656,
                0.9999996423721314,
                0.9999993443489076
            ],
            "name": "spine_lower_s"
        },
        {
            "children": [
                21
            ],
            "translation": [
                -0.014833999797701836,
                0.432202011346817,
                0.0032939999364316465
            ],
            "rotation": [
                -0.06495977193117142,
                -0.021960832178592687,
                -0.08565954864025116,
                -0.9939616322517396
            ],
            "scale": [
                0.9999991059303284,
                0.9999988675117492,
                0.9999992847442628
            ],
            "name": "spine_upper_s"
        },
        {
            "children": [
                47,
                36,
                25,
                24,
                23,
                22
            ],
            "translation": [
                0.16402599215507508,
                0.40814000368118288,
                0.11219800263643264
            ],
            "rotation": [
                -0.2163200676441193,
                0.04441436380147934,
                0.18005649745464326,
                -0.958546817302704
            ],
            "scale": [
                0.9999994039535524,
                0.9999988079071044,
                0.9999994039535524
            ],
            "name": "chest_s"
        },
        {
            "translation": [
                1.205494999885559,
                1.591141939163208,
                0.124610997736454
            ],
            "rotation": [
                0.3945226669311524,
                0.06785039603710175,
                -0.08258309215307236,
                -0.9126442670822144
            ],
            "scale": [
                0.9999990463256836,
                0.9999858140945436,
                0.9999862313270568
            ],
            "name": "L_paw_s"
        },
        {
            "translation": [
                -1.2478760480880738,
                1.3609319925308228,
                -0.08572199940681458
            ],
            "rotation": [
                0.39824679493904116,
                0.02297576889395714,
                -0.037831615656614307,
                -0.9162063598632813
            ],
            "scale": [
                1.0000001192092896,
                0.9999897480010986,
                0.9999891519546508
            ],
            "name": "R_paw_s"
        },
        {
            "translation": [
                -0.05912899971008301,
                0.39511600136756899,
                0.8656820058822632
            ],
            "rotation": [
                -0.0,
                -0.0,
                0.07003587484359741,
                -0.9975443482398988
            ],
            "scale": [
                0.999999463558197,
                0.999999463558197,
                1.0
            ],
            "name": "necklace_s"
        },
        {
            "children": [
                26
            ],
            "matrix": [
                0.9415746927261353,
                -0.2537265121936798,
                0.2214878350496292,
                0.0,
                -0.24869847297668458,
                -0.96719229221344,
                -0.050783779472112659,
                0.0,
                0.22711904346942905,
                -0.007268573623150587,
                -0.9737844467163086,
                0.0,
                -0.13121600449085236,
                0.5780550241470337,
                0.20536600053310398,
                1.0
            ],
            "name": "R_clavicle_s"
        },
        {
            "children": [
                27
            ],
            "translation": [
                -0.8572030067443848,
                -0.04463999718427658,
                0.40104299783706667
            ],
            "rotation": [
                0.7391762733459473,
                0.5228554010391235,
                0.30001357197761538,
                -0.3002903461456299
            ],
            "scale": [
                0.9999577403068544,
                0.9999260902404784,
                0.999904215335846
            ],
            "name": "R_shoulder_s"
        },
        {
            "children": [
                28
            ],
            "translation": [
                -0.009538999758660794,
                -1.2139619588851929,
                -0.10004600137472152
            ],
            "rotation": [
                0.09353271126747132,
                0.20407411456108097,
                0.4501624703407288,
                -0.8642604947090149
            ],
            "scale": [
                0.9999811053276062,
                0.9999837875366212,
                0.9999963641166688
            ],
            "name": "R_elbow_s"
        },
        {
            "children": [
                29
            ],
            "translation": [
                -0.06108199805021286,
                -0.6363040208816528,
                0.01722100004553795
            ],
            "rotation": [
                0.015163389965891838,
                0.024052277207374577,
                -0.002183774719014764,
                -0.9995932579040529
            ],
            "scale": [
                1.0,
                0.9999998807907105,
                0.999999463558197
            ],
            "name": "R_forearm_twist_s"
        },
        {
            "children": [
                34,
                32,
                30
            ],
            "translation": [
                -0.06345599889755249,
                -0.6363040208816528,
                0.00088900001719594
            ],
            "rotation": [
                0.2409197986125946,
                0.014578823000192644,
                0.1270572543144226,
                -0.9620794653892516
            ],
            "scale": [
                0.9999979734420776,
                0.999991536140442,
                0.9999932050704956
            ],
            "name": "R_wrist_s"
        },
        {
            "children": [
                31
            ],
            "matrix": [
                0.4488525688648224,
                0.8598015904426575,
                -0.24335500597953797,
                0.0,
                0.6538302898406982,
                -0.5015577673912048,
                -0.5663997530937195,
                0.0,
                -0.6090870499610901,
                0.09509550034999848,
                -0.7872776389122009,
                0.0,
                -0.2998409867286682,
                -0.0483819991350174,
                0.12975600361824037,
                1.0
            ],
            "name": "R_thumb_01_s"
        },
        {
            "matrix": [
                0.8563706874847412,
                -0.5113180875778198,
                0.07194005697965622,
                0.0,
                0.1964261531829834,
                0.45145583152771,
                0.8703882098197937,
                0.0,
                -0.4775334298610687,
                -0.7312403917312622,
                0.48705440759658816,
                0.0,
                -0.15151000022888184,
                -0.5531039834022522,
                0.03883099928498268,
                1.0
            ],
            "name": "R_thumb_02_s"
        },
        {
            "children": [
                33
            ],
            "matrix": [
                -0.9695316553115844,
                0.2094769924879074,
                -0.12634389102458958,
                0.0,
                0.2072041928768158,
                0.977805197238922,
                0.03101969137787819,
                0.0,
                0.1300376802682877,
                0.003897048765793443,
                -0.9914169311523438,
                0.0,
                -0.4600180089473725,
                -0.6199619770050049,
                0.09799499809741974,
                1.0
            ],
            "name": "R_index_01_s"
        },
        {
            "matrix": [
                0.9555979371070862,
                0.12033380568027497,
                -0.268978089094162,
                0.0,
                0.11486806720495224,
                0.6884889602661133,
                0.7160816192626953,
                0.0,
                0.271357536315918,
                -0.7151834964752197,
                0.6440966129302979,
                0.0,
                0.08234500139951706,
                -0.2834230065345764,
                -0.16209900379180909,
                1.0
            ],
            "name": "R_index_02_s"
        },
        {
            "children": [
                35
            ],
            "matrix": [
                -0.9966164231300354,
                -0.08046583086252213,
                -0.015087741427123549,
                0.0,
                -0.08091685175895691,
                0.9962028861045836,
                0.03213796019554138,
                0.0,
                0.012444411404430868,
                0.03325093910098076,
                -0.999343514442444,
                0.0,
                -0.0334630012512207,
                -0.677344024181366,
                0.06407999992370606,
                1.0
            ],
            "name": "R_middle_01_s"
        },
        {
            "matrix": [
                0.9983972907066344,
                0.053798191249370578,
                -0.017562465742230417,
                0.0,
                -0.007385946810245514,
                0.4315496683120728,
                0.9020572304725648,
                0.0,
                0.05610824003815651,
                -0.9004819393157959,
                0.43125542998313906,
                0.0,
                0.02230600081384182,
                -0.2371719926595688,
                -0.2108439952135086,
                1.0
            ],
            "name": "R_middle_02_s"
        },
        {
            "children": [
                37
            ],
            "translation": [
                0.4185599982738495,
                0.8029879927635193,
                0.06077199801802635
            ],
            "rotation": [
                -0.004090727772563696,
                0.15947678685188294,
                -0.2584846317768097,
                -0.9527497887611388
            ],
            "scale": [
                0.999992609024048,
                0.9999948143959044,
                0.999998152256012
            ],
            "name": "L_clavicle_s"
        },
        {
            "children": [
                38
            ],
            "translation": [
                0.8572019934654236,
                0.04463899880647659,
                -0.40104401111602785
            ],
            "rotation": [
                0.6986986994743347,
                0.5453085899353027,
                0.2683944404125214,
                -0.3773082494735718
            ],
            "scale": [
                0.9999549388885498,
                0.999930739402771,
                0.9999030232429504
            ],
            "name": "L_shoulder_s"
        },
        {
            "children": [
                39
            ],
            "translation": [
                0.02059599943459034,
                1.2168910503387452,
                0.05045299977064133
            ],
            "rotation": [
                -0.00479807797819376,
                -0.060990944504737857,
                0.39531850814819338,
                -0.9164983034133912
            ],
            "scale": [
                0.9999811053276062,
                0.99998140335083,
                0.9999998211860656
            ],
            "name": "L_elbow_s"
        },
        {
            "children": [
                40
            ],
            "translation": [
                0.05084099993109703,
                0.6354809999465942,
                0.0499349981546402
            ],
            "rotation": [
                0.03272566944360733,
                0.4201435148715973,
                0.03081871941685677,
                -0.9063384532928468
            ],
            "scale": [
                0.9999849200248718,
                0.999999463558197,
                0.999984860420227
            ],
            "name": "L_forearm_twist_s"
        },
        {
            "children": [
                45,
                43,
                41
            ],
            "translation": [
                0.0528939999639988,
                0.6354809999465942,
                0.04775499925017357
            ],
            "rotation": [
                0.24304455518722538,
                0.3991689383983612,
                -0.02242213301360607,
                -0.8837881088256836
            ],
            "scale": [
                0.9999895095825196,
                0.9999957084655762,
                0.9999853372573853
            ],
            "name": "L_wrist_s"
        },
        {
            "children": [
                42
            ],
            "matrix": [
                -0.03542303666472435,
                0.9762561321258544,
                0.21356536448001865,
                0.0,
                0.942785382270813,
                0.10357300192117693,
                -0.3168248236179352,
                0.0,
                -0.33142516016960146,
                0.19011981785297397,
                -0.9240686893463136,
                0.0,
                0.2998420000076294,
                0.04837799817323685,
                -0.12975800037384034,
                1.0
            ],
            "name": "L_thumb_01_s"
        },
        {
            "matrix": [
                0.7482243180274963,
                -0.6621550917625427,
                -0.041007958352565768,
                0.0,
                0.13238275051116944,
                0.0885014459490776,
                0.9871838092803956,
                0.0,
                -0.650080680847168,
                -0.7440482378005981,
                0.15389589965343476,
                0.0,
                0.15151600539684297,
                0.5530980229377747,
                -0.03883200138807297,
                1.0
            ],
            "name": "L_thumb_02_s"
        },
        {
            "children": [
                44
            ],
            "matrix": [
                -0.9831546545028688,
                0.08377362042665482,
                -0.161820650100708,
                0.0,
                0.0026786515954881908,
                0.8946081399917603,
                0.4468317031860352,
                0.0,
                0.18219977617263798,
                0.4389164745807648,
                -0.879751443862915,
                0.0,
                0.4600189924240113,
                0.6199560165405273,
                -0.09800200164318084,
                1.0
            ],
            "name": "L_index_01_s"
        },
        {
            "matrix": [
                0.9421539306640624,
                0.15647858381271366,
                -0.2964097559452057,
                0.0,
                0.15098415315151218,
                0.5914073586463928,
                0.7921012043952942,
                0.0,
                0.2992456555366516,
                -0.7910339832305908,
                0.5335707068443298,
                0.0,
                -0.08234500139951706,
                0.2834160029888153,
                0.16209900379180909,
                1.0
            ],
            "name": "L_index_02_s"
        },
        {
            "children": [
                46
            ],
            "matrix": [
                -0.9956220984458925,
                -0.08273296058177948,
                -0.04127855226397514,
                0.0,
                -0.09210296720266342,
                0.9266849160194396,
                0.3643685579299927,
                0.0,
                0.008105366490781308,
                0.36660993099212649,
                -0.9302419424057008,
                0.0,
                0.03346399962902069,
                0.6773359775543213,
                -0.06407800316810608,
                1.0
            ],
            "name": "L_middle_01_s"
        },
        {
            "matrix": [
                0.9984952211380004,
                0.05148255452513695,
                -0.018909897655248647,
                0.0,
                -0.006652220152318478,
                0.455939918756485,
                0.8899637460708618,
                0.0,
                0.05444062873721123,
                -0.8884980082511902,
                0.455595999956131,
                0.0,
                -0.02230600081384182,
                0.2371779978275299,
                0.21084900200366978,
                1.0
            ],
            "name": "L_middle_02_s"
        },
        {
            "children": [
                48
            ],
            "matrix": [
                1.0,
                0.0,
                0.0,
                0.0,
                0.0,
                1.0,
                0.0,
                0.0,
                0.0,
                0.0,
                1.0,
                0.0,
                0.0,
                0.9498479962348938,
                -0.1677049994468689,
                1.0
            ],
            "name": "neck_s"
        },
        {
            "children": [
                49
            ],
            "translation": [
                0.0,
                1.5714670419692994,
                -0.12940500676631928
            ],
            "rotation": [
                0.2423974722623825,
                -0.04056873917579651,
                0.030695684254169465,
                -0.9688405394554138
            ],
            "scale": [
                0.9999995827674866,
                0.9999939203262328,
                0.999993622303009
            ],
            "name": "head_s"
        },
        {
            "children": [
                50
            ],
            "matrix": [
                1.0,
                0.0,
                -0.0,
                0.0,
                -0.0,
                0.9544779062271118,
                -0.29827556014060976,
                0.0,
                0.0,
                0.29827556014060976,
                0.9544779062271118,
                0.0,
                0.0,
                1.198415994644165,
                -0.1885419934988022,
                1.0
            ],
            "name": "hat_01_s"
        },
        {
            "translation": [
                -0.014702999964356425,
                -0.7518720030784607,
                -2.444124937057495
            ],
            "rotation": [
                0.0230986624956131,
                0.2439047396183014,
                -0.051887426525354388,
                -0.9681329131126404
            ],
            "scale": [
                0.999994456768036,
                0.999999463558197,
                0.999993860721588
            ],
            "name": "hat_02_s"
        }
    ],
    "meshes": [
        {
            "primitives": [
                {
                    "attributes": {
                        "JOINTS_0": 1,
                        "NORMAL": 2,
                        "POSITION": 3,
                        "WEIGHTS_0": 4
                    },
                    "indices": 0,
                    "mode": 4,
                    "material": 0
                }
            ],
            "name": "hat_GEO-mesh"
        },
        {
            "primitives": [
                {
                    "attributes": {
                        "JOINTS_0": 6,
                        "NORMAL": 7,
                        "POSITION": 8,
                        "WEIGHTS_0": 9
                    },
                    "indices": 5,
                    "mode": 4,
                    "material": 0
                }
            ],
            "name": "shaul_GEO-mesh"
        },
        {
            "primitives": [
                {
                    "attributes": {
                        "JOINTS_0": 11,
                        "NORMAL": 12,
                        "POSITION": 13,
                        "WEIGHTS_0": 14
                    },
                    "indices": 10,
                    "mode": 4,
                    "material": 0
                }
            ],
            "name": "necklace_GEO-mesh"
        },
        {
            "primitives": [
                {
                    "attributes": {
                        "JOINTS_0": 16,
                        "NORMAL": 17,
                        "POSITION": 18,
                        "WEIGHTS_0": 19
                    },
                    "indices": 15,
                    "mode": 4,
                    "material": 0
                }
            ],
            "name": "main_GEO-mesh"
        }
    ],
    "animations": [
        {
            "channels": [
                {
                    "sampler": 0,
                    "target": {
                        "node": 8,
                        "path": "translation"
                    }
                },
                {
                    "sampler": 1,
                    "target": {
                        "node": 8,
                        "path": "rotation"
                    }
                },
                {
                    "sampler": 2,
                    "target": {
                        "node": 8,
                        "path": "scale"
                    }
                },
                {
                    "sampler": 3,
                    "target": {
                        "node": 19,
                        "path": "translation"
                    }
                },
                {
                    "sampler": 4,
                    "target": {
                        "node": 19,
                        "path": "rotation"
                    }
                },
                {
                    "sampler": 5,
                    "target": {
                        "node": 19,
                        "path": "scale"
                    }
                },
                {
                    "sampler": 6,
                    "target": {
                        "node": 20,
                        "path": "translation"
                    }
                },
                {
                    "sampler": 7,
                    "target": {
                        "node": 20,
                        "path": "rotation"
                    }
                },
                {
                    "sampler": 8,
                    "target": {
                        "node": 20,
                        "path": "scale"
                    }
                },
                {
                    "sampler": 9,
                    "target": {
                        "node": 21,
                        "path": "translation"
                    }
                },
                {
                    "sampler": 10,
                    "target": {
                        "node": 21,
                        "path": "rotation"
                    }
                },
                {
                    "sampler": 11,
                    "target": {
                        "node": 21,
                        "path": "scale"
                    }
                },
                {
                    "sampler": 12,
                    "target": {
                        "node": 48,
                        "path": "translation"
                    }
                },
                {
                    "sampler": 13,
                    "target": {
                        "node": 48,
                        "path": "rotation"
                    }
                },
                {
                    "sampler": 14,
                    "target": {
                        "node": 48,
                        "path": "scale"
                    }
                },
                {
                    "sampler": 15,
                    "target": {
                        "node": 50,
                        "path": "translation"
                    }
                },
                {
                    "sampler": 16,
                    "target": {
                        "node": 50,
                        "path": "rotation"
                    }
                },
                {
                    "sampler": 17,
                    "target": {
                        "node": 50,
                        "path": "scale"
                    }
                },
                {
                    "sampler": 18,
                    "target": {
                        "node": 36,
                        "path": "translation"
                    }
                },
                {
                    "sampler": 19,
                    "target": {
                        "node": 36,
                        "path": "rotation"
                    }
                },
                {
                    "sampler": 20,
                    "target": {
                        "node": 36,
                        "path": "scale"
                    }
                },
                {
                    "sampler": 21,
                    "target": {
                        "node": 37,
                        "path": "translation"
                    }
                },
                {
                    "sampler": 22,
                    "target": {
                        "node": 37,
                        "path": "rotation"
                    }
                },
                {
                    "sampler": 23,
                    "target": {
                        "node": 37,
                        "path": "scale"
                    }
                },
                {
                    "sampler": 24,
                    "target": {
                        "node": 38,
                        "path": "translation"
                    }
                },
                {
                    "sampler": 25,
                    "target": {
                        "node": 38,
                        "path": "rotation"
                    }
                },
                {
                    "sampler": 26,
                    "target": {
                        "node": 38,
                        "path": "scale"
                    }
                },
                {
                    "sampler": 27,
                    "target": {
                        "node": 39,
                        "path": "translation"
                    }
                },
                {
                    "sampler": 28,
                    "target": {
                        "node": 39,
                        "path": "rotation"
                    }
                },
                {
                    "sampler": 29,
                    "target": {
                        "node": 39,
                        "path": "scale"
                    }
                },
                {
                    "sampler": 30,
                    "target": {
                        "node": 40,
                        "path": "translation"
                    }
                },
                {
                    "sampler": 31,
                    "target": {
                        "node": 40,
                        "path": "rotation"
                    }
                },
                {
                    "sampler": 32,
                    "target": {
                        "node": 40,
                        "path": "scale"
                    }
                },
                {
                    "sampler": 33,
                    "target": {
                        "node": 26,
                        "path": "translation"
                    }
                },
                {
                    "sampler": 34,
                    "target": {
                        "node": 26,
                        "path": "rotation"
                    }
                },
                {
                    "sampler": 35,
                    "target": {
                        "node": 26,
                        "path": "scale"
                    }
                },
                {
                    "sampler": 36,
                    "target": {
                        "node": 27,
                        "path": "translation"
                    }
                },
                {
                    "sampler": 37,
                    "target": {
                        "node": 27,
                        "path": "rotation"
                    }
                },
                {
                    "sampler": 38,
                    "target": {
                        "node": 27,
                        "path": "scale"
                    }
                },
                {
                    "sampler": 39,
                    "target": {
                        "node": 28,
                        "path": "translation"
                    }
                },
                {
                    "sampler": 40,
                    "target": {
                        "node": 28,
                        "path": "rotation"
                    }
                },
                {
                    "sampler": 41,
                    "target": {
                        "node": 28,
                        "path": "scale"
                    }
                },
                {
                    "sampler": 42,
                    "target": {
                        "node": 29,
                        "path": "translation"
                    }
                },
                {
                    "sampler": 43,
                    "target": {
                        "node": 29,
                        "path": "rotation"
                    }
                },
                {
                    "sampler": 44,
                    "target": {
                        "node": 29,
                        "path": "scale"
                    }
                },
                {
                    "sampler": 45,
                    "target": {
                        "node": 24,
                        "path": "translation"
                    }
                },
                {
                    "sampler": 46,
                    "target": {
                        "node": 24,
                        "path": "rotation"
                    }
                },
                {
                    "sampler": 47,
                    "target": {
                        "node": 24,
                        "path": "scale"
                    }
                },
                {
                    "sampler": 48,
                    "target": {
                        "node": 23,
                        "path": "translation"
                    }
                },
                {
                    "sampler": 49,
                    "target": {
                        "node": 23,
                        "path": "rotation"
                    }
                },
                {
                    "sampler": 50,
                    "target": {
                        "node": 23,
                        "path": "scale"
                    }
                },
                {
                    "sampler": 51,
                    "target": {
                        "node": 22,
                        "path": "translation"
                    }
                },
                {
                    "sampler": 52,
                    "target": {
                        "node": 22,
                        "path": "rotation"
                    }
                },
                {
