{
    "asset": {
        "generator": "COLLADA2GLTF",
        "version": "2.0"
    },
    "scenes": [
        {
            "nodes": [
                0
            ]
        }
    ],
    "scene": 0,
    "nodes": [
        {
            "children": [
                6,
                1
            ],
            "name": "Y_UP"
        },
        {
            "children": [
                5,
                4,
                3,
                2
            ],
            "name": "nita_GEO"
        },
        {
            "mesh": 0,
            "skin": 0,
            "name": "hat_GEO"
        },
        {
            "mesh": 1,
            "skin": 1,
            "name": "shaul_GEO"
        },
        {
            "mesh": 2,
            "skin": 2,
            "name": "necklace_GEO"
        },
        {
            "mesh": 3,
            "skin": 3,
            "name": "main_GEO"
        },
        {
            "children": [
                7
            ],
            "name": "CHARACTER"
        },
        {
            "children": [
                8
            ],
            "name": "Root"
        },
        {
            "children": [
                19,
                15,
                11,
                10,
                9
            ],
            "translation": [
                0.014631999656558037,
                1.8995989561080933,
                -0.21384599804878236
            ],
            "rotation": [
                0.08867520093917847,
                0.08990547060966492,
                0.08316951990127564,
                -0.9885022044181824
            ],
            "scale": [
                0.9999997615814208,
                1.0000004768371585,
                0.9999997615814208
            ],
            "name": "hips_s"
        },
        {
            "translation": [
                0.0011180000146850944,
                -1.042099952697754,
                1.0735620260238648
            ],
            "rotation": [
                -0.11967885494232178,
                -0.0017531986813992262,
                -5.130050551027665e-11,
                -0.9928109645843506
            ],
            "scale": [
                1.0000001192092896,
                0.9999994039535524,
                0.9999996423721314
            ],
            "name": "C_front_dress_s"
        },
        {
            "translation": [
                -0.020150000229477884,
                -0.6051009893417358,
                -0.9415599703788756
            ],
            "rotation": [
                -0.023652376607060434,
                -0.001753167132847011,
                -0.00012302928371354938,
                -0.9997186064720154
            ],
            "scale": [
                1.0000001192092896,
                0.9999995827674866,
                0.999999701976776
            ],
            "name": "C_back_dress_s"
        },
        {
            "children": [
                12
            ],
            "translation": [
                -0.6385210156440735,
                -0.044943999499082568,
                0.051017001271247867
            ],
            "rotation": [
                0.2914935052394867,
                0.912159264087677,
                -0.2010342925786972,
                0.20617087185382844
            ],
            "scale": [
                0.9998676776885986,
                0.9999808669090272,
                0.9998611211776732
            ],
            "name": "R_upperLeg_s"
        },
        {
            "children": [
                13
            ],
            "translation": [
                -0.01343700010329485,
                -1.1881109476089478,
                -0.08883199840784073
            ],
            "rotation": [
                0.5270779728889465,
                -0.008242800831794739,
                0.0036292930599302059,
                -0.849755585193634
            ],
            "scale": [
                0.999999701976776,
                0.9999666213989258,
                0.9999666213989258
            ],
            "name": "R_lowerLeg_s"
        },
        {
            "children": [
                14
            ],
            "translation": [
                -0.017138000577688218,
                -1.2770079374313357,
                0.24621599912643434
            ],
            "rotation": [
                0.07083569467067719,
                -0.14019501209259034,
                0.9618950486183168,
                0.22373373806476594
            ],
            "scale": [
                0.9999455213546752,
                0.9999462962150574,
                0.999998927116394
            ],
            "name": "R_ankle_s"
        },
        {
            "matrix": [
                -0.9999232292175292,
                0.0,
                0.0,
                0.0,
                0.0,
                -0.06295821815729141,
                0.997974932193756,
                0.0,
                0.0,
                0.997974932193756,
                0.06303504854440689,
                0.0,
                -0.0019379999721422792,
                0.20729999244213105,
                -0.5115460157394409,
                1.0
            ],
            "name": "R_toes_s"
        },
        {
            "children": [
                16
            ],
            "translation": [
                0.6385210156440735,
                -0.044943999499082568,
                0.051017001271247867
            ],
            "rotation": [
                -0.004921273328363895,
                0.07397298514842987,
                0.904346764087677,
                -0.4203081727027893
            ],
            "scale": [
                0.99999737739563,
                0.9999968409538268,
                0.9999998211860656
            ],
            "name": "L_upperLeg_s"
        },
        {
            "children": [
                17
            ],
            "translation": [
                0.013438000343739989,
                1.1881049871444705,
                0.08883199840784073
            ],
            "rotation": [
                0.5090292692184448,
                -0.007873802445828915,
                0.003506302833557129,
                -0.8606966733932495
            ],
            "scale": [
                0.999999463558197,
                0.999976396560669,
                0.9999759197235109
            ],
            "name": "L_lowerLeg_s"
        },
        {
            "children": [
                18
            ],
            "translation": [
                0.01713700033724308,
                1.2770129442214966,
                -0.24621699750423432
            ],
            "rotation": [
                0.04435307160019875,
                -0.278206080198288,
                0.8994870185852051,
                0.33397042751312258
            ],
            "scale": [
                0.999963104724884,
                0.9999656081199646,
                0.9999967217445374
            ],
            "name": "L_ankle_s"
        },
        {
            "matrix": [
                -0.9999232292175292,
                0.0,
                0.0,
                0.0,
                0.0,
                -0.06295821815729141,
                0.997974932193756,
                0.0,
                0.0,
                0.997974932193756,
                0.06303504854440689,
                0.0,
                0.0019389999797567728,
                -0.20729999244213105,
                0.5115460157394409,
                1.0
            ],
            "name": "L_toes_s"
        },
        {
            "children": [
                20
            ],
            "translation": [
                0.02434399910271168,
                0.41183099150657656,
                0.0015330000314861537
            ],
            "rotation": [
                0.05007313936948776,
                0.012979641556739809,
                0.006797397509217262,
                -0.9986380338668824
            ],
            "scale": [
                0.9999998211860656,
                1.000000238418579,
                0.9999999403953552
            ],
            "name": "spine_lower_s"
        },
        {
            "children": [
                21
            ],
            "translation": [
                0.0022430000826716425,
                0.4414129853248596,
                -0.0016959999920800329
            ],
            "rotation": [
                -0.072433702647686,
                0.0078431386500597,
                -0.07335641235113144,
                -0.9946408271789552
            ],
            "scale": [
                0.9999995827674866,
                0.9999990463256836,
                1.0
            ],
            "name": "spine_upper_s"
        },
        {
            "children": [
                47,
                36,
                25,
                24,
                23,
                22
            ],
            "translation": [
                0.02839300036430359,
                0.4229539930820465,
                0.12154699862003328
            ],
            "rotation": [
                -0.24350956082344056,
                0.003660179441794753,
                -0.049304768443107608,
                -0.968637228012085
            ],
            "scale": [
                1.0000001192092896,
                0.9999987483024596,
                0.9999986886978148
            ],
            "name": "chest_s"
        },
        {
            "translation": [
                1.3434929847717286,
                1.3299169540405274,
                0.149495005607605
            ],
            "rotation": [
                -0.009565728716552258,
                0.07966315746307373,
                -0.09737975150346756,
                -0.9920076727867128
            ],
            "scale": [
                0.9999998807907105,
                0.9999995827674866,
                0.999999463558197
            ],
            "name": "L_paw_s"
        },
        {
            "translation": [
                -1.215595006942749,
                1.2050050497055054,
                -0.0843219980597496
            ],
            "rotation": [
                0.0037217028439044954,
                0.05727117508649826,
                -0.0978100523352623,
                -0.9935488104820252
            ],
            "scale": [
                0.9999996423721314,
                0.9999997615814208,
                1.0000001192092896
            ],
            "name": "R_paw_s"
        },
        {
            "translation": [
                0.34539100527763369,
                0.3303549885749817,
                0.7904989719390869
            ],
            "rotation": [
                -0.0,
                -0.0,
                -0.15904958546161652,
                -0.9872706532478333
            ],
            "scale": [
                1.0000001192092896,
                1.0000001192092896,
                1.0
            ],
            "name": "necklace_s"
        },
        {
            "children": [
                26
            ],
            "matrix": [
                0.9415746927261353,
                -0.2537265121936798,
                0.2214878350496292,
                0.0,
                -0.24869847297668458,
                -0.96719229221344,
                -0.050783779472112659,
                0.0,
                0.22711904346942905,
                -0.007268573623150587,
                -0.9737844467163086,
                0.0,
                -0.13121600449085236,
                0.5780550241470337,
                0.20536600053310398,
                1.0
            ],
            "name": "R_clavicle_s"
        },
        {
            "children": [
                27
            ],
            "translation": [
                -0.8572030067443848,
                -0.04463999718427658,
                0.40104299783706667
            ],
            "rotation": [
                0.5232549905776978,
                0.2922317087650299,
                0.6437649130821228,
                -0.4757032692432404
            ],
            "scale": [
                0.9999219179153442,
                0.9998929500579834,
                0.9999437928199768
            ],
            "name": "R_shoulder_s"
        },
        {
            "children": [
                28
            ],
            "matrix": [
                -0.06268789619207382,
                -0.4799655079841614,
                0.875001847743988,
                0.0,
                0.9429969191551209,
                0.2585594356060028,
                0.20940595865249637,
                0.0,
                -0.32672810554504397,
                0.8382884860038757,
                0.4364416301250458,
                0.0,
                -0.009538999758660794,
                -1.2139619588851929,
                -0.10004600137472152,
                1.0
            ],
            "name": "R_elbow_s"
        },
        {
            "children": [
                29
            ],
            "matrix": [
                0.2974476516246796,
                0.04538058862090111,
                -0.9536137580871582,
                0.0,
                0.06763660907745362,
                0.9953582882881165,
                0.06845679134130478,
                0.0,
                0.9522934556007384,
                -0.08486247807741165,
                0.29299747943878176,
                0.0,
                -0.06108199805021286,
                -0.6363040208816528,
                0.01722100004553795,
                1.0
            ],
            "name": "R_forearm_twist_s"
        },
        {
            "children": [
                34,
                32,
                30
            ],
            "matrix": [
                0.8156387805938721,
                -0.4134439527988434,
                0.40470024943351748,
                0.0,
                -0.3104599714279175,
                0.2775148153305054,
                0.9091439247131348,
                0.0,
                -0.48819348216056826,
                -0.8671741485595703,
                0.09799418598413468,
                0.0,
                -0.06345599889755249,
                -0.6363040208816528,
                0.00088900001719594,
                1.0
            ],
            "name": "R_wrist_s"
        },
        {
            "children": [
                31
            ],
            "matrix": [
                0.4488525688648224,
                0.8598015904426575,
                -0.24335500597953797,
                0.0,
                0.6538302898406982,
                -0.5015577673912048,
                -0.5663997530937195,
                0.0,
                -0.6090870499610901,
                0.09509550034999848,
                -0.7872776389122009,
                0.0,
                -0.2998409867286682,
                -0.0483819991350174,
                0.12975600361824037,
                1.0
            ],
            "name": "R_thumb_01_s"
        },
        {
            "matrix": [
                0.8563706874847412,
                -0.5113180875778198,
                0.07194005697965622,
                0.0,
                0.1964261531829834,
                0.45145583152771,
                0.8703882098197937,
                0.0,
                -0.4775334298610687,
                -0.7312403917312622,
                0.48705440759658816,
                0.0,
                -0.15151000022888184,
                -0.5531039834022522,
                0.03883099928498268,
                1.0
            ],
            "name": "R_thumb_02_s"
        },
        {
            "children": [
                33
            ],
            "matrix": [
                -0.9695316553115844,
                0.2094769924879074,
                -0.12634389102458958,
                0.0,
                0.2072041928768158,
                0.977805197238922,
                0.03101969137787819,
                0.0,
                0.1300376802682877,
                0.003897048765793443,
                -0.9914169311523438,
                0.0,
                -0.4600180089473725,
                -0.6199619770050049,
                0.09799499809741974,
                1.0
            ],
            "name": "R_index_01_s"
        },
        {
            "matrix": [
                0.9555979371070862,
                0.12033380568027497,
                -0.268978089094162,
                0.0,
                0.11486806720495224,
                0.6884889602661133,
                0.7160816192626953,
                0.0,
                0.271357536315918,
                -0.7151834964752197,
                0.6440966129302979,
                0.0,
                0.08234500139951706,
                -0.2834230065345764,
                -0.16209900379180909,
                1.0
            ],
            "name": "R_index_02_s"
        },
        {
            "children": [
                35
            ],
            "matrix": [
                -0.9966164231300354,
                -0.08046583086252213,
                -0.015087741427123549,
                0.0,
                -0.08091685175895691,
                0.9962028861045836,
                0.03213796019554138,
                0.0,
                0.012444411404430868,
                0.03325093910098076,
                -0.999343514442444,
                0.0,
                -0.0334630012512207,
                -0.677344024181366,
                0.06407999992370606,
                1.0
            ],
            "name": "R_middle_01_s"
        },
        {
            "matrix": [
                0.9983972907066344,
                0.053798191249370578,
                -0.017562465742230417,
                0.0,
                -0.007385946810245514,
                0.4315496683120728,
                0.9020572304725648,
                0.0,
                0.05610824003815651,
                -0.9004819393157959,
                0.43125542998313906,
                0.0,
                0.02230600081384182,
                -0.2371719926595688,
                -0.2108439952135086,
                1.0
            ],
            "name": "R_middle_02_s"
        },
        {
            "children": [
                37
            ],
            "matrix": [
                0.909289538860321,
                0.2719951570034027,
                0.31497475504875185,
                0.0,
                -0.2865801155567169,
                0.958055853843689,
                -0.000007621943041158374,
                0.0,
                -0.3017654716968537,
                -0.0902593657374382,
                0.9490996599197388,
                0.0,
                0.4185599982738495,
                0.8029879927635193,
                0.06077199801802635,
                1.0
            ],
            "name": "L_clavicle_s"
        },
        {
            "children": [
                38
            ],
            "translation": [
                0.8572019934654236,
                0.04463899880647659,
                -0.40104401111602785
            ],
            "rotation": [
                0.7176457643508911,
                0.34805747866630556,
                0.39708587527275088,
                -0.4539881646633148
            ],
            "scale": [
                0.9999678134918212,
                0.999921441078186,
                0.9999262690544128
            ],
            "name": "L_shoulder_s"
        },
        {
            "children": [
                39
            ],
            "matrix": [
                0.41806891560554507,
                -0.8999706506729126,
                -0.1233445405960083,
                0.0,
                0.9022744297981262,
                0.4271325170993805,
                -0.05832381919026375,
                0.0,
                0.10517330467700958,
                -0.08691446483135224,
                0.9906482100486757,
                0.0,
                0.02059599943459034,
                1.2168910503387452,
                0.05045299977064133,
                1.0
            ],
            "name": "L_elbow_s"
        },
        {
            "children": [
                40
            ],
            "matrix": [
                0.9991172552108764,
                0.0,
                0.0420052595436573,
                0.0,
                -0.0,
                1.0,
                0.0,
                0.0,
                -0.0420052595436573,
                -0.0,
                0.9991172552108764,
                0.0,
                0.05084099993109703,
                0.6354809999465942,
                0.0499349981546402,
                1.0
            ],
            "name": "L_forearm_twist_s"
        },
        {
            "children": [
                45,
                43,
                41
            ],
            "matrix": [
                0.980514109134674,
                -0.14028115570545197,
                0.13752159476280213,
                0.0,
                -0.05145357549190521,
                0.49223947525024416,
                0.8689106106758118,
                0.0,
                -0.18958760797977448,
                -0.8590537905693054,
                0.4754294455051422,
                0.0,
                0.0528939999639988,
                0.6354809999465942,
                0.04775499925017357,
                1.0
            ],
            "name": "L_wrist_s"
        },
        {
            "children": [
                42
            ],
            "matrix": [
                -0.03542303666472435,
                0.9762561321258544,
                0.21356536448001865,
                0.0,
                0.942785382270813,
                0.10357300192117693,
                -0.3168248236179352,
                0.0,
                -0.33142516016960146,
                0.19011981785297397,
                -0.9240686893463136,
                0.0,
                0.2998420000076294,
                0.04837799817323685,
                -0.12975800037384034,
                1.0
            ],
            "name": "L_thumb_01_s"
        },
        {
            "matrix": [
                0.7482243180274963,
                -0.6621550917625427,
                -0.041007958352565768,
                0.0,
                0.13238275051116944,
                0.0885014459490776,
                0.9871838092803956,
                0.0,
                -0.650080680847168,
                -0.7440482378005981,
                0.15389589965343476,
                0.0,
                0.15151600539684297,
                0.5530980229377747,
                -0.03883200138807297,
                1.0
            ],
            "name": "L_thumb_02_s"
        },
        {
            "children": [
                44
            ],
            "matrix": [
                -0.9831546545028688,
                0.08377362042665482,
                -0.161820650100708,
                0.0,
                0.0026786515954881908,
                0.8946081399917603,
                0.4468317031860352,
                0.0,
                0.18219977617263798,
                0.4389164745807648,
                -0.879751443862915,
                0.0,
                0.4600189924240113,
                0.6199560165405273,
                -0.09800200164318084,
                1.0
            ],
            "name": "L_index_01_s"
        },
        {
            "matrix": [
                0.9421539306640624,
                0.15647858381271366,
                -0.2964097559452057,
                0.0,
                0.15098415315151218,
                0.5914073586463928,
                0.7921012043952942,
                0.0,
                0.2992456555366516,
                -0.7910339832305908,
                0.5335707068443298,
                0.0,
                -0.08234500139951706,
                0.2834160029888153,
                0.16209900379180909,
                1.0
            ],
            "name": "L_index_02_s"
        },
        {
            "children": [
                46
            ],
            "matrix": [
                -0.9956220984458925,
                -0.08273296058177948,
                -0.04127855226397514,
                0.0,
                -0.09210296720266342,
                0.9266849160194396,
                0.3643685579299927,
                0.0,
                0.008105366490781308,
                0.36660993099212649,
                -0.9302419424057008,
                0.0,
                0.03346399962902069,
                0.6773359775543213,
                -0.06407800316810608,
                1.0
            ],
            "name": "L_middle_01_s"
        },
        {
            "matrix": [
                0.9984952211380004,
                0.05148255452513695,
                -0.018909897655248647,
                0.0,
                -0.006652220152318478,
                0.455939918756485,
                0.8899637460708618,
                0.0,
                0.05444062873721123,
                -0.8884980082511902,
                0.455595999956131,
                0.0,
                -0.02230600081384182,
                0.2371779978275299,
                0.21084900200366978,
                1.0
            ],
            "name": "L_middle_02_s"
        },
        {
            "children": [
                48
            ],
            "matrix": [
                1.0,
                0.0,
                0.0,
                0.0,
                0.0,
                1.0,
                0.0,
                0.0,
                0.0,
                0.0,
                1.0,
                0.0,
                -0.0,
                0.9498479962348938,
                -0.1677049994468689,
                1.0
            ],
            "name": "neck_s"
        },
        {
            "children": [
                49
            ],
            "translation": [
                -0.0,
                1.5714670419692994,
                -0.12940500676631928
            ],
            "rotation": [
                -0.02460610866546631,
                -0.04598264768719673,
                -0.014086995273828509,
                -0.9985397458076476
            ],
            "scale": [
                0.9999995827674866,
                1.000000238418579,
                0.9999997615814208
            ],
            "name": "head_s"
        },
        {
            "children": [
                50
            ],
            "matrix": [
                1.0,
                0.0,
                -0.0,
                0.0,
                -0.0,
                0.9544779062271118,
                -0.29827556014060976,
                0.0,
                0.0,
                0.29827556014060976,
                0.9544779062271118,
                0.0,
                0.0,
                1.198415994644165,
                -0.1885419934988022,
                1.0
            ],
            "name": "hat_01_s"
        },
        {
            "matrix": [
                0.9505046010017396,
                -0.1299377679824829,
                -0.2822239100933075,
                0.0,
                -0.10072457045316696,
                0.7304433584213257,
                -0.6754792332649231,
                0.0,
                0.29391977190971377,
                0.6704729795455933,
                0.681202232837677,
                0.0,
                -0.014702999964356425,
                -0.7518720030784607,
                -2.444124937057495,
                1.0
            ],
            "name": "hat_02_s"
        }
    ],
    "meshes": [
        {
            "primitives": [
                {
                    "attributes": {
                        "JOINTS_0": 1,
                        "NORMAL": 2,
                        "POSITION": 3,
                        "WEIGHTS_0": 4
                    },
                    "indices": 0,
                    "mode": 4,
                    "material": 0
                }
            ],
            "name": "hat_GEO-mesh"
        },
        {
            "primitives": [
                {
                    "attributes": {
                        "JOINTS_0": 6,
                        "NORMAL": 7,
                        "POSITION": 8,
                        "WEIGHTS_0": 9
                    },
                    "indices": 5,
                    "mode": 4,
                    "material": 0
                }
            ],
            "name": "shaul_GEO-mesh"
        },
        {
            "primitives": [
                {
                    "attributes": {
                        "JOINTS_0": 11,
                        "NORMAL": 12,
                        "POSITION": 13,
                        "WEIGHTS_0": 14
                    },
                    "indices": 10,
                    "mode": 4,
                    "material": 0
                }
            ],
            "name": "necklace_GEO-mesh"
        },
        {
            "primitives": [
                {
                    "attributes": {
                        "JOINTS_0": 16,
                        "NORMAL": 17,
                        "POSITION": 18,
                        "WEIGHTS_0": 19
                    },
                    "indices": 15,
                    "mode": 4,
                    "material": 0
                }
            ],
            "name": "main_GEO-mesh"
        }
    ],
    "animations": [
        {
            "channels": [
                {
                    "sampler": 0,
                    "target": {
                        "node": 8,
                        "path": "translation"
                    }
                },
                {
                    "sampler": 1,
                    "target": {
                        "node": 8,
                        "path": "rotation"
                    }
                },
                {
                    "sampler": 2,
                    "target": {
                        "node": 8,
                        "path": "scale"
                    }
                },
                {
                    "sampler": 3,
                    "target": {
                        "node": 19,
                        "path": "translation"
                    }
                },
                {
                    "sampler": 4,
                    "target": {
                        "node": 19,
                        "path": "rotation"
                    }
                },
                {
                    "sampler": 5,
                    "target": {
                        "node": 19,
                        "path": "scale"
                    }
                },
                {
                    "sampler": 6,
                    "target": {
                        "node": 20,
                        "path": "translation"
                    }
                },
                {
                    "sampler": 7,
                    "target": {
                        "node": 20,
                        "path": "rotation"
                    }
                },
                {
                    "sampler": 8,
                    "target": {
                        "node": 20,
                        "path": "scale"
                    }
                },
                {
                    "sampler": 9,
                    "target": {
                        "node": 21,
                        "path": "translation"
                    }
                },
                {
                    "sampler": 10,
                    "target": {
                        "node": 21,
                        "path": "rotation"
                    }
                },
                {
                    "sampler": 11,
                    "target": {
                        "node": 21,
                        "path": "scale"
                    }
                },
                {
                    "sampler": 12,
                    "target": {
                        "node": 48,
                        "path": "translation"
                    }
                },
                {
                    "sampler": 13,
                    "target": {
                        "node": 48,
                        "path": "rotation"
                    }
                },
                {
                    "sampler": 14,
                    "target": {
                        "node": 48,
                        "path": "scale"
                    }
                },
                {
                    "sampler": 15,
                    "target": {
                        "node": 37,
                        "path": "translation"
                    }
                },
                {
                    "sampler": 16,
                    "target": {
                        "node": 37,
                        "path": "rotation"
                    }
                },
                {
                    "sampler": 17,
                    "target": {
                        "node": 37,
                        "path": "scale"
                    }
                },
                {
                    "sampler": 18,
                    "target": {
                        "node": 26,
                        "path": "translation"
                    }
                },
                {
                    "sampler": 19,
                    "target": {
                        "node": 26,
                        "path": "rotation"
                    }
                },
                {
                    "sampler": 20,
                    "target": {
                        "node": 26,
                        "path": "scale"
                    }
                },
                {
                    "sampler": 21,
                    "target": {
                        "node": 24,
                        "path": "translation"
                    }
                },
                {
                    "sampler": 22,
                    "target": {
                        "node": 24,
                        "path": "rotation"
                    }
                },
                {
                    "sampler": 23,
                    "target": {
                        "node": 24,
                        "path": "scale"
                    }
                },
                {
                    "sampler": 24,
                    "target": {
                        "node": 23,
                        "path": "translation"
                    }
                },
                {
                    "sampler": 25,
                    "target": {
                        "node": 23,
                        "path": "rotation"
                    }
                },
                {
                    "sampler": 26,
                    "target": {
                        "node": 23,
                        "path": "scale"
                    }
                },
                {
                    "sampler": 27,
                    "target": {
                        "node": 22,
                        "path": "translation"
                    }
                },
                {
                    "sampler": 28,
                    "target": {
                        "node": 22,
                        "path": "rotation"
                    }
                },
                {
                    "sampler": 29,
                    "target": {
                        "node": 22,
                        "path": "scale"
                    }
                },
                {
                    "sampler": 30,
                    "target": {
                        "node": 15,
                        "path": "translation"
                    }
                },
                {
                    "sampler": 31,
                    "target": {
                        "node": 15,
                        "path": "rotation"
                    }
                },
                {
                    "sampler": 32,
                    "target": {
                        "node": 15,
                        "path": "scale"
                    }
                },
                {
                    "sampler": 33,
                    "target": {
                        "node": 16,
                        "path": "translation"
                    }
                },
                {
                    "sampler": 34,
                    "target": {
                        "node": 16,
                        "path": "rotation"
                    }
                },
                {
                    "sampler": 35,
                    "target": {
                        "node": 16,
                        "path": "scale"
                    }
                },
                {
                    "sampler": 36,
                    "target": {
                        "node": 17,
                        "path": "translation"
                    }
                },
                {
                    "sampler": 37,
                    "target": {
                        "node": 17,
                        "path": "rotation"
                    }
                },
                {
                    "sampler": 38,
                    "target": {
                        "node": 17,
                        "path": "scale"
                    }
                },
                {
                    "sampler": 39,
                    "target": {
                        "node": 11,
                        "path": "translation"
                    }
                },
                {
                    "sampler": 40,
                    "target": {
                        "node": 11,
                        "path": "rotation"
                    }
                },
                {
                    "sampler": 41,
                    "target": {
                        "node": 11,
                        "path": "scale"
                    }
                },
                {
                    "sampler": 42,
                    "target": {
                        "node": 12,
                        "path": "translation"
                    }
                },
                {
                    "sampler": 43,
                    "target": {
                        "node": 12,
                        "path": "rotation"
                    }
                },
                {
                    "sampler": 44,
                    "target": {
                        "node": 12,
                        "path": "scale"
                    }
                },
                {
                    "sampler": 45,
                    "target": {
                        "node": 13,
                        "path": "translation"
                    }
                },
                {
                    "sampler": 46,
                    "target": {
                        "node": 13,
                        "path": "rotation"
                    }
                },
                {
                    "sampler": 47,
                    "target": {
                        "node": 13,
                        "path": "scale"
                    }
                },
                {
                    "sampler": 48,
                    "target": {
                        "node": 10,
                        "path": "translation"
                    }
                },
                {
                    "sampler": 49,
                    "target": {
                        "node": 10,
                        "path": "rotation"
                    }
                },
                {
