{
    "asset": {
        "generator": "COLLADA2GLTF",
        "version": "2.0"
    },
    "scenes": [
        {
            "nodes": [
                0
            ]
        }
    ],
    "scene": 0,
    "nodes": [
        {
            "children": [
                1
            ],
            "name": "Y_UP"
        },
        {
            "children": [
                10,
                2
            ],
            "name": "CHARACTER"
        },
        {
            "children": [
                9,
                8,
                7,
                6,
                5,
                4,
                3
            ],
            "name": "GEO"
        },
        {
            "mesh": 0,
            "skin": 0,
            "name": "cartridge_GEO"
        },
        {
            "mesh": 1,
            "skin": 1,
            "name": "legs_GEO"
        },
        {
            "mesh": 2,
            "skin": 2,
            "name": "arms_GEO"
        },
        {
            "mesh": 3,
            "skin": 3,
            "name": "arm_socket_GEO"
        },
        {
            "mesh": 4,
            "skin": 4,
            "name": "body_GEO"
        },
        {
            "mesh": 5,
            "skin": 5,
            "name": "gun_cable_GEO"
        },
        {
            "mesh": 6,
            "skin": 6,
            "name": "gun_GEO"
        },
        {
            "children": [
                11
            ],
            "name": "Root"
        },
        {
            "children": [
                20,
                16,
                12
            ],
            "translation": [
                -0.0007769999792799354,
                2.1145670413970949,
                -0.1508930027484894
            ],
            "rotation": [
                -0.04582865908741951,
                -0.10528287291526796,
                -0.004152260255068541,
                -0.9933767914772034
            ],
            "scale": [
                0.9999989867210388,
                1.0,
                0.9999988079071044
            ],
            "name": "hips_s"
        },
        {
            "children": [
                13
            ],
            "translation": [
                -1.4694199562072757,
                0.17500899732112885,
                0.11406999826431276
            ],
            "rotation": [
                0.1818412244319916,
                0.8268673419952393,
                -0.4030219316482544,
                0.3475039005279541
            ],
            "scale": [
                0.9999353289604188,
                0.9999845623970032,
                0.9999446868896484
            ],
            "name": "R_upperLeg_s"
        },
        {
            "children": [
                14
            ],
            "translation": [
                0.0,
                -0.9224039912223816,
                -0.0
            ],
            "rotation": [
                0.0,
                0.917726457118988,
                -0.3971780240535736,
                0.0
            ],
            "scale": [
                0.9999445676803588,
                0.9999911189079284,
                0.9999531507492064
            ],
            "name": "R_lowerLeg_s"
        },
        {
            "children": [
                15
            ],
            "translation": [
                0.0,
                -0.9497439861297609,
                -0.0
            ],
            "rotation": [
                0.9991121292114258,
                0.03678656741976738,
                -0.016117196530103685,
                -0.011011363938450814
            ],
            "scale": [
                1.0000001192092896,
                0.9999182224273682,
                0.999918818473816
            ],
            "name": "R_ankle_s"
        },
        {
            "matrix": [
                -0.9999369978904724,
                1.816078736283089e-7,
                0.004175778012722731,
                0.0,
                0.004175778012722731,
                0.0001140236563514918,
                0.9999640583992004,
                0.0,
                -1.816079020500183e-7,
                0.999972939491272,
                -0.00005996227264404297,
                0.0,
                -0.001929999911226332,
                0.5675380229949951,
                -0.8416450023651123,
                1.0
            ],
            "name": "R_toes_s"
        },
        {
            "children": [
                17
            ],
            "translation": [
                1.4694160223007205,
                0.17501400411129,
                0.11406999826431276
            ],
            "rotation": [
                0.2967223823070526,
                0.10759148001670838,
                0.9149582386016846,
                -0.2513851821422577
            ],
            "scale": [
                0.9999372363090516,
                0.9999322891235352,
                0.9999926686286926
            ],
            "name": "L_upperLeg_s"
        },
        {
            "children": [
                18
            ],
            "translation": [
                0.0,
                0.922414004802704,
                -0.0
            ],
            "rotation": [
                0.0,
                0.9758898019790648,
                -0.21825875341892246,
                0.0
            ],
            "scale": [
                0.9999958872795104,
                0.9999995231628418,
                0.9999958872795104
            ],
            "name": "L_lowerLeg_s"
        },
        {
            "children": [
                19
            ],
            "translation": [
                0.0,
                0.9497389793395996,
                0.0
            ],
            "rotation": [
                0.9691846966743468,
                0.2354217916727066,
                -0.03614065796136856,
                0.0625310018658638
            ],
            "scale": [
                0.9999958872795104,
                0.999921977519989,
                0.9999173283576964
            ],
            "name": "L_ankle_s"
        },
        {
            "matrix": [
                -0.9999369382858276,
                1.8160785941745417e-7,
                0.004175778012722731,
                0.0,
                0.004175778012722731,
                0.0001140236563514918,
                0.9999639987945556,
                0.0,
                -1.816079020500183e-7,
                0.999972939491272,
                -0.00005996227264404297,
                0.0,
                0.0019389999797567728,
                -0.5675389766693115,
                0.8416450023651123,
                1.0
            ],
            "name": "L_toes_s"
        },
        {
            "children": [
                21
            ],
            "matrix": [
                0.9999811053276062,
                -0.006085393950343132,
                -0.0011321722995489836,
                0.0,
                0.006094454322010279,
                0.999948501586914,
                0.008178043179214,
                0.0,
                0.0010823446791619065,
                -0.00818477850407362,
                0.9999654293060304,
                0.0,
                -0.0035619998816400768,
                0.2913529872894287,
                0.03400599956512451,
                1.0
            ],
            "name": "spine_lower_s"
        },
        {
            "children": [
                22
            ],
            "matrix": [
                0.9999901056289672,
                0.004369391594082117,
                0.0003469199873507023,
                0.0,
                -0.004365647677332163,
                0.9999393224716188,
                -0.01015067845582962,
                0.0,
                -0.00039125216426327825,
                0.010149062611162665,
                0.999948263168335,
                0.0,
                -0.000004999999873689376,
                0.6166890263557434,
                0.0158309992402792,
                1.0
            ],
            "name": "spine_mid_s"
        },
        {
            "children": [
                23
            ],
            "matrix": [
                1.0,
                -0.0001230287307407707,
                2.724637511164474e-7,
                0.0,
                0.0001230287307407707,
                0.999990165233612,
                -0.004429034423083067,
                0.0,
                2.724637511164474e-7,
                0.004429034423083067,
                0.999990165233612,
                0.0,
                -0.0,
                0.7386899590492249,
                0.0029849999118596317,
                1.0
            ],
            "name": "spine_upper_s"
        },
        {
            "children": [
                49,
                46,
                35,
                34,
                26,
                25,
                24
            ],
            "matrix": [
                0.9999979734420776,
                0.001842872821725905,
                0.0008055900689214468,
                0.0,
                -0.0018479896243661645,
                0.9999781847000122,
                0.0063967579044401649,
                0.0,
                -0.00079378328518942,
                -0.006398231256753206,
                0.9999791383743286,
                0.0,
                -0.002753000007942319,
                0.67603600025177,
                0.006302000023424625,
                1.0
            ],
            "name": "chest_s"
        },
        {
            "matrix": [
                1.0,
                0.0,
                0.0,
                0.0,
                0.0,
                0.6050869226455689,
                0.7961407899856567,
                0.0,
                0.0,
                -0.7961407899856567,
                0.6050869226455689,
                0.0,
                -1.43162202835083,
                -0.21851599216461185,
                3.005134105682373,
                1.0
            ],
            "name": "button_01_s"
        },
        {
            "matrix": [
                1.0,
                0.0,
                0.0,
                0.0,
                0.0,
                0.3349473178386688,
                0.9422059059143066,
                0.0,
                0.0,
                -0.9422059059143066,
                0.3349473178386688,
                0.0,
                -0.15123899281024934,
                -0.9043129682540894,
                3.356086015701294,
                1.0
            ],
            "name": "button_02_s"
        },
        {
            "children": [
                27
            ],
            "translation": [
                2.7455570697784426,
                -1.4003870487213138,
                1.95307195186615
            ],
            "rotation": [
                0.005413390696048737,
                -0.0635150820016861,
                0.20887692272663117,
                -0.97586190700531
            ],
            "scale": [
                0.999998927116394,
                0.9999993443489076,
                1.0
            ],
            "name": "gun_cable_01_s"
        },
        {
            "children": [
                28
            ],
            "translation": [
                1.1795159578323365,
                0.0,
                0.0
            ],
            "rotation": [
                0.13040825724601746,
                0.27653324604034426,
                0.3726478815078736,
                -0.8761486411094666
            ],
            "scale": [
                0.999971568584442,
                0.9999791383743286,
                0.9999871850013732
            ],
            "name": "gun_cable_02_s"
        },
        {
            "children": [
                29
            ],
            "translation": [
                1.1795159578323365,
                -0.0,
                0.0
            ],
            "rotation": [
                0.11595338582992554,
                0.4744864106178284,
                -0.1644262969493866,
                -0.8569492697715759
            ],
            "scale": [
                0.9999732971191406,
                0.9999954104423524,
                0.9999743103981018
            ],
            "name": "gun_cable_03_s"
        },
        {
            "children": [
                30
            ],
            "translation": [
                1.1795159578323365,
                -0.0,
                0.0
            ],
            "rotation": [
                0.019684677943587304,
                0.4725243151187897,
                -0.16082988679409028,
                -0.866288423538208
            ],
            "scale": [
                0.9999828338623048,
                0.9999985098838806,
                0.999984622001648
            ],
            "name": "gun_cable_04_s"
        },
        {
            "children": [
                31
            ],
            "translation": [
                1.1795159578323365,
                0.0,
                0.0
            ],
            "rotation": [
                0.09734710305929184,
                0.35457101464271548,
                -0.12299877405166626,
                -0.9217745065689088
            ],
            "scale": [
                0.9999903440475464,
                0.9999986290931702,
                0.9999906420707704
            ],
            "name": "gun_cable_05_s"
        },
        {
            "children": [
                32
            ],
            "translation": [
                1.1795159578323365,
                0.0,
                0.0
            ],
            "rotation": [
                0.0697266012430191,
                0.11450910568237305,
                -0.03447882831096649,
                -0.9903717041015624
            ],
            "scale": [
                0.9999986290931702,
                0.9999994039535524,
                0.9999983906745912
            ],
            "name": "gun_cable_06_s"
        },
        {
            "children": [
                33
            ],
            "translation": [
                1.1795159578323365,
                0.0,
                -0.0
            ],
            "rotation": [
                0.03604773432016373,
                0.17138054966926576,
                -0.06262217462062836,
                -0.9825509190559388
            ],
            "scale": [
                0.9999975562095642,
                0.9999994039535524,
                0.9999976754188538
            ],
            "name": "gun_cable_07_s"
        },
        {
            "translation": [
                1.1795159578323365,
                0.0,
                -0.0
            ],
            "rotation": [
                -0.0,
                -0.0,
                -0.0,
                -1.0
            ],
            "name": "gun_cable_08_s"
        },
        {
            "matrix": [
                1.0,
                0.0,
                0.0,
                0.0,
                0.0,
                -0.970963716506958,
                -0.23908044397830964,
                0.0,
                0.0,
                0.23908044397830964,
                -0.970963716506958,
                0.0,
                0.0,
                1.6724159717559817,
                -2.084215879440308,
                1.0
            ],
            "name": "hair_01_s"
        },
        {
            "children": [
                36
            ],
            "translation": [
                -2.6007769107818605,
                0.33737999200820925,
                -0.7517979741096497
            ],
            "rotation": [
                1.0000041723251346,
                0.0,
                0.0,
                -0.0
            ],
            "scale": [
                1.0,
                1.000016689300537,
                1.000016689300537
            ],
            "name": "R_clavicle_s"
        },
        {
            "children": [
                37
            ],
            "translation": [
                -0.8385300040245056,
                -0.1997499912977219,
                -0.004567999858409166
            ],
            "rotation": [
                0.3938346207141876,
                0.3076006174087525,
                0.6897796392440796,
                -0.5237246155738831
            ],
            "scale": [
                0.999916672706604,
                0.9999083280563356,
                0.9999635815620422
            ],
            "name": "R_shoulder_s"
        },
        {
            "children": [
                45,
                38
            ],
            "translation": [
                0.0,
                -1.7420729398727418,
                0.0
            ],
            "rotation": [
                0.029956912621855737,
                -0.08215086162090302,
                0.5929563045501709,
                -0.8004521727561951
            ],
            "scale": [
                0.9999579191207886,
                0.999958336353302,
                0.9999990463256836
            ],
            "name": "R_elbow_s"
        },
        {
            "children": [
                43,
                41,
                39
            ],
            "translation": [
                0.0,
                -1.1593719720840457,
                0.0
            ],
            "rotation": [
                -0.4608376622200012,
                0.018669726327061658,
                0.6200993657112122,
                -0.6346120238304138
            ],
            "scale": [
                0.9999876022338868,
                0.9999799728393556,
                0.9999931454658508
            ],
            "name": "R_wrist_s"
        },
        {
            "children": [
                40
            ],
            "translation": [
                0.47687798738479617,
                -0.8827840089797974,
                0.3910669982433319
            ],
            "rotation": [
                -0.17030707001686097,
                -0.6347529292106628,
                0.7146621346473694,
                -0.23935876786708833
            ],
            "scale": [
                0.9999092221260072,
                0.9999463558197022,
                0.999957263469696
            ],
            "name": "R_thumb_01_s"
        },
        {
            "translation": [
                0.0,
                -1.1651209592819214,
                -0.0
            ],
            "rotation": [
                -0.6487719416618347,
                0.00771982129663229,
                0.04548846185207367,
                -0.7595507502555847
            ],
            "scale": [
                0.9999991655349731,
                0.9999434947967528,
                0.9999440908432008
            ],
            "name": "R_thumb_02_s"
        },
        {
            "children": [
                42
            ],
            "translation": [
                1.267037034034729,
                -0.5219029784202576,
                1.0406099557876588
            ],
            "rotation": [
                0.21612149477005009,
                -0.2628087401390076,
                0.7191334366798401,
                -0.6057902574539185
            ],
            "scale": [
                0.9999396800994872,
                0.999942421913147,
                0.9999877214431764
            ],
            "name": "R_index_01_s"
        },
        {
            "translation": [
                0.0,
                -0.966750979423523,
                -0.0
            ],
            "rotation": [
                -0.7009952068328857,
                0.003567718667909503,
                0.007781316991895437,
                -0.7130742073059082
            ],
            "scale": [
                1.0000004768371585,
                0.999941349029541,
                0.9999414086341858
            ],
            "name": "R_index_02_s"
        },
        {
            "children": [
                44
            ],
            "translation": [
                1.2049720287323,
                0.6590750217437744,
                0.8854280114173889
            ],
            "rotation": [
                0.2671767771244049,
                -0.126068577170372,
                0.6352638602256775,
                -0.7135103940963745
            ],
            "scale": [
                0.9999423027038574,
                0.9999349117279052,
                0.9999879002571106
            ],
            "name": "R_middle_01_s"
        },
        {
            "translation": [
                -0.0,
                -0.9381189942359924,
                0.0
            ],
            "rotation": [
                -0.6792848110198975,
                -0.003813963383436203,
                -0.02765120565891266,
                -0.7333383560180664
            ],
            "scale": [
                0.9999995231628418,
                0.9999914765357972,
                0.9999914169311525
            ],
            "name": "R_middle_02_s"
        },
        {
            "translation": [
                0.0,
                -0.38645699620246889,
                -0.0
            ],
            "rotation": [
                -0.0,
                -0.007012806832790375,
                -0.0,
                -0.999975323677063
            ],
            "scale": [
                0.9999995827674866,
                1.0,
                0.9999995827674866
            ],
            "name": "R_forearm_twist_s"
        },
        {
            "children": [
                47
            ],
            "translation": [
                -1.0660879611968997,
                -1.24993097782135,
                -3.670651912689209
            ],
            "rotation": [
                0.9990198016166688,
                -0.004582941997796297,
                -0.015102175995707512,
                -0.04124649241566658
            ],
            "scale": [
                0.9999994039535524,
                0.9999822378158568,
                0.9999819993972778
            ],
            "name": "back_item_01_s"
        },
        {
            "children": [
                48
            ],
            "translation": [
                0.0,
                1.108361005783081,
                -0.06378600001335144
            ],
            "rotation": [
                0.15209610760211945,
                -0.002798937726765871,
                0.04478298500180245,
                -0.9873462319374085
            ],
            "scale": [
                0.9999995231628418,
                0.9999983310699464,
                0.9999987483024596
            ],
            "name": "back_item_02_s"
        },
        {
            "translation": [
                0.0,
                1.1269599199295045,
                0.0
            ],
            "rotation": [
                0.06822025775909424,
                0.0003690891317091882,
                0.0931338518857956,
                -0.9933134317398072
            ],
            "scale": [
                0.999999225139618,
                0.9999993443489076,
                0.9999998211860656
            ],
            "name": "back_item_03_s"
        },
        {
            "children": [
                50
            ],
            "translation": [
                2.6007471084594728,
                0.3256520032882691,
                -0.7517979741096497
            ],
            "rotation": [
                -0.0,
                -0.0,
                -0.0,
                -1.0
            ],
            "name": "L_clavicle_s"
        },
        {
            "children": [
                51
            ],
            "translation": [
                0.8385300040245056,
                0.19974499940872193,
                0.004567999858409166
            ],
            "rotation": [
                0.8148716688156128,
                0.46072402596473696,
                0.3487341403961182,
                0.04527579993009567
            ],
            "scale": [
                0.9999650120735169,
                0.9999183416366576,
                0.9999086260795592
            ],
            "name": "L_shoulder_s"
        },
        {
            "children": [
                61,
                52
            ],
            "translation": [
                0.0,
                1.742069959640503,
                0.0
            ],
            "rotation": [
                -0.06923425197601319,
                0.03832336515188217,
                0.7150719165802002,
                -0.6945357322692871
            ],
            "scale": [
                0.9999709725379944,
                0.999971091747284,
                0.999999701976776
            ],
            "name": "L_elbow_s"
        },
        {
            "children": [
                59,
                57,
                55,
                53
            ],
            "translation": [
                -0.0,
                1.159369945526123,
                0.0
            ],
            "rotation": [
                -0.517494797706604,
                0.07775503396987915,
                0.5408703088760376,
                -0.658478319644928
            ],
            "scale": [
                0.999991238117218,
                0.9999836683273317,
                0.9999924302101136
            ],
            "name": "L_wrist_s"
        },
        {
            "children": [
                54
            ],
            "matrix": [
                -0.764423668384552,
                -0.0081712631508708,
                0.6446630954742432,
                0.0,
                -0.6446807384490967,
                -0.0005774498567916453,
                -0.7644518613815308,
                0.0,
                0.006618734914809465,
                -0.999966025352478,
                -0.004826543387025595,
                0.0,
                -1.1255459785461426,
                1.046913981437683,
                -2.2377309799194338,
                1.0
            ],
            "name": "L_gunbone_01_s"
        },
        {
            "matrix": [
                0.9999882578849793,
                -0.0007339186850003898,
                -0.004720878787338734,
                0.0,
                0.001231755712069571,
                0.9943301677703856,
                0.10632841289043428,
                0.0,
                0.0046160719357430939,
                -0.10633297264575958,
                0.9943193197250366,
                0.0,
                0.0,
                2.7410531044006349,
                0.0,
                1.0
            ],
            "name": "L_gunbone_02_s"
        },
        {
            "children": [
                56
            ],
            "matrix": [
                -0.8273705840110779,
                -0.12593352794647218,
                -0.5472537279129028,
                0.0,
                0.31484079360961916,
                0.7029331922531128,
                -0.6377638578414917,
                0.0,
                0.4649955928325653,
                -0.7000055313110352,
                -0.5419186353683472,
                0.0,
                -0.47687798738479617,
                0.8827829957008362,
                -0.3910669982433319,
                1.0
            ],
            "name": "L_thumb_01_s"
        },
        {
            "matrix": [
                0.9957401156425476,
                -0.07913834601640701,
                -0.04731469601392746,
                0.0,
                0.08602961152791977,
                0.6127937436103821,
                0.7855390310287476,
                0.0,
                -0.033173222094774249,
                -0.7862633466720581,
                0.6169918179512024,
                0.0,
                0.0,
                1.1651229858398438,
                0.0,
                1.0
            ],
            "name": "L_thumb_02_s"
        },
        {
            "children": [
                58
            ],
            "matrix": [
                0.006885290145874024,
                -0.9992135763168336,
                -0.03770047053694725,
                0.0,
                -0.3666241466999054,
                0.03262411803007126,
                -0.929742693901062,
                0.0,
                0.9302884340286256,
                0.020176086574792867,
                -0.3660803437232971,
                0.0,
                -1.2670340538024905,
                0.5219029784202576,
                -1.040613055229187,
                1.0
            ],
            "name": "L_index_01_s"
        },
        {
            "matrix": [
                0.9998539686203004,
                -0.016085349023342134,
                -0.005836440715938807,
                0.0,
                0.01562442071735859,
                0.7191545963287354,
                0.6946542859077454,
                0.0,
                -0.006977076642215252,
                -0.6946439743041992,
                0.7193008661270142,
                0.0,
                -0.0,
                0.966751992702484,
                0.0,
                1.0
            ],
            "name": "L_index_02_s"
        },
        {
            "children": [
                60
            ],
            "matrix": [
                0.0732843428850174,
                -0.9352158904075624,
                0.3462343215942383,
                0.0,
                0.4015144407749176,
                -0.2900732755661011,
                -0.8686046600341797,
                0.0,
                0.9128490090370178,
                0.2026297152042389,
                0.354347825050354,
                0.0,
                -1.2049750089645386,
                -0.6590780019760132,
                -0.8854259848594666,
                1.0
            ],
            "name": "L_middle_01_s"
        },
        {
            "matrix": [
                0.9984413385391237,
                0.0457649901509285,
                0.0319487489759922,
                0.0,
                -0.049293674528598788,
                0.45458272099494936,
                0.889323353767395,
                0.0,
                0.02617807500064373,
                -0.8895116448402405,
                0.4561299681663513,
                0.0,
                0.0,
                0.9381210207939148,
                0.0,
                1.0
            ],
            "name": "L_middle_02_s"
        },
        {
            "translation": [
                0.0,
                0.3864560127258301,
                0.0
            ],
            "rotation": [
                -0.0,
                -0.13994495570659638,
                -0.0,
                -0.9901586771011353
            ],
            "scale": [
                0.9999974966049194,
                1.0,
                0.9999974966049194
            ],
            "name": "L_forearm_twist_s"
        }
    ],
    "meshes": [
        {
            "primitives": [
                {
                    "attributes": {
                        "JOINTS_0": 1,
                        "NORMAL": 2,
                        "POSITION": 3,
                        "WEIGHTS_0": 4
                    },
                    "indices": 0,
                    "mode": 4,
                    "material": 0
                }
            ],
            "name": "cartridge_GEO-mesh"
        },
        {
            "primitives": [
                {
                    "attributes": {
                        "JOINTS_0": 6,
                        "NORMAL": 7,
                        "POSITION": 8,
                        "WEIGHTS_0": 9
                    },
                    "indices": 5,
                    "mode": 4,
                    "material": 0
                }
            ],
            "name": "legs_GEO-mesh"
        },
        {
            "primitives": [
                {
                    "attributes": {
                        "JOINTS_0": 11,
                        "NORMAL": 12,
                        "POSITION": 13,
                        "WEIGHTS_0": 14
                    },
                    "indices": 10,
                    "mode": 4,
                    "material": 0
                }
            ],
            "name": "arms_GEO-mesh"
        },
        {
            "primitives": [
                {
                    "attributes": {
                        "JOINTS_0": 16,
                        "NORMAL": 17,
                        "POSITION": 18,
                        "WEIGHTS_0": 19
                    },
                    "indices": 15,
                    "mode": 4,
                    "material": 0
                }
            ],
            "name": "arm_socket_GEO-mesh"
        },
        {
            "primitives": [
                {
                    "attributes": {
                        "JOINTS_0": 21,
                        "NORMAL": 22,
                        "POSITION": 23,
                        "WEIGHTS_0": 24
                    },
                    "indices": 20,
                    "mode": 4,
                    "material": 0
                }
            ],
            "name": "body_GEO-mesh"
        },
        {
            "primitives": [
                {
                    "attributes": {
                        "JOINTS_0": 26,
                        "NORMAL": 27,
                        "POSITION": 28,
                        "WEIGHTS_0": 29
                    },
                    "indices": 25,
                    "mode": 4,
                    "material": 0
                }
            ],
            "name": "gun_cable_GEO-mesh"
        },
        {
            "primitives": [
                {
                    "attributes": {
                        "JOINTS_0": 31,
                        "NORMAL": 32,
                        "POSITION": 33,
                        "WEIGHTS_0": 34
                    },
                    "indices": 30,
                    "mode": 4,
                    "material": 0
                },
                {
                    "attributes": {
                        "JOINTS_0": 36,
                        "NORMAL": 37,
                        "POSITION": 38,
                        "WEIGHTS_0": 39
                    },
                    "indices": 35,
                    "mode": 4,
                    "material": 1
                }
            ],
            "name": "gun_GEO-mesh"
        }
    ],
    "animations": [
        {
            "channels": [
                {
                    "sampler": 0,
                    "target": {
                        "node": 11,
                        "path": "translation"
                    }
                },
                {
                    "sampler": 1,
                    "target": {
                        "node": 11,
                        "path": "rotation"
                    }
                },
                {
                    "sampler": 2,
                    "target": {
                        "node": 11,
                        "path": "scale"
                    }
                },
                {
                    "sampler": 3,
                    "target": {
                        "node": 49,
                        "path": "translation"
                    }
                },
                {
                    "sampler": 4,
                    "target": {
                        "node": 49,
                        "path": "rotation"
                    }
                },
                {
                    "sampler": 5,
                    "target": {
                        "node": 49,
                        "path": "scale"
                    }
                },
                {
                    "sampler": 6,
                    "target": {
                        "node": 50,
                        "path": "translation"
                    }
                },
                {
                    "sampler": 7,
                    "target": {
                        "node": 50,
                        "path": "rotation"
                    }
                },
                {
                    "sampler": 8,
                    "target": {
                        "node": 50,
                        "path": "scale"
                    }
                },
                {
                    "sampler": 9,
                    "target": {
                        "node": 51,
                        "path": "translation"
                    }
                },
                {
                    "sampler": 10,
                    "target": {
                        "node": 51,
                        "path": "rotation"
                    }
                },
                {
                    "sampler": 11,
                    "target": {
                        "node": 51,
                        "path": "scale"
                    }
                },
                {
                    "sampler": 12,
                    "target": {
                        "node": 61,
                        "path": "translation"
                    }
                },
                {
                    "sampler": 13,
                    "target": {
                        "node": 61,
                        "path": "rotation"
                    }
                },
                {
                    "sampler": 14,
                    "target": {
                        "node": 61,
                        "path": "scale"
                    }
                },
                {
                    "sampler": 15,
                    "target": {
                        "node": 52,
                        "path": "translation"
                    }
                },
                {
                    "sampler": 16,
                    "target": {
                        "node": 52,
                        "path": "rotation"
                    }
                },
                {
                    "sampler": 17,
                    "target": {
                        "node": 52,
                        "path": "scale"
                    }
                },
                {
                    "sampler": 18,
                    "target": {
                        "node": 46,
                        "path": "translation"
                    }
                },
                {
                    "sampler": 19,
                    "target": {
                        "node": 46,
                        "path": "rotation"
                    }
                },
                {
                    "sampler": 20,
                    "target": {
                        "node": 46,
                        "path": "scale"
                    }
                },
                {
                    "sampler": 21,
                    "target": {
                        "node": 47,
                        "path": "translation"
                    }
                },
                {
                    "sampler": 22,
                    "target": {
                        "node": 47,
                        "path": "rotation"
                    }
                },
                {
                    "sampler": 23,
                    "target": {
                        "node": 47,
                        "path": "scale"
                    }
                },
                {
                    "sampler": 24,
                    "target": {
                        "node": 48,
                        "path": "translation"
                    }
                },
                {
                    "sampler": 25,
                    "target": {
                        "node": 48,
