{
    "asset": {
        "generator": "COLLADA2GLTF",
        "version": "2.0"
    },
    "scenes": [
        {
            "nodes": [
                0
            ]
        }
    ],
    "scene": 0,
    "nodes": [
        {
            "children": [
                1
            ],
            "name": "Y_UP"
        },
        {
            "children": [
                10,
                2
            ],
            "name": "CHARACTER"
        },
        {
            "children": [
                9,
                8,
                7,
                6,
                5,
                4,
                3
            ],
            "name": "GEO"
        },
        {
            "mesh": 0,
            "skin": 0,
            "name": "cartridge_GEO"
        },
        {
            "mesh": 1,
            "skin": 1,
            "name": "legs_GEO"
        },
        {
            "mesh": 2,
            "skin": 2,
            "name": "arms_GEO"
        },
        {
            "mesh": 3,
            "skin": 3,
            "name": "arm_socket_GEO"
        },
        {
            "mesh": 4,
            "skin": 4,
            "name": "body_GEO"
        },
        {
            "mesh": 5,
            "skin": 5,
            "name": "gun_cable_GEO"
        },
        {
            "mesh": 6,
            "skin": 6,
            "name": "gun_GEO"
        },
        {
            "children": [
                11
            ],
            "name": "Root"
        },
        {
            "children": [
                20,
                16,
                12
            ],
            "translation": [
                0.051697999238967898,
                2.120337963104248,
                0.058646999299526218
            ],
            "rotation": [
                0.08676773309707642,
                0.27171438932418826,
                -0.017255129292607309,
                -0.9583024978637696
            ],
            "scale": [
                0.9999982118606569,
                0.9999995827674866,
                0.9999975562095642
            ],
            "name": "hips_s"
        },
        {
            "children": [
                13
            ],
            "translation": [
                -1.4694199562072757,
                0.17500899732112885,
                0.11406999826431276
            ],
            "rotation": [
                0.16990721225738526,
                0.7568314671516419,
                0.5876007676124573,
                -0.23022373020648957
            ],
            "scale": [
                0.9998902082443236,
                0.9999551773071288,
                0.9999275207519532
            ],
            "name": "R_upperLeg_s"
        },
        {
            "children": [
                14
            ],
            "translation": [
                0.0,
                -0.845537006855011,
                0.0
            ],
            "rotation": [
                0.0,
                0.9745057225227356,
                -0.2242873013019562,
                0.0
            ],
            "scale": [
                0.9999326467514038,
                0.999996304512024,
                0.9999356865882874
            ],
            "name": "R_lowerLeg_s"
        },
        {
            "children": [
                15
            ],
            "translation": [
                0.0,
                -0.8705980181694031,
                0.0
            ],
            "rotation": [
                0.9793963432312012,
                0.01316442620009184,
                -0.00596705311909318,
                -0.2013726830482483
            ],
            "scale": [
                1.0000003576278689,
                0.9999558329582214,
                0.9999560117721558
            ],
            "name": "R_ankle_s"
        },
        {
            "translation": [
                -0.001929999911226332,
                0.5675380229949951,
                -0.8416450023651123
            ],
            "rotation": [
                0.0014763835351914168,
                0.7071264386177063,
                0.7070648670196533,
                -0.0014763835351914168
            ],
            "scale": [
                0.9999457001686096,
                0.9999727606773377,
                0.999972939491272
            ],
            "name": "R_toes_s"
        },
        {
            "children": [
                17
            ],
            "translation": [
                1.4694160223007205,
                0.17501400411129,
                0.11406999826431276
            ],
            "rotation": [
                0.24873995780944825,
                0.2731002271175385,
                0.928245723247528,
                -0.042968932539224628
            ],
            "scale": [
                0.9998914003372192,
                0.9998925924301148,
                0.9999836087226868
            ],
            "name": "L_upperLeg_s"
        },
        {
            "children": [
                18
            ],
            "translation": [
                -0.0,
                0.9363099932670592,
                0.0
            ],
            "rotation": [
                0.0,
                1.0000041723251346,
                -0.00006151600246084854,
                0.0
            ],
            "scale": [
                1.000016689300537,
                1.0,
                1.000016689300537
            ],
            "name": "L_lowerLeg_s"
        },
        {
            "children": [
                19
            ],
            "translation": [
                0.0,
                0.9640470147132874,
                0.0
            ],
            "rotation": [
                0.9986199736595154,
                -0.041307978332042697,
                -0.0013225937727838757,
                0.03217285871505737
            ],
            "scale": [
                0.9999997615814208,
                0.9999699592590332,
                0.9999701976776124
            ],
            "name": "L_ankle_s"
        },
        {
            "translation": [
                0.0019389999797567728,
                -0.5675389766693115,
                0.8416450023651123
            ],
            "rotation": [
                0.0014763837680220605,
                0.7071263790130615,
                0.7070648670196533,
                -0.0014763837680220605
            ],
            "scale": [
                0.9999456405639648,
                0.9999727010726928,
                0.999972939491272
            ],
            "name": "L_toes_s"
        },
        {
            "children": [
                21
            ],
            "translation": [
                0.01082799956202507,
                0.2914850115776062,
                0.03126399964094162
            ],
            "rotation": [
                -0.003044976154342294,
                0.000430602696724236,
                0.000799690606072545,
                -0.9999948740005492
            ],
            "scale": [
                0.9999995827674866,
                0.9999997615814208,
                0.9999999403953552
            ],
            "name": "spine_lower_s"
        },
        {
            "children": [
                22
            ],
            "translation": [
                0.0021699999924749138,
                0.616523027420044,
                0.015620999969542029
            ],
            "rotation": [
                0.005905464291572571,
                -0.09436440467834473,
                0.007135770749300718,
                -0.9954944849014282
            ],
            "scale": [
                0.9999995827674866,
                0.999999701976776,
                0.999999225139618
            ],
            "name": "spine_mid_s"
        },
        {
            "children": [
                23
            ],
            "translation": [
                -0.00020399999630171808,
                0.7387750148773193,
                0.003008000086992979
            ],
            "rotation": [
                0.002245277864858508,
                -0.1109720915555954,
                -0.003014209447428584,
                -0.9938162565231324
            ],
            "scale": [
                0.999999225139618,
                1.0000004768371585,
                0.999998927116394
            ],
            "name": "spine_upper_s"
        },
        {
            "children": [
                49,
                46,
                35,
                34,
                26,
                25,
                24
            ],
            "translation": [
                0.00041099998634308577,
                0.6760669946670532,
                0.00660800002515316
            ],
            "rotation": [
                -0.003475567325949669,
                -0.0994996726512909,
                -0.005659331567585468,
                -0.9950151443481444
            ],
            "scale": [
                0.9999990463256836,
                0.999999701976776,
                0.999998927116394
            ],
            "name": "chest_s"
        },
        {
            "translation": [
                -1.4316339492797852,
                -0.21103599667549137,
                3.0056629180908205
            ],
            "rotation": [
                -0.4432685673236847,
                0.00003075690983678214,
                0.00009227075497619808,
                -0.8963809609413147
            ],
            "scale": [
                1.0,
                0.9999772906303406,
                0.9999773502349854
            ],
            "name": "button_01_s"
        },
        {
            "translation": [
                -0.15140999853610993,
                -0.8963009715080261,
                3.358227014541626
            ],
            "rotation": [
                -0.575657069683075,
                0.00006151496927486733,
                0.00009227245027432218,
                -0.8176844120025635
            ],
            "scale": [
                1.0,
                0.9999850988388062,
                0.9999850988388062
            ],
            "name": "button_02_s"
        },
        {
            "children": [
                27
            ],
            "translation": [
                2.7455570697784426,
                -1.4003870487213138,
                1.95307195186615
            ],
            "rotation": [
                0.0004921249928884208,
                -0.06689799576997757,
                0.07972397655248642,
                -0.9945693016052246
            ],
            "scale": [
                0.999999225139618,
                0.9999999403953552,
                0.999999225139618
            ],
            "name": "gun_cable_01_s"
        },
        {
            "children": [
                28
            ],
            "translation": [
                0.9524449706077576,
                0.0,
                0.0
            ],
            "rotation": [
                -0.03091160207986832,
                0.03491011634469032,
                0.4087405204772949,
                -0.9114575386047364
            ],
            "scale": [
                0.9999964237213136,
                0.9999966025352478,
                1.000000238418579
            ],
            "name": "gun_cable_02_s"
        },
        {
            "children": [
                29
            ],
            "translation": [
                0.9524449706077576,
                0.0,
                0.0
            ],
            "rotation": [
                0.1298836320638657,
                0.6503410339355469,
                -0.1120450422167778,
                -0.7399874329566956
            ],
            "scale": [
                0.9999459981918336,
                0.9999964237213136,
                0.9999452829360962
            ],
            "name": "gun_cable_03_s"
        },
        {
            "children": [
                30
            ],
            "translation": [
                0.9524449706077576,
                -0.0,
                0.0
            ],
            "rotation": [
                -0.0007381789619103074,
                0.3487597405910492,
                -0.05877765640616417,
                -0.9353649020195008
            ],
            "scale": [
                0.9999936819076538,
                0.9999996423721314,
                0.9999932646751404
            ],
            "name": "gun_cable_04_s"
        },
        {
            "children": [
                31
            ],
            "translation": [
                0.9524449706077576,
                0.0,
                0.0
            ],
            "rotation": [
                0.14083580672740937,
                0.3002181053161621,
                -0.20951594412326816,
                -0.9198513627052308
            ],
            "scale": [
                0.9999836683273317,
                0.999992311000824,
                0.9999869465827942
            ],
            "name": "gun_cable_05_s"
        },
        {
            "children": [
                32
            ],
            "translation": [
                0.9524449706077576,
                0.0,
                0.0
            ],
            "rotation": [
                0.10838821530342102,
                0.21536168456077577,
                -0.1221366822719574,
                -0.9627823233604432
            ],
            "scale": [
                0.9999939203262328,
                0.9999967217445374,
                0.9999939799308776
            ],
            "name": "gun_cable_06_s"
        },
        {
            "children": [
                33
            ],
            "translation": [
                0.9524449706077576,
                -0.0,
                0.0
            ],
            "rotation": [
                0.0033833496272563936,
                0.2311137616634369,
                0.05640973895788193,
                -0.9712836742401124
            ],
            "scale": [
                0.999997854232788,
                1.0000003576278689,
                0.9999982118606569
            ],
            "name": "gun_cable_07_s"
        },
        {
            "translation": [
                0.9524449706077576,
                -0.0,
                -0.0
            ],
            "rotation": [
                -0.0,
                -0.0,
                -0.0,
                -1.0
            ],
            "name": "gun_cable_08_s"
        },
        {
            "matrix": [
                1.0,
                0.0,
                0.0,
                0.0,
                0.0,
                -0.970963716506958,
                -0.23908044397830964,
                0.0,
                0.0,
                0.23908044397830964,
                -0.970963716506958,
                0.0,
                0.0,
                1.6724159717559817,
                -2.084215879440308,
                1.0
            ],
            "name": "hair_01_s"
        },
        {
            "children": [
                36
            ],
            "translation": [
                -2.600759983062744,
                0.4709039926528931,
                -0.2765490114688874
            ],
            "rotation": [
                1.0000041723251346,
                0.0,
                0.0,
                -0.0
            ],
            "scale": [
                1.0,
                1.000016689300537,
                1.000016689300537
            ],
            "name": "R_clavicle_s"
        },
        {
            "children": [
                37
            ],
            "translation": [
                -0.8385300040245056,
                -0.1997499912977219,
                -0.004567999858409166
            ],
            "rotation": [
                0.5914148688316345,
                0.5316210985183716,
                0.5773274898529053,
                0.18510158360004426
            ],
            "scale": [
                0.99995356798172,
                0.9999485611915588,
                0.999952495098114
            ],
            "name": "R_shoulder_s"
        },
        {
            "children": [
                45,
                38
            ],
            "translation": [
                -0.0,
                -1.7420729398727418,
                -0.0
            ],
            "rotation": [
                0.030081091448664666,
                -0.08212320506572724,
                0.5941782593727112,
                -0.7995607256889343
            ],
            "scale": [
                0.9999922513961792,
                0.999993085861206,
                1.0000001192092896
            ],
            "name": "R_elbow_s"
        },
        {
            "children": [
                43,
                41,
                39
            ],
            "translation": [
                -0.0,
                -1.1593719720840457,
                0.0
            ],
            "rotation": [
                -0.2801512479782105,
                -0.16724814474582673,
                0.7160173654556274,
                -0.6170569062232971
            ],
            "scale": [
                0.9999315142631532,
                0.9999247789382936,
                0.999986171722412
            ],
            "name": "R_wrist_s"
        },
        {
            "children": [
                40
            ],
            "matrix": [
                -0.8273634314537048,
                -0.12593966722488404,
                -0.5472820997238159,
                0.0,
                0.5588637590408325,
                -0.08879648149013519,
                -0.8244583010673523,
                0.0,
                0.05522293597459793,
                -0.9880281090736388,
                0.1439017504453659,
                0.0,
                0.47687798738479617,
                -0.8827840089797974,
                0.3910669982433319,
                1.0
            ],
            "name": "R_thumb_01_s"
        },
        {
            "matrix": [
                0.9957408905029296,
                -0.0791330561041832,
                -0.04729372635483742,
                0.0,
                0.057944249361753467,
                0.13824713230133058,
                0.9886757135391237,
                0.0,
                -0.0717022567987442,
                -0.9872058629989624,
                0.1422439366579056,
                0.0,
                0.0,
                -1.1651209592819214,
                -0.0,
                1.0
            ],
            "name": "R_thumb_02_s"
        },
        {
            "children": [
                42
            ],
            "matrix": [
                -0.17261451482772828,
                -0.9849230051040648,
                -0.00750344805419445,
                0.0,
                0.763559103012085,
                -0.1289919912815094,
                -0.6326672434806824,
                0.0,
                0.622180163860321,
                -0.11496046185493468,
                0.7743785381317139,
                0.0,
                1.267037034034729,
                -0.5219029784202576,
                1.0406099557876588,
                1.0
            ],
            "name": "R_index_01_s"
        },
        {
            "matrix": [
                0.9998539686203004,
                -0.01609649881720543,
                -0.005820040125399828,
                0.0,
                0.005836841650307179,
                0.0010417704470455649,
                0.9999381303787231,
                0.0,
                -0.016090406104922296,
                -0.9998250603675842,
                0.0011355876922607422,
                0.0,
                0.0,
                -0.966750979423523,
                -0.0,
                1.0
            ],
            "name": "R_index_02_s"
        },
        {
            "children": [
                44
            ],
            "matrix": [
                0.16098149120807649,
                -0.9739267230033876,
                0.1595938801765442,
                0.0,
                0.8440179824829102,
                0.05206018686294556,
                -0.5336965322494507,
                0.0,
                0.5115053057670593,
                0.22060032188892365,
                0.830470621585846,
                0.0,
                1.2049720287323,
                0.6590750217437744,
                0.8854280114173889,
                1.0
            ],
            "name": "R_middle_01_s"
        },
        {
            "matrix": [
                0.998441219329834,
                0.04573048651218414,
                0.03198029473423958,
                0.0,
                -0.034688569605350497,
                0.05974001809954643,
                0.9975804686546326,
                0.0,
                0.0437118224799633,
                -0.9971351027488709,
                0.06123333796858788,
                0.0,
                0.0,
                -0.9381189942359924,
                -0.0,
                1.0
            ],
            "name": "R_middle_02_s"
        },
        {
            "translation": [
                -0.002870999975129962,
                -0.3888339996337891,
                -0.002500999951735139
            ],
            "rotation": [
                -0.0005536295939236879,
                -0.00033832923509180546,
                0.0009842304280027748,
                -0.9999992847442628
            ],
            "scale": [
                1.0000001192092896,
                0.999999701976776,
                0.9999998807907105
            ],
            "name": "R_forearm_twist_s"
        },
        {
            "children": [
                47
            ],
            "translation": [
                -1.0660879611968997,
                -1.24993097782135,
                -3.670651912689209
            ],
            "rotation": [
                0.4885815680027008,
                -0.11755487322807312,
                -0.07058825343847275,
                -0.8616706132888794
            ],
            "scale": [
                0.9999987483024596,
                0.9999858736991882,
                0.9999855756759644
            ],
            "name": "back_item_01_s"
        },
        {
            "children": [
                48
            ],
            "translation": [
                -0.013422999531030657,
                1.167289972305298,
                -0.02814299985766411
            ],
            "rotation": [
                0.07443346083164215,
                0.012887445278465748,
                0.018485337495803834,
                -0.996971309185028
            ],
            "scale": [
                1.000000238418579,
                0.9999998807907105,
                0.9999994039535524
            ],
            "name": "back_item_02_s"
        },
        {
            "translation": [
                0.0,
                1.1269599199295045,
                0.0
            ],
            "rotation": [
                0.3808016777038574,
                -0.013379271142184736,
                0.16808664798736573,
                -0.9091456532478333
            ],
            "scale": [
                0.999996304512024,
                0.9999804496765136,
                0.9999830722808838
            ],
            "name": "back_item_03_s"
        },
        {
            "children": [
                50
            ],
            "translation": [
                2.600764036178589,
                0.2821739912033081,
                -0.7519369721412659
            ],
            "rotation": [
                -0.0,
                -0.0,
                -0.0,
                -1.0
            ],
            "name": "L_clavicle_s"
        },
        {
            "children": [
                51
            ],
            "translation": [
                0.8385300040245056,
                0.19974499940872193,
                0.004567999858409166
            ],
            "rotation": [
                0.7251814007759094,
                0.5031085014343262,
                0.44725191593170168,
                0.14456266164779664
            ],
            "scale": [
                0.999944508075714,
                0.9999117255210877,
                0.9999047517776488
            ],
            "name": "L_shoulder_s"
        },
        {
            "children": [
                61,
                52
            ],
            "translation": [
                0.0,
                1.742069959640503,
                0.0
            ],
            "rotation": [
                -0.06960511207580567,
                0.00033834518399089575,
                0.6240161061286926,
                -0.778303325176239
            ],
            "scale": [
                0.999996304512024,
                0.999997079372406,
                0.9999998211860656
            ],
            "name": "L_elbow_s"
        },
        {
            "children": [
                59,
                57,
                55,
                53
            ],
            "translation": [
                0.0,
                1.159369945526123,
                0.0
            ],
            "rotation": [
                -0.4638063907623291,
                -0.11103057116270066,
                0.5780662894248962,
                -0.6620697379112244
            ],
            "scale": [
                0.9999682307243348,
                0.9999491572380066,
                0.9999791979789734
            ],
            "name": "L_wrist_s"
        },
        {
            "children": [
                54
            ],
            "matrix": [
                -0.764423668384552,
                -0.0081712631508708,
                0.6446630954742432,
                0.0,
                -0.6446807384490967,
                -0.0005774498567916453,
                -0.7644518613815308,
                0.0,
                0.006618734914809465,
                -0.999966025352478,
                -0.004826543387025595,
                0.0,
                -1.125548005104065,
                1.0469119548797608,
                -2.2377309799194338,
                1.0
            ],
            "name": "L_gunbone_01_s"
        },
        {
            "matrix": [
                0.9999882578849793,
                -0.0007339186850003898,
                -0.004720878787338734,
                0.0,
                0.001231755712069571,
                0.9943301677703856,
                0.10632841289043428,
                0.0,
                0.0046160719357430939,
                -0.10633297264575958,
                0.9943193197250366,
                0.0,
                0.0,
                2.7410531044006349,
                -0.0,
                1.0
            ],
            "name": "L_gunbone_02_s"
        },
        {
            "children": [
                56
            ],
            "matrix": [
                -0.8273705840110779,
                -0.12593352794647218,
                -0.5472537279129028,
                0.0,
                0.31484079360961916,
                0.7029331922531128,
                -0.6377638578414917,
                0.0,
                0.4649955928325653,
                -0.7000055313110352,
                -0.5419186353683472,
                0.0,
                -0.47687798738479617,
                0.8827829957008362,
                -0.3910669982433319,
                1.0
            ],
            "name": "L_thumb_01_s"
        },
        {
            "matrix": [
                0.9957401156425476,
                -0.07913834601640701,
                -0.04731469601392746,
                0.0,
                0.08602961152791977,
                0.6127937436103821,
                0.7855390310287476,
                0.0,
                -0.033173222094774249,
                -0.7862633466720581,
                0.6169918179512024,
                0.0,
                0.0,
                1.1651229858398438,
                0.0,
                1.0
            ],
            "name": "L_thumb_02_s"
        },
        {
            "children": [
                58
            ],
            "matrix": [
                0.006885290145874024,
                -0.9992135763168336,
                -0.03770047053694725,
                0.0,
                -0.3666241466999054,
                0.03262411803007126,
                -0.929742693901062,
                0.0,
                0.9302884340286256,
                0.020176086574792867,
                -0.3660803437232971,
                0.0,
                -1.2670340538024905,
                0.5219029784202576,
                -1.040613055229187,
                1.0
            ],
            "name": "L_index_01_s"
        },
        {
            "matrix": [
                0.9998539686203004,
                -0.016085349023342134,
                -0.005836440715938807,
                0.0,
                0.01562442071735859,
                0.7191545963287354,
                0.6946542859077454,
                0.0,
                -0.006977076642215252,
                -0.6946439743041992,
                0.7193008661270142,
                0.0,
                -0.0,
                0.966751992702484,
                -0.0,
                1.0
            ],
            "name": "L_index_02_s"
        },
        {
            "children": [
                60
            ],
            "matrix": [
                0.0732843428850174,
                -0.9352158904075624,
                0.3462343215942383,
                0.0,
                0.4015144407749176,
                -0.2900732755661011,
                -0.8686046600341797,
                0.0,
                0.9128490090370178,
                0.2026297152042389,
                0.354347825050354,
                0.0,
                -1.2049750089645386,
                -0.6590780019760132,
                -0.8854259848594666,
                1.0
            ],
            "name": "L_middle_01_s"
        },
        {
            "matrix": [
                0.9984413385391237,
                0.0457649901509285,
                0.0319487489759922,
                0.0,
                -0.049293674528598788,
                0.45458272099494936,
                0.889323353767395,
                0.0,
                0.02617807500064373,
                -0.8895116448402405,
                0.4561299681663513,
                0.0,
                -0.0,
                0.9381210207939148,
                0.0,
                1.0
            ],
            "name": "L_middle_02_s"
        },
        {
            "translation": [
                0.0002460000105202198,
                0.38672998547554018,
                0.00010900000052060932
            ],
            "rotation": [
                -0.0008919687825255096,
                -0.12136920541524889,
                0.0006459081778302789,
                -0.9926066398620606
            ],
            "scale": [
                0.9999986886978148,
                1.0000003576278689,
                0.999999463558197
            ],
            "name": "L_forearm_twist_s"
        }
    ],
    "meshes": [
        {
            "primitives": [
                {
                    "attributes": {
                        "JOINTS_0": 1,
                        "NORMAL": 2,
                        "POSITION": 3,
                        "WEIGHTS_0": 4
                    },
                    "indices": 0,
                    "mode": 4,
                    "material": 0
                }
            ],
            "name": "cartridge_GEO-mesh"
        },
        {
            "primitives": [
                {
                    "attributes": {
                        "JOINTS_0": 6,
                        "NORMAL": 7,
                        "POSITION": 8,
                        "WEIGHTS_0": 9
                    },
                    "indices": 5,
                    "mode": 4,
                    "material": 0
                }
            ],
            "name": "legs_GEO-mesh"
        },
        {
            "primitives": [
                {
                    "attributes": {
                        "JOINTS_0": 11,
                        "NORMAL": 12,
                        "POSITION": 13,
                        "WEIGHTS_0": 14
                    },
                    "indices": 10,
                    "mode": 4,
                    "material": 0
                }
            ],
            "name": "arms_GEO-mesh"
        },
        {
            "primitives": [
                {
                    "attributes": {
                        "JOINTS_0": 16,
                        "NORMAL": 17,
                        "POSITION": 18,
                        "WEIGHTS_0": 19
                    },
                    "indices": 15,
                    "mode": 4,
                    "material": 0
                }
            ],
            "name": "arm_socket_GEO-mesh"
        },
        {
            "primitives": [
                {
                    "attributes": {
                        "JOINTS_0": 21,
                        "NORMAL": 22,
                        "POSITION": 23,
                        "WEIGHTS_0": 24
                    },
                    "indices": 20,
                    "mode": 4,
                    "material": 0
                }
            ],
            "name": "body_GEO-mesh"
        },
        {
            "primitives": [
                {
                    "attributes": {
                        "JOINTS_0": 26,
                        "NORMAL": 27,
                        "POSITION": 28,
                        "WEIGHTS_0": 29
                    },
                    "indices": 25,
                    "mode": 4,
                    "material": 0
                }
            ],
            "name": "gun_cable_GEO-mesh"
        },
        {
            "primitives": [
                {
                    "attributes": {
                        "JOINTS_0": 31,
                        "NORMAL": 32,
                        "POSITION": 33,
                        "WEIGHTS_0": 34
                    },
                    "indices": 30,
                    "mode": 4,
                    "material": 0
                },
                {
                    "attributes": {
                        "JOINTS_0": 36,
                        "NORMAL": 37,
                        "POSITION": 38,
                        "WEIGHTS_0": 39
                    },
                    "indices": 35,
                    "mode": 4,
                    "material": 1
                }
            ],
            "name": "gun_GEO-mesh"
        }
    ],
    "animations": [
        {
            "channels": [
                {
                    "sampler": 0,
                    "target": {
                        "node": 11,
                        "path": "translation"
                    }
                },
                {
                    "sampler": 1,
                    "target": {
                        "node": 11,
                        "path": "rotation"
                    }
                },
                {
                    "sampler": 2,
                    "target": {
                        "node": 11,
                        "path": "scale"
                    }
                },
                {
                    "sampler": 3,
                    "target": {
                        "node": 20,
                        "path": "translation"
                    }
                },
                {
                    "sampler": 4,
                    "target": {
                        "node": 20,
                        "path": "rotation"
                    }
                },
                {
                    "sampler": 5,
                    "target": {
                        "node": 20,
                        "path": "scale"
                    }
                },
                {
                    "sampler": 6,
                    "target": {
                        "node": 21,
                        "path": "translation"
                    }
                },
                {
                    "sampler": 7,
                    "target": {
                        "node": 21,
                        "path": "rotation"
                    }
                },
                {
                    "sampler": 8,
                    "target": {
                        "node": 21,
                        "path": "scale"
                    }
                },
                {
                    "sampler": 9,
                    "target": {
                        "node": 22,
                        "path": "translation"
                    }
                },
                {
                    "sampler": 10,
                    "target": {
                        "node": 22,
                        "path": "rotation"
                    }
                },
                {
                    "sampler": 11,
                    "target": {
                        "node": 22,
                        "path": "scale"
                    }
                },
                {
                    "sampler": 12,
                    "target": {
                        "node": 23,
                        "path": "translation"
                    }
                },
                {
                    "sampler": 13,
                    "target": {
                        "node": 23,
                        "path": "rotation"
                    }
                },
                {
                    "sampler": 14,
                    "target": {
                        "node": 23,
                        "path": "scale"
                    }
                },
                {
                    "sampler": 15,
                    "target": {
                        "node": 49,
                        "path": "translation"
                    }
                },
                {
                    "sampler": 16,
                    "target": {
                        "node": 49,
                        "path": "rotation"
                    }
                },
                {
                    "sampler": 17,
                    "target": {
                        "node": 49,
                        "path": "scale"
                    }
                },
                {
                    "sampler": 18,
                    "target": {
                        "node": 50,
                        "path": "translation"
                    }
                },
                {
                    "sampler": 19,
                    "target": {
                        "node": 50,
                        "path": "rotation"
                    }
                },
                {
                    "sampler": 20,
                    "target": {
                        "node": 50,
                        "path": "scale"
                    }
                },
                {
                    "sampler": 21,
                    "target": {
                        "node": 51,
                        "path": "translation"
                    }
                },
                {
                    "sampler": 22,
                    "target": {
                        "node": 51,
                        "path": "rotation"
                    }
                },
                {
                    "sampler": 23,
                    "target": {
                        "node": 51,
                        "path": "scale"
                    }
                },
                {
                    "sampler": 24,
                    "target": {
                        "node": 61,
