{
    "asset": {
        "generator": "COLLADA2GLTF",
        "version": "2.0"
    },
    "scenes": [
        {
            "nodes": [
                0
            ]
        }
    ],
    "scene": 0,
    "nodes": [
        {
            "children": [
                11,
                1
            ],
            "name": "Y_UP"
        },
        {
            "children": [
                10,
                9,
                8,
                7,
                6,
                5,
                4,
                3,
                2
            ],
            "name": "carl_GEO"
        },
        {
            "mesh": 0,
            "skin": 0,
            "name": "cart_controls_GEO"
        },
        {
            "mesh": 1,
            "skin": 1,
            "name": "cart_wheels_GEO"
        },
        {
            "mesh": 2,
            "skin": 2,
            "name": "cart_GEO"
        },
        {
            "mesh": 3,
            "skin": 3,
            "name": "legs_GEO"
        },
        {
            "mesh": 4,
            "skin": 4,
            "name": "tie_GEO"
        },
        {
            "mesh": 5,
            "skin": 5,
            "name": "arms_GEO"
        },
        {
            "mesh": 6,
            "skin": 6,
            "name": "head_GEO"
        },
        {
            "mesh": 7,
            "skin": 7,
            "name": "body_GEO"
        },
        {
            "mesh": 8,
            "skin": 8,
            "name": "pickaxe_GEO"
        },
        {
            "children": [
                12
            ],
            "name": "CHARACTER"
        },
        {
            "children": [
                25,
                13
            ],
            "name": "Root"
        },
        {
            "children": [
                14
            ],
            "matrix": [
                1.0,
                0.0,
                0.0,
                0.0,
                0.0,
                1.0,
                0.0,
                0.0,
                0.0,
                0.0,
                1.0,
                0.0,
                0.0,
                0.34312400221824648,
                0.09141699969768524,
                1.0
            ],
            "name": "cart_frame_s"
        },
        {
            "children": [
                24,
                23,
                22,
                21,
                20,
                19,
                18,
                17,
                16,
                15
            ],
            "translation": [
                0.002175000030547381,
                -0.014579999260604382,
                0.00013499999477062374
            ],
            "rotation": [
                0.026297548785805707,
                -0.0003998457395937294,
                -0.013471725396811962,
                -0.9995630979537964
            ],
            "scale": [
                0.9999995231628418,
                0.999999463558197,
                0.9999996423721314
            ],
            "name": "cart_body_s"
        },
        {
            "translation": [
                -2.014816999435425,
                0.24781399965286256,
                1.3330039978027344
            ],
            "rotation": [
                -0.02617485821247101,
                0.002675926312804222,
                -0.07366485893726349,
                -0.996935784816742
            ],
            "scale": [
                0.9999998807907105,
                0.9999995827674866,
                0.9999995827674866
            ],
            "name": "R_front_wheel_s"
        },
        {
            "translation": [
                2.024221897125244,
                0.15619799494743348,
                1.3342909812927249
            ],
            "rotation": [
                -0.02623591758310795,
                -0.0018761925166472793,
                0.10054543614387512,
                -0.9945844411849976
            ],
            "scale": [
                0.999999463558197,
                0.9999985694885254,
                0.9999995231628418
            ],
            "name": "L_front_wheel_s"
        },
        {
            "translation": [
                0.0,
                0.3987669944763184,
                1.3093680143356324
            ],
            "rotation": [
                -0.025928456336259847,
                0.005628598388284445,
                0.02448287047445774,
                -0.9993480443954468
            ],
            "scale": [
                1.000000238418579,
                0.9999997615814208,
                0.9999996423721314
            ],
            "name": "L_front_wheel_axis_s"
        },
        {
            "translation": [
                0.0,
                0.3987669944763184,
                1.3093680143356324
            ],
            "rotation": [
                -0.026082506403326989,
                -0.004798197653144598,
                -0.00224531046114862,
                -0.9996457695961
            ],
            "scale": [
                1.0000003576278689,
                1.0,
                0.9999999403953552
            ],
            "name": "R_front_wheel_axis_s"
        },
        {
            "translation": [
                -0.0,
                0.3987669944763184,
                -1.3093680143356324
            ],
            "rotation": [
                -0.026297667995095258,
                -0.0049519590102136139,
                0.03896975889801979,
                -0.9988819360733032
            ],
            "scale": [
                0.9999997615814208,
                0.9999995231628418,
                1.0000001192092896
            ],
            "name": "R_back_wheel_axis_s"
        },
        {
            "translation": [
                0.0,
                0.3987669944763184,
                -1.3093680143356324
            ],
            "rotation": [
                -0.026052040979266168,
                0.005659474525600672,
                -0.009012099355459214,
                -0.999604105949402
            ],
            "scale": [
                1.000000238418579,
                1.0000003576278689,
                1.0000003576278689
            ],
            "name": "L_back_wheel_axis_s"
        },
        {
            "translation": [
                -2.015084981918335,
                0.4155170023441315,
                -1.304419994354248
            ],
            "rotation": [
                -0.02617485821247101,
                0.002675926312804222,
                -0.07366485893726349,
                -0.996935784816742
            ],
            "scale": [
                0.9999998807907105,
                0.9999995827674866,
                0.9999995827674866
            ],
            "name": "R_back_wheel_s"
        },
        {
            "translation": [
                2.027949094772339,
                0.29394999146461489,
                -1.304705023765564
            ],
            "rotation": [
                -0.02623591758310795,
                -0.0018761925166472793,
                0.10054543614387512,
                -0.9945844411849976
            ],
            "scale": [
                0.999999463558197,
                0.9999985694885254,
                0.9999995231628418
            ],
            "name": "L_back_wheel_s"
        },
        {
            "translation": [
                -1.3262850046157838,
                2.466999053955078,
                1.0235379934310914
            ],
            "rotation": [
                -0.17682676017284394,
                -0.007720218040049076,
                -0.06523735076189041,
                -0.9820470809936525
            ],
            "scale": [
                1.0,
                0.9999991059303284,
                0.999999701976776
            ],
            "name": "R_stick_01_s"
        },
        {
            "translation": [
                1.3739370107650757,
                2.768807888031006,
                1.0235379934310914
            ],
            "rotation": [
                -0.2068163305521011,
                0.008120094425976277,
                0.024268005043268205,
                -0.978044867515564
            ],
            "scale": [
                0.9999998211860656,
                0.9999992847442628,
                0.9999996423721314
            ],
            "name": "L_stick_01_s"
        },
        {
            "children": [
                34,
                30,
                26
            ],
            "translation": [
                -0.11454899609088898,
                3.6228060722351076,
                -0.7671779990196228
            ],
            "rotation": [
                0.0485968329012394,
                0.0017531770281493664,
                -0.01728571206331253,
                -0.9986673593521118
            ],
            "scale": [
                1.0000003576278689,
                0.999999701976776,
                0.9999997615814208
            ],
            "name": "hips_s"
        },
        {
            "children": [
                27
            ],
            "matrix": [
                -0.9953312873840332,
                -0.052514515817165378,
                0.07975787669420243,
                0.0,
                -0.05851167067885399,
                -0.3245868682861328,
                -0.9439752101898192,
                0.0,
                0.07546842843294144,
                -0.9443283081054688,
                0.3201284110546112,
                0.0,
                -0.7790330052375794,
                -0.16802600026130677,
                0.09893900156021118,
                1.0
            ],
            "name": "R_upperLeg_s"
        },
        {
            "children": [
                28
            ],
            "matrix": [
                1.0,
                0.0,
                -0.0,
                0.0,
                -0.0,
                -0.12205846607685088,
                -0.9924445152282716,
                0.0,
                0.0,
                0.9924445152282716,
                -0.12205846607685088,
                0.0,
                0.0,
                -0.9505599737167358,
                0.0,
                1.0
            ],
            "name": "R_lowerLeg_s"
        },
        {
            "children": [
                29
            ],
            "matrix": [
                -0.9954347014427184,
                -0.06772702187299729,
                -0.06730587035417557,
                0.0,
                0.07357415556907654,
                -0.9933536052703856,
                -0.08857163786888123,
                0.0,
                -0.06085954979062081,
                -0.09311886876821518,
                0.9937931895256044,
                0.0,
                0.0,
                -1.0649490356445313,
                0.0,
                1.0
            ],
            "name": "R_ankle_s"
        },
        {
            "matrix": [
                -0.9999308586120606,
                0.00003646104960353114,
                0.006310801021754742,
                0.0,
                0.006298322696238756,
                -0.057325735688209537,
                0.9983097314834596,
                0.0,
                0.00039833621121943,
                0.9983294010162354,
                0.05737370252609253,
                0.0,
                -0.0019389999797567728,
                0.2336599975824356,
                -0.3679119944572449,
                1.0
            ],
            "name": "R_toes_s"
        },
        {
            "children": [
                31
            ],
            "matrix": [
                -0.9941887855529784,
                0.05650848150253296,
                -0.0910734161734581,
                0.0,
                -0.06941427290439606,
                0.3079719543457031,
                0.948841631412506,
                0.0,
                0.08166538923978806,
                0.9496973156929016,
                -0.3022245168685913,
                0.0,
                0.7790330052375794,
                -0.16802500188350678,
                0.09893900156021118,
                1.0
            ],
            "name": "L_upperLeg_s"
        },
        {
            "children": [
                32
            ],
            "matrix": [
                1.0,
                0.0,
                -0.0,
                0.0,
                -0.0,
                -0.04269514977931976,
                -0.999032735824585,
                0.0,
                0.0,
                0.999032735824585,
                -0.04269514977931976,
                0.0,
                -0.0,
                0.950560986995697,
                -0.0,
                1.0
            ],
            "name": "L_lowerLeg_s"
        },
        {
            "children": [
                33
            ],
            "matrix": [
                -0.9941827654838562,
                -0.07860153913497925,
                -0.07285480201244354,
                0.0,
                0.08072128891944885,
                -0.9963234066963196,
                -0.02661758288741112,
                0.0,
                -0.07049889117479325,
                -0.03234536945819855,
                0.996986985206604,
                0.0,
                -0.0,
                1.0649490356445313,
                -0.0,
                1.0
            ],
            "name": "L_ankle_s"
        },
        {
            "matrix": [
                -0.9999308586120606,
                0.00003646104960353114,
                0.006310801021754742,
                0.0,
                0.006298322696238756,
                -0.057325735688209537,
                0.9983097314834596,
                0.0,
                0.00039833621121943,
                0.9983294010162354,
                0.05737370252609253,
                0.0,
                0.0019389999797567728,
                -0.2336599975824356,
                0.3679119944572449,
                1.0
            ],
            "name": "L_toes_s"
        },
        {
            "children": [
                35
            ],
            "translation": [
                0.01297600008547306,
                0.1907259970903397,
                0.048308998346328738
            ],
            "rotation": [
                -0.05548706278204918,
                -0.007258840836584568,
                0.05687118321657181,
                -0.9968119859695436
            ],
            "scale": [
                1.0000001192092896,
                1.0,
                0.9999996423721314
            ],
            "name": "spine_lower_s"
        },
        {
            "children": [
                36
            ],
            "translation": [
                -0.000039999998989515009,
                0.19533799588680268,
                0.014174999669194222
            ],
            "rotation": [
                0.05877837166190148,
                0.003291095839813352,
                -0.025252247229218484,
                -0.9979461431503296
            ],
            "scale": [
                0.9999998807907105,
                1.0000001192092896,
                0.9999996423721314
            ],
            "name": "spine_mid_s"
        },
        {
            "children": [
                37
            ],
            "translation": [
                0.00006099999882280827,
                0.1826869994401932,
                0.002329000039026141
            ],
            "rotation": [
                0.03844736889004707,
                0.003075789427384734,
                -0.0254675317555666,
                -0.9989314079284668
            ],
            "scale": [
                1.000000238418579,
                1.000000238418579,
                1.0000003576278689
            ],
            "name": "spine_upper_s"
        },
        {
            "children": [
                61,
                49,
                38
            ],
            "translation": [
                -0.000029000000722589904,
                0.22191700339317325,
                0.006155999843031168
            ],
            "rotation": [
                0.004829019773751497,
                0.0016916946042329074,
                -0.009719554334878922,
                -0.9999395608901978
            ],
            "scale": [
                0.9999996423721314,
                0.999999701976776,
                0.9999995827674866
            ],
            "name": "chest_s"
        },
        {
            "children": [
                39
            ],
            "matrix": [
                0.9977545142173768,
                0.04339518025517464,
                0.051023174077272418,
                0.0,
                0.045486222952604297,
                -0.998076319694519,
                -0.04055976867675781,
                0.0,
                0.049168139696121219,
                0.04278957471251488,
                -0.9978079199790956,
                0.0,
                -0.0993340015411377,
                0.5679050087928772,
                0.1553339958190918,
                1.0
            ],
            "name": "R_clavicle_s"
        },
        {
            "children": [
                40
            ],
            "translation": [
                -0.933485984802246,
                -0.04312999919056893,
                0.24197599291801456
            ],
            "rotation": [
                0.3461197316646576,
                0.5712683796882629,
                0.7381612658500671,
                -0.09458091855049132
            ],
            "scale": [
                0.9999548196792604,
                0.9999659657478333,
                0.9999765157699584
            ],
            "name": "R_shoulder_s"
        },
        {
            "children": [
                48,
                41
            ],
            "translation": [
                0.0,
                -1.1856689453125,
                -0.0
            ],
            "rotation": [
                -0.11614198237657549,
                0.021991930902004247,
                0.2458174079656601,
                -0.9620815515518189
            ],
            "scale": [
                0.9999991655349731,
                0.999999463558197,
                1.0
            ],
            "name": "R_elbow_s"
        },
        {
            "children": [
                46,
                44,
                42
            ],
            "translation": [
                -0.0,
                -1.1375809907913209,
                0.0
            ],
            "rotation": [
                0.18352919816970826,
                0.5340403914451599,
                -0.07089576125144959,
                -0.8222399353981018
            ],
            "scale": [
                0.999984085559845,
                0.9999975562095642,
                0.9999825954437256
            ],
            "name": "R_wrist_s"
        },
        {
            "children": [
                43
            ],
            "matrix": [
                0.5524630546569824,
                0.7621462941169739,
                0.3374506831169129,
                0.0,
                0.13079890608787538,
                0.3206022381782532,
                -0.93810373544693,
                0.0,
                -0.8231836557388306,
                0.5623877048492432,
                0.0774429589509964,
                0.0,
                -0.31865501403808596,
                -0.17142100632190705,
                0.15757599472999574,
                1.0
            ],
            "name": "R_thumb_01_s"
        },
        {
            "matrix": [
                0.9998930096626282,
                -0.004000749904662371,
                0.01407854724675417,
                0.0,
                -0.01009061560034752,
                0.508320689201355,
                0.8611038327217102,
                0.0,
                -0.010601453483104706,
                -0.8611539006233215,
                0.5082260966300964,
                0.0,
                -0.0,
                -0.5345159769058228,
                -0.0,
                1.0
            ],
            "name": "R_thumb_02_s"
        },
        {
            "children": [
                45
            ],
            "matrix": [
                -0.9902459383010864,
                0.12845011055469514,
                -0.05334680154919624,
                0.0,
                0.1306361109018326,
                0.7273181080818176,
                -0.6737455725669861,
                0.0,
                -0.04774434119462967,
                -0.6741661429405212,
                -0.7369954586029053,
                0.0,
                -0.3419579863548279,
                -0.9235119819641112,
                -0.08368699997663498,
                1.0
            ],
            "name": "R_index_01_s"
        },
        {
            "matrix": [
                0.9935210943222046,
                0.02126106061041355,
                0.11164070665836334,
                0.0,
                -0.11348865181207656,
                0.23751039803028108,
                0.9646872282028198,
                0.0,
                -0.005999506916850805,
                -0.9711068868637084,
                0.23838479816913608,
                0.0,
                -0.0,
                -0.4393660128116608,
                -0.0,
                1.0
            ],
            "name": "R_index_02_s"
        },
        {
            "children": [
                47
            ],
            "matrix": [
                -0.9732447862625122,
                -0.22732390463352204,
                -0.02983628585934639,
                0.0,
                -0.08582989871501923,
                0.4819852113723755,
                -0.8719308972358704,
                0.0,
                0.21260203421115876,
                -0.8461408019065857,
                -0.4885431528091431,
                0.0,
                0.2559410035610199,
                -0.8980839848518372,
                -0.039367999881505969,
                1.0
            ],
            "name": "R_middle_01_s"
        },
        {
            "matrix": [
                0.9996311068534852,
                -0.021077429875731469,
                0.01712077483534813,
                0.0,
                -0.0015904463361948729,
                0.5839788317680359,
                0.8117469549179077,
                0.0,
                -0.02710811235010624,
                -0.8114750385284424,
                0.5837301015853882,
                0.0,
                -0.0,
                -0.4067809879779816,
                0.0,
                1.0
            ],
            "name": "R_middle_02_s"
        },
        {
            "translation": [
                -0.0,
                -0.3791939914226532,
                0.0
            ],
            "rotation": [
                -0.0,
                0.18227067589759828,
                -0.0,
                -0.983248233795166
            ],
            "scale": [
                0.9999995231628418,
                1.0,
                0.9999995231628418
            ],
            "name": "R_forearm_twist_s"
        },
        {
            "children": [
                50
            ],
            "matrix": [
                0.9993590116500856,
                -0.03573638200759888,
                0.0018681749934330585,
                0.0,
                0.03573229908943176,
                0.999359130859375,
                0.002186750760301948,
                0.0,
                -0.001945128431543708,
                -0.00211859354749322,
                0.9999961256980896,
                0.0,
                0.0993340015411377,
                0.5679060220718384,
                0.1553349941968918,
                1.0
            ],
            "name": "L_clavicle_s"
        },
        {
            "children": [
                51
            ],
            "translation": [
                0.9334869980812072,
                0.04312799870967865,
                -0.24197599291801456
            ],
            "rotation": [
                0.3687576949596405,
                0.4896981716156006,
                0.7807611227035523,
                -0.1208481714129448
            ],
            "scale": [
                0.999963879585266,
                0.9999681115150452,
                0.9999840259552002
            ],
            "name": "L_shoulder_s"
        },
        {
            "children": [
                60,
                52
            ],
            "translation": [
                -0.0,
                1.1856689453125,
                0.0
            ],
            "rotation": [
                -0.17300760746002198,
                0.05880723148584366,
                0.3760954737663269,
                -0.9083776473999025
            ],
            "scale": [
                0.9999830722808838,
                0.999979853630066,
                0.9999964237213136
            ],
            "name": "L_elbow_s"
        },
        {
            "children": [
                58,
                56,
                54,
                53
            ],
            "translation": [
                0.0,
                1.1375809907913209,
                0.0
            ],
            "rotation": [
                0.10841893404722214,
                0.49260619282722475,
                -0.1725168079137802,
                -0.846053421497345
            ],
            "scale": [
                0.9999781250953674,
                0.9999969601631165,
                0.9999791979789734
            ],
            "name": "L_wrist_s"
        },
        {
            "translation": [
                -1.5277270078659058,
                -0.7041800022125244,
                1.1505999565124512
            ],
            "rotation": [
                -0.4907747507095337,
                0.5803112387657166,
                0.5024012327194214,
                0.41218799352645876
            ],
            "scale": [
                0.99991375207901,
                0.9999279975891112,
                0.9999155402183532
            ],
            "name": "L_gunbone_01_s"
        },
        {
            "children": [
                55
            ],
            "matrix": [
                0.5524634122848511,
                0.7621468305587769,
                0.33745092153549197,
                0.0,
                0.13079893589019776,
                0.32060229778289797,
                -0.938103973865509,
                0.0,
                -0.8231845498085022,
                0.5623883008956909,
                0.07744304090738297,
                0.0,
                0.31751400232315066,
                0.1843239963054657,
                -0.15799200534820558,
                1.0
            ],
            "name": "L_thumb_01_s"
        },
        {
            "matrix": [
                0.9998916983604432,
                -0.004031249321997166,
                0.014131961390376093,
                0.0,
                -0.01012111734598875,
                0.5083207488059998,
                0.8611038327217102,
                0.0,
                -0.01065487414598465,
                -0.8611539006233215,
                0.50822514295578,
                0.0,
                -0.0,
                0.5345169901847839,
                -0.0,
                1.0
            ],
            "name": "L_thumb_02_s"
        },
        {
            "children": [
                57
            ],
            "translation": [
                0.34195899963378909,
                0.9235129952430724,
                0.0836779996752739
            ],
            "rotation": [
                0.06551452726125717,
                0.9965284466743468,
                -0.04555259644985199,
                0.023775937035679818
            ],
            "scale": [
                1.0000029802322388,
                0.999999701976776,
                1.0000029802322388
            ],
            "name": "L_index_01_s"
        },
        {
            "matrix": [
                0.9981375336647034,
                0.010176504962146284,
                0.060149259865283969,
                0.0,
                -0.06040278822183609,
                0.30298882722854617,
                0.9510457515716552,
                0.0,
                -0.008543943054974079,
                -0.952907383441925,
                0.30303916335105898,
                0.0,
                0.0,
                0.4393649995326996,
                0.0,
                1.0
            ],
            "name": "L_index_02_s"
        },
        {
            "children": [
                59
            ],
            "matrix": [
                -0.9727923274040222,
                -0.22975759208202366,
                -0.02543504722416401,
                0.0,
                -0.0827813595533371,
                0.44906240701675417,
                -0.8896198868751526,
                0.0,
                0.2158305048942566,
                -0.8634163737297058,
                -0.4557998776435852,
                0.0,
                -0.2559419870376587,
                0.8980879783630371,
                0.039367999881505969,
                1.0
            ],
            "name": "L_middle_01_s"
        },
        {
            "matrix": [
                0.9996310472488404,
                -0.02107742801308632,
                0.01712077483534813,
                0.0,
                -0.0015904463361948729,
                0.5839788317680359,
                0.8117469549179077,
                0.0,
                -0.02710810676217079,
                -0.8114748597145081,
                0.5837299823760986,
                0.0,
                0.0,
                0.4067769944667816,
                -0.0,
                1.0
            ],
            "name": "L_middle_02_s"
        },
        {
            "translation": [
                0.0,
                0.3791939914226532,
                0.0
            ],
            "rotation": [
                -0.0,
                0.12416908890008928,
                -0.0,
                -0.9922610521316528
            ],
            "scale": [
                0.9999998211860656,
                1.0,
                0.9999998211860656
            ],
            "name": "L_forearm_twist_s"
        },
        {
            "children": [
                62
            ],
            "matrix": [
                1.0,
                0.0,
                0.0,
                0.0,
                0.0,
                1.0,
                0.0,
                0.0,
                0.0,
                0.0,
                1.0,
                0.0,
                -0.0,
                0.8516240119934082,
                -0.045263998210430148,
                1.0
            ],
            "name": "neck_s"
        },
        {
            "children": [
                63
            ],
            "translation": [
                -0.06809400022029877,
                0.337119996547699,
                -0.08772300183773041
            ],
            "rotation": [
                -0.0007074328605085611,
                0.0007074328605085611,
                -0.02189965918660164,
                -0.9997596740722656
            ],
            "scale": [
                1.0,
                1.0,
                0.9999999403953552
            ],
            "name": "head_s"
        },
        {
            "children": [
                64
            ],
            "matrix": [
                1.0,
                0.0,
                -0.0,
                0.0,
                -0.0,
                0.9645741581916808,
                -0.2638065814971924,
                0.0,
                0.0,
                0.2638065814971924,
                0.9645741581916808,
                0.0,
                0.0,
                1.496034026145935,
                0.012310000136494637,
                1.0
            ],
            "name": "hat_01_s"
        },
        {
            "matrix": [
                1.0,
                0.0,
                0.0,
                0.0,
                0.0,
                0.9997169971466065,
                0.02380460314452648,
                0.0,
                0.0,
                -0.02380460314452648,
                0.9997169971466065,
                0.0,
                -0.0,
                1.5771899223327637,
                0.08993499726057053,
                1.0
            ],
            "name": "hat_02_s"
        }
    ],
    "meshes": [
        {
            "primitives": [
                {
                    "attributes": {
                        "JOINTS_0": 1,
                        "NORMAL": 2,
                        "POSITION": 3,
                        "WEIGHTS_0": 4
                    },
                    "indices": 0,
                    "mode": 4,
                    "material": 0
                }
            ],
            "name": "cart_controls_GEO-mesh"
        },
        {
            "primitives": [
                {
                    "attributes": {
                        "JOINTS_0": 6,
                        "NORMAL": 7,
                        "POSITION": 8,
                        "WEIGHTS_0": 9
                    },
                    "indices": 5,
                    "mode": 4,
                    "material": 0
                }
            ],
            "name": "cart_wheels_GEO-mesh"
        },
        {
            "primitives": [
                {
                    "attributes": {
                        "JOINTS_0": 11,
                        "NORMAL": 12,
                        "POSITION": 13,
                        "WEIGHTS_0": 14
                    },
                    "indices": 10,
                    "mode": 4,
                    "material": 0
                },
                {
                    "attributes": {
                        "JOINTS_0": 16,
                        "NORMAL": 17,
                        "POSITION": 18,
                        "WEIGHTS_0": 19
                    },
                    "indices": 15,
                    "mode": 4,
                    "material": 1
                }
            ],
            "name": "cart_GEO-mesh"
        },
        {
            "primitives": [
                {
                    "attributes": {
                        "JOINTS_0": 21,
                        "NORMAL": 22,
                        "POSITION": 23,
                        "WEIGHTS_0": 24
                    },
                    "indices": 20,
                    "mode": 4,
                    "material": 0
                },
                {
                    "attributes": {
                        "JOINTS_0": 26,
                        "NORMAL": 27,
                        "POSITION": 28,
                        "WEIGHTS_0": 29
                    },
                    "indices": 25,
                    "mode": 4,
                    "material": 2
                }
            ],
            "name": "legs_GEO-mesh"
        },
        {
            "primitives": [
                {
                    "attributes": {
                        "JOINTS_0": 31,
                        "NORMAL": 32,
                        "POSITION": 33,
                        "WEIGHTS_0": 34
                    },
                    "indices": 30,
                    "mode": 4,
                    "material": 0
                }
            ],
            "name": "tie_GEO-mesh"
        },
        {
            "primitives": [
                {
                    "attributes": {
                        "JOINTS_0": 36,
                        "NORMAL": 37,
                        "POSITION": 38,
                        "WEIGHTS_0": 39
                    },
                    "indices": 35,
                    "mode": 4,
                    "material": 0
                },
                {
                    "attributes": {
                        "JOINTS_0": 41,
                        "NORMAL": 42,
                        "POSITION": 43,
                        "WEIGHTS_0": 44
                    },
                    "indices": 40,
                    "mode": 4,
                    "material": 2
                }
            ],
            "name": "arms_GEO-mesh"
        },
        {
            "primitives": [
                {
                    "attributes": {
                        "JOINTS_0": 46,
                        "NORMAL": 47,
                        "POSITION": 48,
                        "WEIGHTS_0": 49
                    },
                    "indices": 45,
                    "mode": 4,
                    "material": 0
                }
            ],
            "name": "head_GEO-mesh"
        },
        {
            "primitives": [
                {
                    "attributes": {
                        "JOINTS_0": 51,
                        "NORMAL": 52,
                        "POSITION": 53,
                        "WEIGHTS_0": 54
                    },
                    "indices": 50,
                    "mode": 4,
                    "material": 0
                }
            ],
            "name": "body_GEO-mesh"
        },
        {
            "primitives": [
                {
                    "attributes": {
                        "JOINTS_0": 56,
                        "NORMAL": 57,
                        "POSITION": 58,
                        "WEIGHTS_0": 59
                    },
                    "indices": 55,
                    "mode": 4,
                    "material": 0
                },
                {
                    "attributes": {
                        "JOINTS_0": 61,
                        "NORMAL": 62,
                        "POSITION": 63,
                        "WEIGHTS_0": 64
                    },
                    "indices": 60,
                    "mode": 4,
                    "material": 2
                }
            ],
            "name": "pickaxe_GEO-mesh"
        }
    ],
    "animations": [
        {
            "channels": [
                {
                    "sampler": 0,
                    "target": {
                        "node": 25,
                        "path": "translation"
                    }
                },
                {
                    "sampler": 1,
                    "target": {
                        "node": 25,
                        "path": "rotation"
                    }
                },
                {
                    "sampler": 2,
                    "target": {
                        "node": 25,
                        "path": "scale"
                    }
                },
                {
                    "sampler": 3,
                    "target": {
                        "node": 34,
                        "path": "translation"
                    }
                },
                {
                    "sampler": 4,
                    "target": {
                        "node": 34,
                        "path": "rotation"
                    }
                },
                {
                    "sampler": 5,
                    "target": {
                        "node": 34,
                        "path": "scale"
                    }
                },
                {
                    "sampler": 6,
                    "target": {
                        "node": 35,
                        "path": "translation"
                    }
                },
                {
                    "sampler": 7,
                    "target": {
                        "node": 35,
                        "path": "rotation"
                    }
