{
    "asset": {
        "generator": "COLLADA2GLTF",
        "version": "2.0"
    },
    "scenes": [
        {
            "nodes": [
                0
            ]
        }
    ],
    "scene": 0,
    "nodes": [
        {
            "children": [
                11,
                1
            ],
            "name": "Y_UP"
        },
        {
            "children": [
                10,
                9,
                8,
                7,
                6,
                5,
                4,
                3,
                2
            ],
            "name": "carl_GEO"
        },
        {
            "mesh": 0,
            "skin": 0,
            "name": "cart_controls_GEO"
        },
        {
            "mesh": 1,
            "skin": 1,
            "name": "cart_wheels_GEO"
        },
        {
            "mesh": 2,
            "skin": 2,
            "name": "cart_GEO"
        },
        {
            "mesh": 3,
            "skin": 3,
            "name": "legs_GEO"
        },
        {
            "mesh": 4,
            "skin": 4,
            "name": "tie_GEO"
        },
        {
            "mesh": 5,
            "skin": 5,
            "name": "arms_GEO"
        },
        {
            "mesh": 6,
            "skin": 6,
            "name": "head_GEO"
        },
        {
            "mesh": 7,
            "skin": 7,
            "name": "body_GEO"
        },
        {
            "mesh": 8,
            "skin": 8,
            "name": "pickaxe_GEO"
        },
        {
            "children": [
                12
            ],
            "name": "CHARACTER"
        },
        {
            "children": [
                25,
                13
            ],
            "name": "Root"
        },
        {
            "children": [
                14
            ],
            "matrix": [
                1.0,
                0.0,
                0.0,
                0.0,
                0.0,
                1.0,
                0.0,
                0.0,
                0.0,
                0.0,
                1.0,
                0.0,
                0.0,
                0.34312400221824648,
                0.09141699969768524,
                1.0
            ],
            "name": "cart_frame_s"
        },
        {
            "children": [
                24,
                23,
                22,
                21,
                20,
                19,
                18,
                17,
                16,
                15
            ],
            "translation": [
                0.002175000030547381,
                -0.014579999260604382,
                0.00013499999477062374
            ],
            "rotation": [
                0.000799687288235873,
                -0.0,
                0.0003075720160268247,
                -0.999999701976776
            ],
            "scale": [
                1.0000001192092896,
                1.0000003576278689,
                1.000000238418579
            ],
            "name": "cart_body_s"
        },
        {
            "translation": [
                -2.022469997406006,
                0.26878800988197329,
                1.3214759826660157
            ],
            "rotation": [
                -0.0007689428166486323,
                0.00009227311238646509,
                -0.08744416385889054,
                -0.9961691498756408
            ],
            "scale": [
                0.9999999403953552,
                1.0,
                1.000000238418579
            ],
            "name": "R_front_wheel_s"
        },
        {
            "translation": [
                2.017629861831665,
                0.2712950110435486,
                1.321714997291565
            ],
            "rotation": [
                -0.0007997064385563135,
                -0.00003075791755691171,
                0.08682965487241745,
                -0.9962228536605836
            ],
            "scale": [
                0.9999996423721314,
                0.9999998807907105,
                1.000000238418579
            ],
            "name": "L_front_wheel_s"
        },
        {
            "translation": [
                0.0,
                0.3987669944763184,
                1.3093680143356324
            ],
            "rotation": [
                -0.0007689339690841734,
                0.00015378686657641083,
                -0.0033217950258404018,
                -0.9999942183494568
            ],
            "scale": [
                1.0000004768371585,
                0.9999995827674866,
                1.000000238418579
            ],
            "name": "L_front_wheel_axis_s"
        },
        {
            "translation": [
                0.0,
                0.3987669944763184,
                1.3093680143356324
            ],
            "rotation": [
                -0.000768932921346277,
                -0.00009227192640537396,
                0.0027989153750240804,
                -0.999995768070221
            ],
            "scale": [
                0.9999997615814208,
                1.0,
                1.0000001192092896
            ],
            "name": "R_front_wheel_axis_s"
        },
        {
            "translation": [
                -0.0,
                0.3987669944763184,
                -1.3093680143356324
            ],
            "rotation": [
                -0.0012918118154630066,
                -0.00012302973482292143,
                0.0038139221724122769,
                -0.9999918341636658
            ],
            "scale": [
                1.0000003576278689,
                0.9999998211860656,
                0.999999463558197
            ],
            "name": "R_back_wheel_axis_s"
        },
        {
            "translation": [
                0.0,
                0.3987669944763184,
                -1.3093680143356324
            ],
            "rotation": [
                -0.0007996947970241308,
                0.0001230299676535651,
                -0.004367562010884285,
                -0.9999900460243224
            ],
            "scale": [
                0.999999463558197,
                0.999999701976776,
                1.0000003576278689
            ],
            "name": "L_back_wheel_axis_s"
        },
        {
            "translation": [
                -2.0223169326782228,
                0.2730279862880707,
                -1.321112036705017
            ],
            "rotation": [
                -0.0007689428166486323,
                0.00009227311238646509,
                -0.08744416385889054,
                -0.9961691498756408
            ],
            "scale": [
                0.9999999403953552,
                1.0,
                1.000000238418579
            ],
            "name": "R_back_wheel_s"
        },
        {
            "translation": [
                2.0177829265594484,
                0.2755340039730072,
                -1.3208730220794678
            ],
            "rotation": [
                -0.0007997064385563135,
                -0.00003075791755691171,
                0.08682965487241745,
                -0.9962228536605836
            ],
            "scale": [
                0.9999996423721314,
                0.9999998807907105,
                1.000000238418579
            ],
            "name": "L_back_wheel_s"
        },
        {
            "translation": [
                -1.3262850046157838,
                2.466999053955078,
                1.0235379934310914
            ],
            "rotation": [
                0.005505540408194065,
                0.0002153004752472043,
                -0.05053410306572914,
                -0.9987070560455322
            ],
            "scale": [
                0.9999997615814208,
                0.9999995231628418,
                0.9999998807907105
            ],
            "name": "R_stick_01_s"
        },
        {
            "translation": [
                1.3739370107650757,
                2.768807888031006,
                1.0235379934310914
            ],
            "rotation": [
                0.0030757682397961618,
                -0.00009227305417880416,
                0.03269541263580322,
                -0.9994605779647828
            ],
            "scale": [
                0.9999998211860656,
                0.9999995827674866,
                0.9999998807907105
            ],
            "name": "L_stick_01_s"
        },
        {
            "children": [
                34,
                30,
                26
            ],
            "translation": [
                -0.006632999982684851,
                3.631857872009278,
                -0.5781869888305664
            ],
            "rotation": [
                0.0009842311264947057,
                0.00043060118332505226,
                -0.0009842311264947057,
                -0.9999989867210388
            ],
            "scale": [
                1.000000238418579,
                1.0,
                1.000000238418579
            ],
            "name": "hips_s"
        },
        {
            "children": [
                27
            ],
            "matrix": [
                -0.9953312873840332,
                -0.052514515817165378,
                0.07975787669420243,
                0.0,
                -0.05851167067885399,
                -0.3245868682861328,
                -0.9439752101898192,
                0.0,
                0.07546842843294144,
                -0.9443283081054688,
                0.3201284110546112,
                0.0,
                -0.7790330052375794,
                -0.16802600026130677,
                0.09893900156021118,
                1.0
            ],
            "name": "R_upperLeg_s"
        },
        {
            "children": [
                28
            ],
            "matrix": [
                1.0,
                0.0,
                -0.0,
                0.0,
                -0.0,
                -0.12205846607685088,
                -0.9924445152282716,
                0.0,
                0.0,
                0.9924445152282716,
                -0.12205846607685088,
                0.0,
                0.0,
                -0.9505599737167358,
                0.0,
                1.0
            ],
            "name": "R_lowerLeg_s"
        },
        {
            "children": [
                29
            ],
            "matrix": [
                -0.9954347014427184,
                -0.06772702187299729,
                -0.06730587035417557,
                0.0,
                0.07357415556907654,
                -0.9933536052703856,
                -0.08857163786888123,
                0.0,
                -0.06085954979062081,
                -0.09311886876821518,
                0.9937931895256044,
                0.0,
                0.0,
                -1.0649490356445313,
                0.0,
                1.0
            ],
            "name": "R_ankle_s"
        },
        {
            "matrix": [
                -0.9999308586120606,
                0.00003646104960353114,
                0.006310801021754742,
                0.0,
                0.006298322696238756,
                -0.057325735688209537,
                0.9983097314834596,
                0.0,
                0.00039833621121943,
                0.9983294010162354,
                0.05737370252609253,
                0.0,
                -0.0019389999797567728,
                0.2336599975824356,
                -0.3679119944572449,
                1.0
            ],
            "name": "R_toes_s"
        },
        {
            "children": [
                31
            ],
            "matrix": [
                -0.9941887855529784,
                0.05650848150253296,
                -0.0910734161734581,
                0.0,
                -0.06941427290439606,
                0.3079719543457031,
                0.948841631412506,
                0.0,
                0.08166538923978806,
                0.9496973156929016,
                -0.3022245168685913,
                0.0,
                0.7790330052375794,
                -0.16802500188350678,
                0.09893900156021118,
                1.0
            ],
            "name": "L_upperLeg_s"
        },
        {
            "children": [
                32
            ],
            "matrix": [
                1.0,
                0.0,
                -0.0,
                0.0,
                -0.0,
                -0.04269514977931976,
                -0.999032735824585,
                0.0,
                0.0,
                0.999032735824585,
                -0.04269514977931976,
                0.0,
                -0.0,
                0.950560986995697,
                0.0,
                1.0
            ],
            "name": "L_lowerLeg_s"
        },
        {
            "children": [
                33
            ],
            "matrix": [
                -0.9941827654838562,
                -0.07860153913497925,
                -0.07285480201244354,
                0.0,
                0.08072128891944885,
                -0.9963234066963196,
                -0.02661758288741112,
                0.0,
                -0.07049889117479325,
                -0.03234536945819855,
                0.996986985206604,
                0.0,
                -0.0,
                1.0649490356445313,
                0.0,
                1.0
            ],
            "name": "L_ankle_s"
        },
        {
            "matrix": [
                -0.9999308586120606,
                0.00003646104960353114,
                0.006310801021754742,
                0.0,
                0.006298322696238756,
                -0.057325735688209537,
                0.9983097314834596,
                0.0,
                0.00039833621121943,
                0.9983294010162354,
                0.05737370252609253,
                0.0,
                0.0019389999797567728,
                -0.2336599975824356,
                0.3679119944572449,
                1.0
            ],
            "name": "L_toes_s"
        },
        {
            "children": [
                35
            ],
            "translation": [
                -0.0015579999890178445,
                0.20027899742126466,
                0.03758399933576584
            ],
            "rotation": [
                -0.0062437825836241249,
                0.0010457566240802408,
                -0.006705145817250013,
                -0.99995756149292
            ],
            "scale": [
                1.000000238418579,
                1.0000003576278689,
                1.0000003576278689
            ],
            "name": "spine_lower_s"
        },
        {
            "children": [
                36
            ],
            "translation": [
                0.00009100000170292331,
                0.2141209989786148,
                0.01553799957036972
            ],
            "rotation": [
                0.022853216156363488,
                -0.0042138490825891499,
                0.0025836743880063297,
                -0.99972665309906
            ],
            "scale": [
                1.0,
                1.0000003576278689,
                1.000000238418579
            ],
            "name": "spine_mid_s"
        },
        {
            "children": [
                37
            ],
            "translation": [
                -0.000012000000424450264,
                0.20310699939727784,
                0.002589999930933118
            ],
            "rotation": [
                0.0016301469877362252,
                -0.003752413904294372,
                0.0018762064864858986,
                -0.9999897480010986
            ],
            "scale": [
                0.999999701976776,
                0.9999995231628418,
                0.9999998211860656
            ],
            "name": "spine_upper_s"
        },
        {
            "children": [
                61,
                49,
                38
            ],
            "translation": [
                -0.00020199999562464657,
                0.2351849973201752,
                0.006484000012278557
            ],
            "rotation": [
                -0.01793169602751732,
                -0.00384470378048718,
                -0.0004921222571283579,
                -0.9998317360877992
            ],
            "scale": [
                1.0000003576278689,
                1.000000238418579,
                0.999999701976776
            ],
            "name": "chest_s"
        },
        {
            "children": [
                39
            ],
            "translation": [
                -0.0993340015411377,
                0.5679050087928772,
                0.005377000197768211
            ],
            "rotation": [
                0.9977279901504516,
                0.0,
                0.06717545539140701,
                -0.0
            ],
            "scale": [
                0.999999463558197,
                0.9999476671218872,
                0.9999476671218872
            ],
            "name": "R_clavicle_s"
        },
        {
            "children": [
                40
            ],
            "translation": [
                -0.933485984802246,
                -0.04312999919056893,
                0.24197599291801456
            ],
            "rotation": [
                0.3060420751571655,
                0.2919241487979889,
                0.8056750893592835,
                -0.4146793186664582
            ],
            "scale": [
                0.999930739402771,
                0.9999297261238098,
                0.9999830722808838
            ],
            "name": "R_shoulder_s"
        },
        {
            "children": [
                48,
                41
            ],
            "translation": [
                0.0,
                -1.1856689453125,
                -0.0
            ],
            "rotation": [
                -0.26289743185043337,
                0.2797204256057739,
                0.7038378715515137,
                -0.5976167917251587
            ],
            "scale": [
                0.9999311566352844,
                0.999932587146759,
                0.9999822378158568
            ],
            "name": "R_elbow_s"
        },
        {
            "children": [
                46,
                44,
                42
            ],
            "translation": [
                -0.0,
                -1.1375809907913209,
                0.0
            ],
            "rotation": [
                -0.04659688100218773,
                0.4700903594493866,
                -0.11032544821500778,
                -0.8744465708732605
            ],
            "scale": [
                0.999977171421051,
                0.9999979734420776,
                0.9999778866767884
            ],
            "name": "R_wrist_s"
        },
        {
            "children": [
                43
            ],
            "matrix": [
                0.5524630546569824,
                0.7621462941169739,
                0.3374506831169129,
                0.0,
                0.13079890608787538,
                0.3206022381782532,
                -0.93810373544693,
                0.0,
                -0.8231836557388306,
                0.5623877048492432,
                0.0774429589509964,
                0.0,
                -0.31865501403808596,
                -0.17142100632190705,
                0.15757599472999574,
                1.0
            ],
            "name": "R_thumb_01_s"
        },
        {
            "matrix": [
                0.9998930096626282,
                -0.004000749904662371,
                0.01407854724675417,
                0.0,
                -0.01009061560034752,
                0.508320689201355,
                0.8611038327217102,
                0.0,
                -0.010601453483104706,
                -0.8611539006233215,
                0.5082260966300964,
                0.0,
                -0.0,
                -0.5345159769058228,
                0.0,
                1.0
            ],
            "name": "R_thumb_02_s"
        },
        {
            "children": [
                45
            ],
            "matrix": [
                -0.9902459383010864,
                0.12845011055469514,
                -0.05334680154919624,
                0.0,
                0.1306361109018326,
                0.7273181080818176,
                -0.6737455725669861,
                0.0,
                -0.04774434119462967,
                -0.6741661429405212,
                -0.7369954586029053,
                0.0,
                -0.3419579863548279,
                -0.9235119819641112,
                -0.08368699997663498,
                1.0
            ],
            "name": "R_index_01_s"
        },
        {
            "matrix": [
                0.9935210943222046,
                0.02126106061041355,
                0.11164070665836334,
                0.0,
                -0.11348865181207656,
                0.23751039803028108,
                0.9646872282028198,
                0.0,
                -0.005999506916850805,
                -0.9711068868637084,
                0.23838479816913608,
                0.0,
                0.0,
                -0.4393660128116608,
                -0.0,
                1.0
            ],
            "name": "R_index_02_s"
        },
        {
            "children": [
                47
            ],
            "matrix": [
                -0.9732447862625122,
                -0.22732390463352204,
                -0.02983628585934639,
                0.0,
                -0.08582989871501923,
                0.4819852113723755,
                -0.8719308972358704,
                0.0,
                0.21260203421115876,
                -0.8461408019065857,
                -0.4885431528091431,
                0.0,
                0.2559410035610199,
                -0.8980839848518372,
                -0.039367999881505969,
                1.0
            ],
            "name": "R_middle_01_s"
        },
        {
            "matrix": [
                0.9996311068534852,
                -0.021077429875731469,
                0.01712077483534813,
                0.0,
                -0.0015904463361948729,
                0.5839788317680359,
                0.8117469549179077,
                0.0,
                -0.02710811235010624,
                -0.8114750385284424,
                0.5837301015853882,
                0.0,
                0.0,
                -0.4067809879779816,
                0.0,
                1.0
            ],
            "name": "R_middle_02_s"
        },
        {
            "translation": [
                -0.0,
                -0.3791939914226532,
                -0.0
            ],
            "rotation": [
                -0.0,
                -0.23677222430706025,
                -0.0,
                -0.9715644121170044
            ],
            "scale": [
                0.9999972581863404,
                1.0,
                0.9999972581863404
            ],
            "name": "R_forearm_twist_s"
        },
        {
            "children": [
                50
            ],
            "translation": [
                0.0993340015411377,
                0.5679060220718384,
                0.005377000197768211
            ],
            "rotation": [
                -0.0,
                -0.06717457622289658,
                -0.0,
                -0.9977411031723024
            ],
            "scale": [
                0.999999463558197,
                1.0,
                0.999999463558197
            ],
            "name": "L_clavicle_s"
        },
        {
            "children": [
                51
            ],
            "translation": [
                0.9334869980812072,
                0.04312799870967865,
                -0.24197599291801456
            ],
            "rotation": [
                0.2944770753383637,
                0.2968454360961914,
                0.8166864514350891,
                -0.3977010250091553
            ],
            "scale": [
                0.9999648332595824,
                0.999965250492096,
                0.9999916553497316
            ],
            "name": "L_shoulder_s"
        },
        {
            "children": [
                60,
                52
            ],
            "translation": [
                -0.0,
                1.1856689453125,
                0.0
            ],
            "rotation": [
                -0.26290225982666018,
                0.2804021835327149,
                0.7043737173080444,
                -0.5966829061508179
            ],
            "scale": [
                0.9999467134475708,
                0.999947428703308,
                0.9999860525131226
            ],
            "name": "L_elbow_s"
        },
        {
            "children": [
                58,
                56,
                54,
                53
            ],
            "translation": [
                0.0,
                1.1375809907913209,
                0.0
            ],
            "rotation": [
                -0.04259983450174332,
                0.4629080295562744,
                -0.11300491541624068,
                -0.878140926361084
            ],
            "scale": [
                1.0000003576278689,
                0.9999999403953552,
                1.0000001192092896
            ],
            "name": "L_wrist_s"
        },
        {
            "translation": [
                -1.34940505027771,
                -0.17010200023651124,
                1.1110479831695557
            ],
            "rotation": [
                -0.5509374141693115,
                0.47533440589904787,
                0.5798498392105103,
                0.3664200901985169
            ],
            "scale": [
                0.9999595284461976,
                0.9999539256095886,
                0.9999623894691468
            ],
            "name": "L_gunbone_01_s"
        },
        {
            "children": [
                55
            ],
            "matrix": [
                0.5524634122848511,
                0.7621468305587769,
                0.33745092153549197,
                0.0,
                0.13079893589019776,
                0.32060229778289797,
                -0.938103973865509,
                0.0,
                -0.8231845498085022,
                0.5623883008956909,
                0.07744304090738297,
                0.0,
                0.31751400232315066,
                0.1843239963054657,
                -0.15799200534820558,
                1.0
            ],
            "name": "L_thumb_01_s"
        },
        {
            "matrix": [
                0.9998916983604432,
                -0.004031249321997166,
                0.014131961390376093,
                0.0,
                -0.01012111734598875,
                0.5083207488059998,
                0.8611038327217102,
                0.0,
                -0.01065487414598465,
                -0.8611539006233215,
                0.50822514295578,
                0.0,
                0.0,
                0.5345169901847839,
                -0.0,
                1.0
            ],
            "name": "L_thumb_02_s"
        },
        {
            "children": [
                57
            ],
            "matrix": [
                -0.9901737570762634,
                0.1283939629793167,
                -0.05341675132513046,
                0.0,
                0.12324129045009612,
                0.6323668956756592,
                -0.7647775411605835,
                0.0,
                -0.06442024558782578,
                -0.763929009437561,
                -0.6419371962547302,
                0.0,
                0.34195899963378909,
                0.9235129952430724,
                0.0836779996752739,
                1.0
            ],
            "name": "L_index_01_s"
        },
        {
            "matrix": [
                0.9981375336647034,
                0.010176504962146284,
                0.060149259865283969,
                0.0,
                -0.06040278822183609,
                0.30298882722854617,
                0.9510457515716552,
                0.0,
                -0.008543943054974079,
                -0.952907383441925,
                0.30303916335105898,
                0.0,
                0.0,
                0.4393649995326996,
                0.0,
                1.0
            ],
            "name": "L_index_02_s"
        },
        {
            "children": [
                59
            ],
            "matrix": [
                -0.9727923274040222,
                -0.22975759208202366,
                -0.02543504722416401,
                0.0,
                -0.0827813595533371,
                0.44906240701675417,
                -0.8896198868751526,
                0.0,
                0.2158305048942566,
                -0.8634163737297058,
                -0.4557998776435852,
                0.0,
                -0.2559419870376587,
                0.8980879783630371,
                0.039367999881505969,
                1.0
            ],
            "name": "L_middle_01_s"
        },
        {
            "matrix": [
                0.9996310472488404,
                -0.02107742801308632,
                0.01712077483534813,
                0.0,
                -0.0015904463361948729,
                0.5839788317680359,
                0.8117469549179077,
                0.0,
                -0.02710810676217079,
                -0.8114748597145081,
                0.5837299823760986,
                0.0,
                0.0,
                0.4067769944667816,
                -0.0,
                1.0
            ],
            "name": "L_middle_02_s"
        },
        {
            "translation": [
                0.0,
                0.3791939914226532,
                0.0
            ],
            "rotation": [
                -0.0,
                -0.24086083471775056,
                -0.0,
                -0.9705584049224854
            ],
            "scale": [
                0.9999954104423524,
                1.0,
                0.9999954104423524
            ],
            "name": "L_forearm_twist_s"
        },
        {
            "children": [
                62
            ],
            "matrix": [
                1.0,
                0.0,
                0.0,
                0.0,
                0.0,
                1.0,
                0.0,
                0.0,
                0.0,
                0.0,
                1.0,
                0.0,
                -0.0,
                0.8516240119934082,
                -0.045263998210430148,
                1.0
            ],
            "name": "neck_s"
        },
        {
            "children": [
                63
            ],
            "translation": [
                0.021405000239610673,
                0.32580000162124636,
                -0.0904259979724884
            ],
            "rotation": [
                0.012918385677039624,
                0.03377235680818558,
                -0.010150165297091008,
                -0.9992945194244384
            ],
            "scale": [
                1.0000004768371585,
                1.0000001192092896,
                0.9999995231628418
            ],
            "name": "head_s"
        },
        {
            "children": [
                64
            ],
            "matrix": [
                1.0,
                0.0,
                -0.0,
                0.0,
                -0.0,
                0.9645741581916808,
                -0.2638065814971924,
                0.0,
                0.0,
                0.2638065814971924,
                0.9645741581916808,
                0.0,
                -0.0,
                1.496034026145935,
                0.012310000136494637,
                1.0
            ],
            "name": "hat_01_s"
        },
        {
            "matrix": [
                1.0,
                0.0,
                0.0,
                0.0,
                0.0,
                0.9997169971466065,
                0.02380460314452648,
                0.0,
                0.0,
                -0.02380460314452648,
                0.9997169971466065,
                0.0,
                -0.0,
                1.5771899223327637,
                0.08993499726057053,
                1.0
            ],
            "name": "hat_02_s"
        }
    ],
    "meshes": [
        {
            "primitives": [
                {
                    "attributes": {
                        "JOINTS_0": 1,
                        "NORMAL": 2,
                        "POSITION": 3,
                        "WEIGHTS_0": 4
                    },
                    "indices": 0,
                    "mode": 4,
                    "material": 0
                }
            ],
            "name": "cart_controls_GEO-mesh"
        },
        {
            "primitives": [
                {
                    "attributes": {
                        "JOINTS_0": 6,
                        "NORMAL": 7,
                        "POSITION": 8,
                        "WEIGHTS_0": 9
                    },
                    "indices": 5,
                    "mode": 4,
                    "material": 0
                }
            ],
            "name": "cart_wheels_GEO-mesh"
        },
        {
            "primitives": [
                {
                    "attributes": {
                        "JOINTS_0": 11,
                        "NORMAL": 12,
                        "POSITION": 13,
                        "WEIGHTS_0": 14
                    },
                    "indices": 10,
                    "mode": 4,
                    "material": 0
                },
                {
                    "attributes": {
                        "JOINTS_0": 16,
                        "NORMAL": 17,
                        "POSITION": 18,
                        "WEIGHTS_0": 19
                    },
                    "indices": 15,
                    "mode": 4,
                    "material": 1
                }
            ],
            "name": "cart_GEO-mesh"
        },
        {
            "primitives": [
                {
                    "attributes": {
                        "JOINTS_0": 21,
                        "NORMAL": 22,
                        "POSITION": 23,
                        "WEIGHTS_0": 24
                    },
                    "indices": 20,
                    "mode": 4,
                    "material": 0
                },
                {
                    "attributes": {
                        "JOINTS_0": 26,
                        "NORMAL": 27,
                        "POSITION": 28,
                        "WEIGHTS_0": 29
                    },
                    "indices": 25,
                    "mode": 4,
                    "material": 2
                }
            ],
            "name": "legs_GEO-mesh"
        },
        {
            "primitives": [
                {
                    "attributes": {
                        "JOINTS_0": 31,
                        "NORMAL": 32,
                        "POSITION": 33,
                        "WEIGHTS_0": 34
                    },
                    "indices": 30,
                    "mode": 4,
                    "material": 0
                }
            ],
            "name": "tie_GEO-mesh"
        },
        {
            "primitives": [
                {
                    "attributes": {
                        "JOINTS_0": 36,
                        "NORMAL": 37,
                        "POSITION": 38,
                        "WEIGHTS_0": 39
                    },
                    "indices": 35,
                    "mode": 4,
                    "material": 0
                },
                {
                    "attributes": {
                        "JOINTS_0": 41,
                        "NORMAL": 42,
                        "POSITION": 43,
                        "WEIGHTS_0": 44
                    },
                    "indices": 40,
                    "mode": 4,
                    "material": 2
                }
            ],
            "name": "arms_GEO-mesh"
        },
        {
            "primitives": [
                {
                    "attributes": {
                        "JOINTS_0": 46,
                        "NORMAL": 47,
                        "POSITION": 48,
                        "WEIGHTS_0": 49
                    },
                    "indices": 45,
                    "mode": 4,
                    "material": 0
                }
            ],
            "name": "head_GEO-mesh"
        },
        {
            "primitives": [
                {
                    "attributes": {
                        "JOINTS_0": 51,
                        "NORMAL": 52,
                        "POSITION": 53,
                        "WEIGHTS_0": 54
                    },
                    "indices": 50,
                    "mode": 4,
                    "material": 0
                }
            ],
            "name": "body_GEO-mesh"
        },
        {
            "primitives": [
                {
                    "attributes": {
                        "JOINTS_0": 56,
                        "NORMAL": 57,
                        "POSITION": 58,
                        "WEIGHTS_0": 59
                    },
                    "indices": 55,
                    "mode": 4,
                    "material": 0
                },
                {
                    "attributes": {
                        "JOINTS_0": 61,
                        "NORMAL": 62,
                        "POSITION": 63,
                        "WEIGHTS_0": 64
                    },
                    "indices": 60,
                    "mode": 4,
                    "material": 2
                }
            ],
            "name": "pickaxe_GEO-mesh"
        }
    ],
    "animations": [
        {
            "channels": [
                {
                    "sampler": 0,
                    "target": {
                        "node": 25,
                        "path": "translation"
                    }
                },
                {
                    "sampler": 1,
                    "target": {
                        "node": 25,
                        "path": "rotation"
                    }
                },
                {
                    "sampler": 2,
                    "target": {
                        "node": 25,
                        "path": "scale"
                    }
                },
                {
                    "sampler": 3,
                    "target": {
                        "node": 34,
                        "path": "translation"
                    }
                },
                {
                    "sampler": 4,
                    "target": {
                        "node": 34,
                        "path": "rotation"
                    }
                },
                {
                    "sampler": 5,
                    "target": {
                        "node": 34,
                        "path": "scale"
                    }
                },
                {
                    "sampler": 6,
                    "target": {
                        "node": 35,
                        "path": "translation"
                    }
                },
                {
                    "sampler": 7,
                    "target": {
                        "node": 35,
                        "path": "rotation"
                    }
                },
                {
                    "sampler": 8,
                    "target": {
                        "node": 35,
