{
    "asset": {
        "generator": "COLLADA2GLTF",
        "version": "2.0"
    },
    "scenes": [
        {
            "nodes": [
                0
            ]
        }
    ],
    "scene": 0,
    "nodes": [
        {
            "children": [
                48,
                1
            ],
            "name": "Y_UP"
        },
        {
            "children": [
                2
            ],
            "name": "CHARACTER"
        },
        {
            "children": [
                3
            ],
            "name": "Root"
        },
        {
            "children": [
                12,
                8,
                4
            ],
            "translation": [
                0.01470400020480156,
                3.3008170127868659,
                -0.10319799929857254
            ],
            "rotation": [
                0.06326841562986374,
                -0.00332182296551764,
                -0.022360781207680707,
                -0.9977404475212096
            ],
            "scale": [
                1.0000001192092896,
                0.9999994039535524,
                1.0000001192092896
            ],
            "name": "hips_s"
        },
        {
            "children": [
                5
            ],
            "translation": [
                -0.6579340100288391,
                -0.1610289961099625,
                0.1513260006904602
            ],
            "rotation": [
                0.01700917631387711,
                0.8455374836921692,
                0.5334666967391968,
                0.012241684831678868
            ],
            "scale": [
                0.999919295310974,
                0.9999766945838928,
                0.999942183494568
            ],
            "name": "R_upperLeg_s"
        },
        {
            "children": [
                6
            ],
            "translation": [
                -0.010679000057280064,
                -1.1229419708251954,
                -0.06352400034666062
            ],
            "rotation": [
                -0.1243823915719986,
                0.0020607374608516699,
                -0.005751608870923519,
                -0.9922151565551758
            ],
            "scale": [
                1.0000001192092896,
                0.9999980926513672,
                0.9999986886978148
            ],
            "name": "R_lowerLeg_s"
        },
        {
            "children": [
                7
            ],
            "translation": [
                -0.023149000480771066,
                -1.0952719449996949,
                0.214695006608963
            ],
            "rotation": [
                0.0020915442146360876,
                0.43408769369125368,
                0.9008403420448304,
                0.005013554822653532
            ],
            "scale": [
                0.9999502301216126,
                0.999959111213684,
                0.999990701675415
            ],
            "name": "R_ankle_s"
        },
        {
            "matrix": [
                -0.9999232292175292,
                0.0,
                0.0,
                0.0,
                0.0,
                -0.06295821815729141,
                0.997974932193756,
                0.0,
                0.0,
                0.997974932193756,
                0.06303504854440689,
                0.0,
                -0.0019389999797567728,
                0.5073440074920654,
                -0.484389990568161,
                1.0
            ],
            "name": "R_toes_s"
        },
        {
            "children": [
                9
            ],
            "translation": [
                0.6579340100288391,
                -0.1610330045223236,
                0.1513260006904602
            ],
            "rotation": [
                0.01860858872532845,
                0.6252177953720093,
                0.7799614071846008,
                0.019838910549879079
            ],
            "scale": [
                0.9999542832374572,
                0.999971866607666,
                0.9999818205833436
            ],
            "name": "L_upperLeg_s"
        },
        {
            "children": [
                10
            ],
            "translation": [
                0.009627999737858773,
                1.0122710466384888,
                0.05726499855518341
            ],
            "rotation": [
                0.4308509826660156,
                -0.016424503177404405,
                0.016670558601617814,
                -0.9021161198616028
            ],
            "scale": [
                0.9999998211860656,
                0.999989688396454,
                0.9999899864196776
            ],
            "name": "L_lowerLeg_s"
        },
        {
            "children": [
                11
            ],
            "translation": [
                0.02086699940264225,
                0.9873420000076294,
                -0.19353899359703065
            ],
            "rotation": [
                -0.016578558832407,
                0.021530602127313619,
                0.999573528766632,
                -0.009934836067259312
            ],
            "scale": [
                0.9999685287475586,
                0.9999690651893616,
                0.9999999403953552
            ],
            "name": "L_ankle_s"
        },
        {
            "matrix": [
                -0.9999232292175292,
                0.0,
                0.0,
                0.0,
                0.0,
                -0.06295821815729141,
                0.997974932193756,
                0.0,
                0.0,
                0.997974932193756,
                0.06303504854440689,
                0.0,
                0.0019389999797567728,
                -0.5073440074920654,
                0.484389990568161,
                1.0
            ],
            "name": "L_toes_s"
        },
        {
            "children": [
                13
            ],
            "translation": [
                0.007141000125557184,
                0.3659060001373291,
                0.04208900034427643
            ],
            "rotation": [
                0.01128818467259407,
                -0.008704514242708683,
                0.018485551699995996,
                -0.9997274875640868
            ],
            "scale": [
                1.0,
                0.9999995231628418,
                1.0000004768371585
            ],
            "name": "spine_lower_s"
        },
        {
            "children": [
                14
            ],
            "translation": [
                0.009101999923586846,
                0.41258299350738528,
                0.02705099992454052
            ],
            "rotation": [
                0.01953079178929329,
                -0.0074124750681221489,
                0.010765005834400654,
                -0.9997236728668212
            ],
            "scale": [
                0.9999998807907105,
                0.9999995231628418,
                0.9999995231628418
            ],
            "name": "spine_upper_s"
        },
        {
            "children": [
                42,
                29,
                16,
                15
            ],
            "translation": [
                -0.05499900132417679,
                0.3923670053482056,
                0.0196399986743927
            ],
            "rotation": [
                0.012610753998160364,
                0.01651701517403126,
                -0.09061288833618164,
                -0.9956694841384888
            ],
            "scale": [
                1.0000003576278689,
                0.9999998807907105,
                1.0000004768371585
            ],
            "name": "chest_s"
        },
        {
            "translation": [
                -0.04019000008702278,
                -0.662011981010437,
                -1.0237209796905518
            ],
            "rotation": [
                0.0002571908989921212,
                0.08867417275905609,
                0.06146896257996559,
                -0.9516646862030028
            ],
            "scale": [
                0.8902274966239929,
                0.8902288675308228,
                0.8902279138565064
            ],
            "name": "back_item_01_s"
        },
        {
            "children": [
                17
            ],
            "matrix": [
                0.910047709941864,
                -0.3177895247936249,
                -0.2661139667034149,
                0.0,
                -0.2571468055248261,
                -0.9363327026367188,
                0.23883651196956638,
                0.0,
                -0.3250885009765625,
                -0.14891968667507173,
                -0.9338237047195436,
                0.0,
                -0.08726400136947632,
                0.8517739772796631,
                0.003792000003159046,
                1.0
            ],
            "name": "R_clavicle_s"
        },
        {
            "children": [
                18
            ],
            "translation": [
                -1.388761043548584,
                -0.02105999924242497,
                0.7743979692459106
            ],
            "rotation": [
                0.6091621518135071,
                0.7103560566902161,
                -0.12650777399539948,
                -0.329018235206604
            ],
            "scale": [
                0.9999386072158814,
                0.9999552369117736,
                0.9998974800109864
            ],
            "name": "R_shoulder_s"
        },
        {
            "children": [
                19
            ],
            "matrix": [
                0.8175503015518189,
                -0.32491663098335268,
                0.47542452812194826,
                0.0,
                0.3320888578891754,
                0.9405169486999512,
                0.07170531153678894,
                0.0,
                -0.4704427719116211,
                0.09926621615886688,
                0.8768248558044434,
                0.0,
                -0.04414099827408791,
                -1.0803179740905762,
                -0.09015899896621704,
                1.0
            ],
            "name": "R_elbow_s"
        },
        {
            "children": [
                20
            ],
            "translation": [
                -0.07460999488830567,
                -0.5691319704055786,
                0.024601999670267106
            ],
            "rotation": [
                0.05690103769302368,
                0.29846900701522829,
                -0.010826575569808485,
                -0.95265793800354
            ],
            "scale": [
                0.9999927878379822,
                0.9999996423721314,
                0.9999925494194032
            ],
            "name": "R_forearm_twist_s"
        },
        {
            "children": [
                27,
                25,
                23,
                21
            ],
            "translation": [
                -0.07843100279569626,
                -0.5691319704055786,
                0.004532000049948692
            ],
            "rotation": [
                -0.07587974518537522,
                0.3158527910709381,
                -0.06843633204698563,
                -0.9432893991470336
            ],
            "scale": [
                0.9999982118606569,
                1.0000001192092896,
                0.999998927116394
            ],
            "name": "R_wrist_s"
        },
        {
            "children": [
                22
            ],
            "matrix": [
                -0.08309253305196762,
                0.8355017304420471,
                0.5430970788002014,
                0.0,
                -0.9945567846298218,
                -0.10357117652893068,
                0.0071589648723602299,
                0.0,
                0.06225212663412094,
                -0.53956538438797,
                0.8396326899528503,
                0.0,
                -0.450643002986908,
                -1.1280139684677125,
                0.841044008731842,
                1.0
            ],
            "name": "R_gunbone_01_s"
        },
        {
            "matrix": [
                0.9061971306800842,
                0.0,
                0.42285096645355227,
                0.0,
                -0.0,
                1.0,
                0.0,
                0.0,
                -0.42285096645355227,
                -0.0,
                0.9061971306800842,
                0.0,
                -0.003909999970346689,
                0.9818599820137024,
                0.00240299990400672,
                1.0
            ],
            "name": "R_gunbone_02_s"
        },
        {
            "children": [
                24
            ],
            "matrix": [
                0.6579297780990601,
                0.657108724117279,
                0.3678651452064514,
                0.0,
                0.4661459922790528,
                0.02831541933119297,
                -0.8842372894287109,
                0.0,
                -0.591460108757019,
                0.7532432675361633,
                -0.2876788079738617,
                0.0,
                -0.5908610224723816,
                -0.24251799285411836,
                0.2412559986114502,
                1.0
            ],
            "name": "R_thumb_01_s"
        },
        {
            "matrix": [
                0.981936514377594,
                0.15279297530651093,
                -0.11159861832857132,
                0.0,
                -0.18388907611370088,
                0.909534990787506,
                -0.37272849678993227,
                0.0,
                0.04455070197582245,
                0.3865175247192383,
                0.9212026000022888,
                0.0,
                -0.13509799540042878,
                -0.6423400044441223,
                -0.09767500311136246,
                1.0
            ],
            "name": "R_thumb_02_s"
        },
        {
            "children": [
                26
            ],
            "matrix": [
                -0.9087182283401488,
                0.18436777591705326,
                -0.3743459284305573,
                0.0,
                -0.03192036971449852,
                0.863760232925415,
                0.5028823614120483,
                0.0,
                0.4160618484020233,
                0.46895480155944826,
                -0.7790229320526123,
                0.0,
                -0.7842450141906738,
                -0.9866470098495485,
                0.1730169951915741,
                1.0
            ],
            "name": "R_index_01_s"
        },
        {
            "matrix": [
                0.9829124212265016,
                -0.062483061105012897,
                -0.17313909530639649,
                0.0,
                0.12713755667209626,
                0.9106571674346924,
                0.3931085169315338,
                0.0,
                0.1331065148115158,
                -0.40840423107147219,
                0.9030405879020692,
                0.0,
                0.0563570000231266,
                -0.413114994764328,
                -0.26550599932670596,
                1.0
            ],
            "name": "R_index_02_s"
        },
        {
            "children": [
                28
            ],
            "matrix": [
                -0.9670488834381104,
                -0.18030543625354768,
                -0.17949901521205906,
                0.0,
                -0.1880871653556824,
                0.981776237487793,
                0.027175432071089746,
                0.0,
                0.17132775485515598,
                0.0600433275103569,
                -0.9833384156227112,
                0.0,
                -0.07019200176000595,
                -1.1375499963760377,
                0.029353000223636628,
                1.0
            ],
            "name": "R_middle_01_s"
        },
        {
            "matrix": [
                0.995250165462494,
                -0.06254841387271881,
                -0.07459460198879242,
                0.0,
                0.08648774772882462,
                0.9198457598686218,
                0.382622629404068,
                0.0,
                0.04468249902129173,
                -0.38725683093070986,
                0.9208863973617554,
                0.0,
                -0.013473999686539172,
                -0.3895759880542755,
                -0.26023900508880618,
                1.0
            ],
            "name": "R_middle_02_s"
        },
        {
            "children": [
                30
            ],
            "matrix": [
                0.910047709941864,
                0.3177895247936249,
                0.2661139667034149,
                0.0,
                -0.2571468055248261,
                0.9363914132118224,
                -0.23883651196956638,
                0.0,
                -0.3250885009765625,
                0.14891968667507173,
                0.9338825345039368,
                0.0,
                0.08727200329303742,
                0.851777970790863,
                0.003792000003159046,
                1.0
            ],
            "name": "L_clavicle_s"
        },
        {
            "children": [
                31
            ],
            "translation": [
                1.3887579441070557,
                0.02105100080370903,
                -0.7743979692459106
            ],
            "rotation": [
                0.6587133407592773,
                0.6392742395401001,
                -0.1504374593496323,
                -0.3670969307422638
            ],
            "scale": [
                0.9999704957008362,
                0.9999698400497437,
                0.9999433159828186
            ],
            "name": "L_shoulder_s"
        },
        {
            "children": [
                32
            ],
            "matrix": [
                0.8082495927810669,
                -0.5782100558280945,
                -0.1112830862402916,
                0.0,
                0.5799867510795593,
                0.8143907189369202,
                -0.01900533400475979,
                0.0,
                0.10161644965410233,
                -0.04918559640645981,
                0.9936065673828124,
                0.0,
                0.053978998214006427,
                1.0826499462127686,
                0.04604199901223183,
                1.0
            ],
            "name": "L_elbow_s"
        },
        {
            "children": [
                33
            ],
            "translation": [
                0.06712999939918518,
                0.5685269832611084,
                0.04849699884653092
            ],
            "rotation": [
                0.055548299103975299,
                0.48215678334236147,
                0.0383855402469635,
                -0.873475968837738
            ],
            "scale": [
                0.9999916553497316,
                0.9999999403953552,
                0.9999915957450868
            ],
            "name": "L_forearm_twist_s"
        },
        {
            "children": [
                40,
                38,
                36,
                34
            ],
            "translation": [
                0.06910800188779831,
                0.5685269832611084,
                0.04563400149345398
            ],
            "rotation": [
                -0.15049505233764649,
                0.5079555511474609,
                -0.08759652823209763,
                -0.8435903191566467
            ],
            "scale": [
                0.9999811053276062,
                0.99999737739563,
                0.9999794960021972
            ],
            "name": "L_wrist_s"
        },
        {
            "children": [
                35
            ],
            "matrix": [
                -0.083092600107193,
                0.8355024456977844,
                0.5430974960327148,
                0.0,
                0.9945567846298218,
                0.10364234447479248,
                -0.0071589648723602299,
                0.0,
                -0.06225213408470154,
                0.5395654439926148,
                -0.8395615816116333,
                0.0,
                0.4506849944591522,
                1.1191999912261963,
                -0.962686002254486,
                1.0
            ],
            "name": "L_gunbone_01_s"
        },
        {
            "matrix": [
                0.1519353985786438,
                0.0,
                0.988347589969635,
                0.0,
                -0.0,
                1.0,
                0.0,
                0.0,
                -0.988347589969635,
                -0.0,
                0.1519353985786438,
                0.0,
                0.003903999924659729,
                0.9818649888038636,
                0.00240299990400672,
                1.0
            ],
            "name": "L_gunbone_02_s"
        },
        {
            "children": [
                37
            ],
            "matrix": [
                0.6579301953315735,
                0.6571091413497925,
                0.3678653538227082,
                0.0,
                0.4661459922790528,
                0.02831541933119297,
                -0.8842372894287109,
                0.0,
                -0.5914601683616638,
                0.7532433271408081,
                -0.2876788377761841,
                0.0,
                0.5908610224723816,
                0.2425149977207184,
                -0.2412550002336502,
                1.0
            ],
            "name": "L_thumb_01_s"
        },
        {
            "matrix": [
                0.9819363355636596,
                0.15279294550418857,
                -0.11159860342741013,
                0.0,
                -0.1838890165090561,
                0.9095346927642822,
                -0.3727284073829651,
                0.0,
                0.04455075040459633,
                0.38651788234710696,
                0.9212034344673156,
                0.0,
                0.1351040005683899,
                0.6423410177230835,
                0.09768199920654296,
                1.0
            ],
            "name": "L_thumb_02_s"
        },
        {
            "children": [
                39
            ],
            "matrix": [
                -0.9087178111076356,
                0.18436770141124729,
                -0.3743457496166229,
                0.0,
                -0.03192038834095001,
                0.8637607097625732,
                0.5028826594352722,
                0.0,
                0.4160616099834442,
                0.468954473733902,
                -0.7790223360061646,
                0.0,
                0.7842450141906738,
                0.986648976802826,
                -0.1730159968137741,
                1.0
            ],
            "name": "L_index_01_s"
        },
        {
            "matrix": [
                0.9829129576683044,
                -0.06247826293110848,
                -0.1731421798467636,
                0.0,
                0.12714239954948426,
                0.9106320142745972,
                0.3931684792041779,
                0.0,
                0.13310354948043824,
                -0.4084642231464386,
                0.903015434741974,
                0.0,
                -0.0563570000231266,
                0.41310998797416689,
                0.26552000641822817,
                1.0
            ],
            "name": "L_index_02_s"
        },
        {
            "children": [
                41
            ],
            "matrix": [
                -0.9670493602752686,
                -0.18030552566051484,
                -0.1794990748167038,
                0.0,
                -0.1880871802568436,
                0.9817762970924376,
                0.027175435796380044,
                0.0,
                0.17132775485515598,
                0.0600433349609375,
                -0.9833385348320008,
                0.0,
                0.07019200176000595,
                1.137557029724121,
                -0.029357999563217164,
                1.0
            ],
            "name": "L_middle_01_s"
        },
        {
            "matrix": [
                0.995250165462494,
                -0.06254841387271881,
                -0.07459460198879242,
                0.0,
                0.08648773282766342,
                0.9198455810546876,
                0.3826225697994232,
                0.0,
                0.04468253254890442,
                -0.3872571289539337,
                0.9208871126174928,
                0.0,
                0.013473999686539172,
                0.3895669877529145,
                0.2602350115776062,
                1.0
            ],
            "name": "L_middle_02_s"
        },
        {
            "children": [
                43
            ],
            "matrix": [
                1.0,
                0.0,
                0.0,
                0.0,
                0.0,
                1.0,
                0.0,
                0.0,
                0.0,
                0.0,
                1.0,
                0.0,
                0.0,
                1.349197030067444,
                -0.09887100011110306,
                1.0
            ],
            "name": "neck_s"
        },
        {
            "children": [
                47,
                46,
                45,
                44
            ],
            "translation": [
                0.0,
                1.45375394821167,
                -0.03479199856519699
            ],
            "rotation": [
                0.006520591676235199,
                0.0003383326402399689,
                0.05634776130318642,
                -0.998389720916748
            ],
            "scale": [
                0.9999995827674866,
                0.9999996423721314,
                0.999999463558197
            ],
            "name": "head_s"
        },
        {
            "matrix": [
                0.5,
                0.0,
                0.0,
                0.0,
                0.0,
                0.5,
                0.0,
                0.0,
                0.0,
                0.0,
                0.5,
                0.0,
                -0.014702999964356425,
                2.5891530513763429,
                0.2612150013446808,
                1.0
            ],
            "name": "companion_s"
        },
        {
            "matrix": [
                1.0,
                0.0,
                0.0,
                0.0,
                0.0,
                1.0,
                0.0,
                0.0,
                0.0,
                0.0,
                1.0,
                0.0,
                -0.8209559917449951,
                1.295078992843628,
                1.7035839557647706,
                1.0
            ],
            "name": "R_eyebrow_s"
        },
        {
            "matrix": [
                1.0,
                0.0,
                0.0,
                0.0,
                0.0,
                1.0,
                0.0,
                0.0,
                0.0,
                0.0,
                1.0,
                0.0,
                0.8209559917449951,
                1.2950819730758668,
                1.7035859823226929,
                1.0
            ],
            "name": "L_eyebrow_s"
        },
        {
            "translation": [
                -0.014702999964356425,
                1.7083059549331666,
                0.024480000138282777
            ],
            "rotation": [
                0.035648297518491748,
                -0.0,
                -0.0,
                -0.9993643164634704
            ],
            "scale": [
                1.0,
                0.9999995827674866,
                0.9999995827674866
            ],
            "name": "hat_01_s"
        },
        {
            "children": [
                54,
                53,
                52,
                51,
                50,
                49
            ],
            "name": "dynamike_GEO"
        },
        {
            "mesh": 0,
            "skin": 0,
            "name": "barrel_GEO"
        },
        {
            "mesh": 1,
            "skin": 1,
            "name": "L_dynamite_GEO"
        },
        {
            "mesh": 2,
            "skin": 2,
            "name": "R_dynamite_GEO"
        },
        {
            "mesh": 3,
            "skin": 3,
            "name": "bird_GEO"
        },
        {
            "mesh": 4,
            "skin": 4,
            "name": "hat_GEO"
        },
        {
            "mesh": 5,
            "skin": 5,
            "name": "main_GEO"
        }
    ],
    "meshes": [
        {
            "primitives": [
                {
                    "attributes": {
                        "JOINTS_0": 1,
                        "NORMAL": 2,
                        "POSITION": 3,
                        "WEIGHTS_0": 4
                    },
                    "indices": 0,
                    "mode": 4,
                    "material": 0
                }
            ],
            "name": "barrel_GEO-mesh"
        },
        {
            "primitives": [
                {
                    "attributes": {
                        "JOINTS_0": 6,
                        "NORMAL": 7,
                        "POSITION": 8,
                        "WEIGHTS_0": 9
                    },
                    "indices": 5,
                    "mode": 4,
                    "material": 0
                }
            ],
            "name": "L_dynamite_GEO-mesh"
        },
        {
            "primitives": [
                {
                    "attributes": {
                        "JOINTS_0": 11,
                        "NORMAL": 12,
                        "POSITION": 13,
                        "WEIGHTS_0": 14
                    },
                    "indices": 10,
                    "mode": 4,
                    "material": 0
                }
            ],
            "name": "R_dynamite_GEO-mesh"
        },
        {
            "primitives": [
                {
                    "attributes": {
                        "JOINTS_0": 16,
                        "NORMAL": 17,
                        "POSITION": 18,
                        "WEIGHTS_0": 19
                    },
                    "indices": 15,
                    "mode": 4,
                    "material": 0
                }
            ],
            "name": "bird_GEO-mesh"
        },
        {
            "primitives": [
                {
                    "attributes": {
                        "JOINTS_0": 21,
                        "NORMAL": 22,
                        "POSITION": 23,
                        "WEIGHTS_0": 24
                    },
                    "indices": 20,
                    "mode": 4,
                    "material": 0
                }
            ],
            "name": "hat_GEO-mesh"
        },
        {
            "primitives": [
                {
                    "attributes": {
                        "JOINTS_0": 26,
                        "NORMAL": 27,
                        "POSITION": 28,
                        "WEIGHTS_0": 29
                    },
                    "indices": 25,
                    "mode": 4,
                    "material": 0
                }
            ],
            "name": "main_GEO-mesh"
        }
    ],
    "animations": [
        {
            "channels": [
                {
                    "sampler": 0,
                    "target": {
                        "node": 3,
                        "path": "translation"
                    }
                },
                {
                    "sampler": 1,
                    "target": {
                        "node": 3,
                        "path": "rotation"
                    }
                },
                {
                    "sampler": 2,
                    "target": {
                        "node": 3,
                        "path": "scale"
                    }
                },
                {
                    "sampler": 3,
                    "target": {
                        "node": 12,
                        "path": "translation"
                    }
                },
                {
                    "sampler": 4,
                    "target": {
                        "node": 12,
                        "path": "rotation"
                    }
                },
                {
                    "sampler": 5,
                    "target": {
                        "node": 12,
                        "path": "scale"
                    }
                },
                {
                    "sampler": 6,
                    "target": {
                        "node": 13,
                        "path": "translation"
                    }
                },
                {
                    "sampler": 7,
                    "target": {
                        "node": 13,
                        "path": "rotation"
                    }
                },
                {
                    "sampler": 8,
                    "target": {
                        "node": 13,
                        "path": "scale"
                    }
                },
                {
                    "sampler": 9,
                    "target": {
                        "node": 14,
                        "path": "translation"
                    }
                },
                {
                    "sampler": 10,
                    "target": {
                        "node": 14,
                        "path": "rotation"
                    }
                },
                {
                    "sampler": 11,
                    "target": {
                        "node": 14,
                        "path": "scale"
                    }
                },
                {
                    "sampler": 12,
                    "target": {
                        "node": 43,
                        "path": "translation"
                    }
                },
                {
                    "sampler": 13,
                    "target": {
                        "node": 43,
                        "path": "rotation"
                    }
                },
                {
                    "sampler": 14,
                    "target": {
                        "node": 43,
                        "path": "scale"
                    }
                },
                {
                    "sampler": 15,
                    "target": {
                        "node": 47,
                        "path": "translation"
                    }
                },
                {
                    "sampler": 16,
                    "target": {
                        "node": 47,
                        "path": "rotation"
                    }
                },
                {
                    "sampler": 17,
                    "target": {
                        "node": 47,
                        "path": "scale"
                    }
                },
                {
                    "sampler": 18,
                    "target": {
                        "node": 30,
                        "path": "translation"
                    }
                },
                {
                    "sampler": 19,
                    "target": {
                        "node": 30,
                        "path": "rotation"
                    }
                },
                {
                    "sampler": 20,
                    "target": {
                        "node": 30,
                        "path": "scale"
                    }
                },
                {
                    "sampler": 21,
                    "target": {
                        "node": 32,
                        "path": "translation"
                    }
                },
                {
                    "sampler": 22,
                    "target": {
                        "node": 32,
                        "path": "rotation"
                    }
                },
                {
                    "sampler": 23,
                    "target": {
                        "node": 32,
                        "path": "scale"
                    }
                },
                {
                    "sampler": 24,
                    "target": {
                        "node": 33,
                        "path": "translation"
                    }
                },
                {
                    "sampler": 25,
                    "target": {
                        "node": 33,
                        "path": "rotation"
                    }
                },
                {
                    "sampler": 26,
                    "target": {
                        "node": 33,
                        "path": "scale"
                    }
                },
                {
                    "sampler": 27,
                    "target": {
                        "node": 17,
                        "path": "translation"
                    }
                },
                {
                    "sampler": 28,
                    "target": {
                        "node": 17,
                        "path": "rotation"
                    }
                },
                {
                    "sampler": 29,
                    "target": {
                        "node": 17,
                        "path": "scale"
                    }
                },
                {
                    "sampler": 30,
                    "target": {
                        "node": 19,
                        "path": "translation"
                    }
                },
                {
                    "sampler": 31,
                    "target": {
                        "node": 19,
                        "path": "rotation"
                    }
                },
                {
                    "sampler": 32,
                    "target": {
                        "node": 19,
                        "path": "scale"
                    }
                },
                {
                    "sampler": 33,
                    "target": {
                        "node": 20,
                        "path": "translation"
                    }
                },
                {
                    "sampler": 34,
                    "target": {
                        "node": 20,
                        "path": "rotation"
                    }
                },
                {
                    "sampler": 35,
                    "target": {
                        "node": 20,
                        "path": "scale"
                    }
                },
                {
                    "sampler": 36,
                    "target": {
                        "node": 15,
                        "path": "translation"
                    }
                },
                {
                    "sampler": 37,
                    "target": {
                        "node": 15,
                        "path": "rotation"
                    }
                },
                {
                    "sampler": 38,
                    "target": {
                        "node": 15,
                        "path": "scale"
                    }
                },
                {
                    "sampler": 39,
                    "target": {
                        "node": 8,
                        "path": "translation"
                    }
                },
                {
                    "sampler": 40,
                    "target": {
