{
    "asset": {
        "generator": "COLLADA2GLTF",
        "version": "2.0"
    },
    "scenes": [
        {
            "nodes": [
                0
            ]
        }
    ],
    "scene": 0,
    "nodes": [
        {
            "children": [
                48,
                1
            ],
            "name": "Y_UP"
        },
        {
            "children": [
                2
            ],
            "name": "CHARACTER"
        },
        {
            "children": [
                3
            ],
            "name": "Root"
        },
        {
            "children": [
                12,
                8,
                4
            ],
            "translation": [
                0.483830988407135,
                2.44569993019104,
                -0.5924369692802429
            ],
            "rotation": [
                -0.017870323732495309,
                0.07904773950576782,
                0.03737081587314606,
                -0.9960097670555116
            ],
            "scale": [
                0.9999999403953552,
                0.9999999403953552,
                1.0
            ],
            "name": "hips_s"
        },
        {
            "children": [
                5
            ],
            "translation": [
                -0.6579340100288391,
                -0.1610289961099625,
                0.1513260006904602
            ],
            "rotation": [
                0.22345688939094544,
                0.9077301025390624,
                -0.16135641932487489,
                0.31625381112098696
            ],
            "scale": [
                0.9999313354492188,
                0.999993622303009,
                0.9999284148216248
            ],
            "name": "R_upperLeg_s"
        },
        {
            "children": [
                6
            ],
            "translation": [
                -0.00962700042873621,
                -1.0123050212860108,
                -0.05726499855518341
            ],
            "rotation": [
                0.18162643909454349,
                -0.004736744798719883,
                0.007074357941746712,
                -0.9833309054374696
            ],
            "scale": [
                1.0000003576278689,
                1.000000238418579,
                1.0000004768371585
            ],
            "name": "R_lowerLeg_s"
        },
        {
            "children": [
                7
            ],
            "translation": [
                -0.020867999643087388,
                -0.987362027168274,
                0.1935420036315918
            ],
            "rotation": [
                0.03266499936580658,
                0.05791732296347618,
                0.9797345995903016,
                0.18879258632659913
            ],
            "scale": [
                0.9998919367790222,
                0.9998920559883118,
                0.9999997615814208
            ],
            "name": "R_ankle_s"
        },
        {
            "matrix": [
                -0.9999232292175292,
                0.0,
                0.0,
                0.0,
                0.0,
                -0.06295821815729141,
                0.997974932193756,
                0.0,
                0.0,
                0.997974932193756,
                0.06303504854440689,
                0.0,
                -0.0019389999797567728,
                0.5073440074920654,
                -0.484389990568161,
                1.0
            ],
            "name": "R_toes_s"
        },
        {
            "children": [
                9
            ],
            "translation": [
                0.6579340100288391,
                -0.1610330045223236,
                0.1513260006904602
            ],
            "rotation": [
                0.14948388934135438,
                0.2833426594734192,
                0.920956015586853,
                -0.22170361876487733
            ],
            "scale": [
                0.9998906254768372,
                0.9998970627784728,
                0.999987781047821
            ],
            "name": "L_upperLeg_s"
        },
        {
            "children": [
                10
            ],
            "translation": [
                0.009627999737858773,
                1.0122710466384888,
                0.05726499855518341
            ],
            "rotation": [
                0.4314369559288025,
                -0.016455315053462987,
                0.01667062565684319,
                -0.9018363356590272
            ],
            "scale": [
                1.000000238418579,
                0.999992609024048,
                0.9999919533729552
            ],
            "name": "L_lowerLeg_s"
        },
        {
            "children": [
                11
            ],
            "translation": [
                0.02086699940264225,
                0.9873420000076294,
                -0.19353899359703065
            ],
            "rotation": [
                0.01787039451301098,
                -0.145146980881691,
                0.9818875789642334,
                0.1202329993247986
            ],
            "scale": [
                0.999894082546234,
                0.9998962879180908,
                0.9999975562095642
            ],
            "name": "L_ankle_s"
        },
        {
            "matrix": [
                -0.9999232292175292,
                0.0,
                0.0,
                0.0,
                0.0,
                -0.06295821815729141,
                0.997974932193756,
                0.0,
                0.0,
                0.997974932193756,
                0.06303504854440689,
                0.0,
                0.0019389999797567728,
                -0.5073440074920654,
                0.484389990568161,
                1.0
            ],
            "name": "L_toes_s"
        },
        {
            "children": [
                13
            ],
            "translation": [
                0.008444000035524369,
                0.381303995847702,
                0.06486299633979798
            ],
            "rotation": [
                -0.05776233598589897,
                -0.02094576321542263,
                0.010395987890660765,
                -0.9980564713478088
            ],
            "scale": [
                1.0,
                1.0,
                0.9999998211860656
            ],
            "name": "spine_lower_s"
        },
        {
            "children": [
                14
            ],
            "translation": [
                0.009902000427246094,
                0.4368090033531189,
                0.06721500307321549
            ],
            "rotation": [
                0.08390670269727707,
                -0.030849864706397058,
                0.003875455819070339,
                -0.9959883689880372
            ],
            "scale": [
                1.000000238418579,
                0.9999995827674866,
                0.9999998211860656
            ],
            "name": "spine_upper_s"
        },
        {
            "children": [
                42,
                29,
                16,
                15
            ],
            "translation": [
                -0.010347999632358553,
                0.3719559907913208,
                -0.10464400053024292
            ],
            "rotation": [
                0.3345439434051514,
                -0.016793321818113328,
                -0.016239697113633157,
                -0.942086696624756
            ],
            "scale": [
                0.9999998211860656,
                0.9999871253967284,
                0.9999871850013732
            ],
            "name": "chest_s"
        },
        {
            "translation": [
                -0.35768499970436098,
                0.03020700067281723,
                -1.126039981842041
            ],
            "rotation": [
                -0.1507341265678406,
                -0.05816805362701416,
                0.015999071300029756,
                -0.943648397922516
            ],
            "scale": [
                0.890228271484375,
                0.8902275562286377,
                0.8902273774147034
            ],
            "name": "back_item_01_s"
        },
        {
            "children": [
                17
            ],
            "matrix": [
                0.9095727801322936,
                -0.41546830534935,
                -0.007624955847859383,
                0.0,
                -0.3961333632469177,
                -0.8724315166473389,
                0.2860485911369324,
                0.0,
                -0.12550050020217896,
                -0.2571604251861572,
                -0.9581201076507568,
                0.0,
                -0.08727200329303742,
                0.7641400098800659,
                0.5624899864196777,
                1.0
            ],
            "name": "R_clavicle_s"
        },
        {
            "children": [
                18
            ],
            "translation": [
                -1.388761043548584,
                -0.02105999924242497,
                0.7743979692459106
            ],
            "rotation": [
                0.6849191188812256,
                0.6177128553390503,
                0.043030355125665668,
                -0.3839521408081055
            ],
            "scale": [
                0.9999643564224244,
                0.999957263469696,
                0.9999220371246338
            ],
            "name": "R_shoulder_s"
        },
        {
            "children": [
                19
            ],
            "matrix": [
                0.8561041355133057,
                -0.15371766686439518,
                0.4934040307998657,
                0.0,
                0.1343534141778946,
                0.9881118535995485,
                0.07472409307956696,
                0.0,
                -0.4990251064300537,
                0.0023211839143186809,
                0.8665799498558044,
                0.0,
                -0.04414099827408791,
                -1.0803179740905762,
                -0.09015899896621704,
                1.0
            ],
            "name": "R_elbow_s"
        },
        {
            "children": [
                20
            ],
            "matrix": [
                0.8022862076759338,
                0.006828566547483206,
                -0.5968831777572632,
                0.0,
                0.025274574756622316,
                0.998649001121521,
                0.045394353568553928,
                0.0,
                0.5963869094848633,
                -0.05150556564331055,
                0.8010298609733582,
                0.0,
                -0.07460999488830567,
                -0.5691319704055786,
                0.024601999670267106,
                1.0
            ],
            "name": "R_forearm_twist_s"
        },
        {
            "children": [
                27,
                25,
                23,
                21
            ],
            "matrix": [
                0.8892267346382141,
                0.3119866251945496,
                -0.3345624506473541,
                0.0,
                0.22488008439540864,
                0.33878546953201296,
                0.913565456867218,
                0.0,
                0.3983675539493561,
                -0.887601912021637,
                0.23109759390354157,
                0.0,
                -0.07843100279569626,
                -0.5691319704055786,
                0.004532000049948692,
                1.0
            ],
            "name": "R_wrist_s"
        },
        {
            "children": [
                22
            ],
            "matrix": [
                -0.08309253305196762,
                0.8355017304420471,
                0.5430970788002014,
                0.0,
                -0.9945567846298218,
                -0.10357117652893068,
                0.0071589648723602299,
                0.0,
                0.06225212663412094,
                -0.53956538438797,
                0.8396326899528503,
                0.0,
                -0.450643002986908,
                -1.1280139684677125,
                0.841044008731842,
                1.0
            ],
            "name": "R_gunbone_01_s"
        },
        {
            "matrix": [
                0.7308859825134277,
                0.0,
                0.6824871301651001,
                0.0,
                -0.0,
                1.0,
                0.0,
                0.0,
                -0.6824871301651001,
                -0.0,
                0.7308859825134277,
                0.0,
                -0.003909999970346689,
                0.9818599820137024,
                0.00240299990400672,
                1.0
            ],
            "name": "R_gunbone_02_s"
        },
        {
            "children": [
                24
            ],
            "matrix": [
                0.6579297780990601,
                0.657108724117279,
                0.3678651452064514,
                0.0,
                0.4661459922790528,
                0.02831541933119297,
                -0.8842372894287109,
                0.0,
                -0.591460108757019,
                0.7532432675361633,
                -0.2876788079738617,
                0.0,
                -0.5908610224723816,
                -0.24251799285411836,
                0.2412559986114502,
                1.0
            ],
            "name": "R_thumb_01_s"
        },
        {
            "matrix": [
                0.981936514377594,
                0.15279297530651093,
                -0.11159861832857132,
                0.0,
                -0.18388907611370088,
                0.909534990787506,
                -0.37272849678993227,
                0.0,
                0.04455070197582245,
                0.3865175247192383,
                0.9212026000022888,
                0.0,
                -0.13509799540042878,
                -0.6423400044441223,
                -0.09767500311136246,
                1.0
            ],
            "name": "R_thumb_02_s"
        },
        {
            "children": [
                26
            ],
            "matrix": [
                -0.9087182283401488,
                0.18436777591705326,
                -0.3743459284305573,
                0.0,
                -0.03192036971449852,
                0.863760232925415,
                0.5028823614120483,
                0.0,
                0.4160618484020233,
                0.46895480155944826,
                -0.7790229320526123,
                0.0,
                -0.7842450141906738,
                -0.9866470098495485,
                0.1730169951915741,
                1.0
            ],
            "name": "R_index_01_s"
        },
        {
            "matrix": [
                0.9829124212265016,
                -0.062483061105012897,
                -0.17313909530639649,
                0.0,
                0.12713755667209626,
                0.9106571674346924,
                0.3931085169315338,
                0.0,
                0.1331065148115158,
                -0.40840423107147219,
                0.9030405879020692,
                0.0,
                0.0563570000231266,
                -0.413114994764328,
                -0.26550599932670596,
                1.0
            ],
            "name": "R_index_02_s"
        },
        {
            "children": [
                28
            ],
            "matrix": [
                -0.9670488834381104,
                -0.18030543625354768,
                -0.17949901521205906,
                0.0,
                -0.1880871653556824,
                0.981776237487793,
                0.027175432071089746,
                0.0,
                0.17132775485515598,
                0.0600433275103569,
                -0.9833384156227112,
                0.0,
                -0.07019200176000595,
                -1.1375499963760377,
                0.029353000223636628,
                1.0
            ],
            "name": "R_middle_01_s"
        },
        {
            "matrix": [
                0.995250165462494,
                -0.06254841387271881,
                -0.07459460198879242,
                0.0,
                0.08648774772882462,
                0.9198457598686218,
                0.382622629404068,
                0.0,
                0.04468249902129173,
                -0.38725683093070986,
                0.9208863973617554,
                0.0,
                -0.013473999686539172,
                -0.3895759880542755,
                -0.26023900508880618,
                1.0
            ],
            "name": "R_middle_02_s"
        },
        {
            "children": [
                30
            ],
            "matrix": [
                0.9142564535140992,
                0.2568108141422272,
                -0.3133372366428375,
                0.0,
                -0.28033217787742617,
                0.9593805074691773,
                -0.03164548799395561,
                0.0,
                0.29248207807540896,
                0.1167723760008812,
                0.9491132497787476,
                0.0,
                0.2667390108108521,
                0.6917889714241028,
                0.4515939950942993,
                1.0
            ],
            "name": "L_clavicle_s"
        },
        {
            "children": [
                31
            ],
            "translation": [
                1.3887579441070557,
                0.02105100080370903,
                -0.7743979692459106
            ],
            "rotation": [
                0.527069091796875,
                0.6551453471183777,
                0.2524309456348419,
                -0.4787483811378479
            ],
            "scale": [
                0.9999396800994872,
                0.9999579191207886,
                0.999913215637207
            ],
            "name": "L_shoulder_s"
        },
        {
            "children": [
                32
            ],
            "matrix": [
                0.9970738887786864,
                0.02504553459584713,
                -0.07222817838191986,
                0.0,
                -0.0260966457426548,
                0.9995662569999696,
                -0.013645640574395657,
                0.0,
                0.0718550831079483,
                0.015490647405385973,
                0.9972949624061585,
                0.0,
                0.053978998214006427,
                1.0826499462127686,
                0.04604199901223183,
                1.0
            ],
            "name": "L_elbow_s"
        },
        {
            "children": [
                33
            ],
            "matrix": [
                0.979067087173462,
                -0.011354733258485794,
                0.2032164037227631,
                0.0,
                0.015323631465435028,
                0.9997209310531616,
                -0.017966674640774728,
                0.0,
                -0.20295573770999909,
                0.02070472575724125,
                0.9789682626724244,
                0.0,
                0.06712999939918518,
                0.5685269832611084,
                0.04849699884653092,
                1.0
            ],
            "name": "L_forearm_twist_s"
        },
        {
            "children": [
                40,
                38,
                36,
                34
            ],
            "matrix": [
                0.9368878602981569,
                -0.03576928749680519,
                0.3477899432182312,
                0.0,
                -0.25993144512176516,
                0.5940215587615967,
                0.7612845301628113,
                0.0,
                -0.23382264375686649,
                -0.8036410212516785,
                0.5472345352172852,
                0.0,
                0.06910800188779831,
                0.5685269832611084,
                0.04563400149345398,
                1.0
            ],
            "name": "L_wrist_s"
        },
        {
            "children": [
                35
            ],
            "matrix": [
                -0.083092600107193,
                0.8355024456977844,
                0.5430974960327148,
                0.0,
                0.9945567846298218,
                0.10364234447479248,
                -0.0071589648723602299,
                0.0,
                -0.06225213408470154,
                0.5395654439926148,
                -0.8395615816116333,
                0.0,
                0.4506849944591522,
                1.1191999912261963,
                -0.962686002254486,
                1.0
            ],
            "name": "L_gunbone_01_s"
        },
        {
            "matrix": [
                -0.23469026386737824,
                0.0,
                -0.9719952344894408,
                0.0,
                0.0,
                1.0,
                0.0,
                0.0,
                0.9719952344894408,
                0.0,
                -0.23469026386737824,
                0.0,
                0.003903999924659729,
                0.9818649888038636,
                0.00240299990400672,
                1.0
            ],
            "name": "L_gunbone_02_s"
        },
        {
            "children": [
                37
            ],
            "matrix": [
                0.6579301953315735,
                0.6571091413497925,
                0.3678653538227082,
                0.0,
                0.4661459922790528,
                0.02831541933119297,
                -0.8842372894287109,
                0.0,
                -0.5914601683616638,
                0.7532433271408081,
                -0.2876788377761841,
                0.0,
                0.5908610224723816,
                0.2425149977207184,
                -0.2412550002336502,
                1.0
            ],
            "name": "L_thumb_01_s"
        },
        {
            "matrix": [
                0.9819363355636596,
                0.15279294550418857,
                -0.11159860342741013,
                0.0,
                -0.1838890165090561,
                0.9095346927642822,
                -0.3727284073829651,
                0.0,
                0.04455075040459633,
                0.38651788234710696,
                0.9212034344673156,
                0.0,
                0.1351040005683899,
                0.6423410177230835,
                0.09768199920654296,
                1.0
            ],
            "name": "L_thumb_02_s"
        },
        {
            "children": [
                39
            ],
            "matrix": [
                -0.9087178111076356,
                0.18436770141124729,
                -0.3743457496166229,
                0.0,
                -0.03192038834095001,
                0.8637607097625732,
                0.5028826594352722,
                0.0,
                0.4160616099834442,
                0.468954473733902,
                -0.7790223360061646,
                0.0,
                0.7842450141906738,
                0.986648976802826,
                -0.1730159968137741,
                1.0
            ],
            "name": "L_index_01_s"
        },
        {
            "matrix": [
                0.9829129576683044,
                -0.06247826293110848,
                -0.1731421798467636,
                0.0,
                0.12714239954948426,
                0.9106320142745972,
                0.3931684792041779,
                0.0,
                0.13310354948043824,
                -0.4084642231464386,
                0.903015434741974,
                0.0,
                -0.0563570000231266,
                0.41310998797416689,
                0.26552000641822817,
                1.0
            ],
            "name": "L_index_02_s"
        },
        {
            "children": [
                41
            ],
            "matrix": [
                -0.9670493602752686,
                -0.18030552566051484,
                -0.1794990748167038,
                0.0,
                -0.1880871802568436,
                0.9817762970924376,
                0.027175435796380044,
                0.0,
                0.17132775485515598,
                0.0600433349609375,
                -0.9833385348320008,
                0.0,
                0.07019200176000595,
                1.137557029724121,
                -0.029357999563217164,
                1.0
            ],
            "name": "L_middle_01_s"
        },
        {
            "matrix": [
                0.995250165462494,
                -0.06254841387271881,
                -0.07459460198879242,
                0.0,
                0.08648773282766342,
                0.9198455810546876,
                0.3826225697994232,
                0.0,
                0.04468253254890442,
                -0.3872571289539337,
                0.9208871126174928,
                0.0,
                0.013473999686539172,
                0.3895669877529145,
                0.2602350115776062,
                1.0
            ],
            "name": "L_middle_02_s"
        },
        {
            "children": [
                43
            ],
            "translation": [
                0.0,
                1.349197030067444,
                -0.09887100011110306
            ],
            "rotation": [
                -0.2771587371826172,
                -0.0,
                -0.0,
                -0.9608235359191896
            ],
            "scale": [
                1.0,
                0.999997854232788,
                0.999997854232788
            ],
            "name": "neck_s"
        },
        {
            "children": [
                47,
                46,
                45,
                44
            ],
            "translation": [
                0.17599499225616456,
                1.40180504322052,
                -0.141977995634079
            ],
            "rotation": [
                -0.0,
                -0.0,
                -0.0,
                -1.0
            ],
            "name": "head_s"
        },
        {
            "matrix": [
                0.5,
                0.0,
                0.0,
                0.0,
                0.0,
                0.5,
                0.0,
                0.0,
                0.0,
                0.0,
                0.5,
                0.0,
                -0.014702999964356425,
                2.5891530513763429,
                0.2612150013446808,
                1.0
            ],
            "name": "companion_s"
        },
        {
            "matrix": [
                1.0,
                0.0,
                0.0,
                0.0,
                0.0,
                1.0,
                0.0,
                0.0,
                0.0,
                0.0,
                1.0,
                0.0,
                -0.8209559917449951,
                1.295078992843628,
                1.7035839557647706,
                1.0
            ],
            "name": "R_eyebrow_s"
        },
        {
            "matrix": [
                1.0,
                0.0,
                0.0,
                0.0,
                0.0,
                1.0,
                0.0,
                0.0,
                0.0,
                0.0,
                1.0,
                0.0,
                0.8209559917449951,
                1.2950819730758668,
                1.7035859823226929,
                1.0
            ],
            "name": "L_eyebrow_s"
        },
        {
            "translation": [
                -0.014702999964356425,
                1.7083059549331666,
                0.024480000138282777
            ],
            "rotation": [
                0.08925949037075043,
                -0.0,
                -0.0,
                -0.9960084557533264
            ],
            "scale": [
                1.0,
                1.0000001192092896,
                1.0000001192092896
            ],
            "name": "hat_01_s"
        },
        {
            "children": [
                54,
                53,
                52,
                51,
                50,
                49
            ],
            "name": "dynamike_GEO"
        },
        {
            "mesh": 0,
            "skin": 0,
            "name": "barrel_GEO"
        },
        {
            "mesh": 1,
            "skin": 1,
            "name": "L_dynamite_GEO"
        },
        {
            "mesh": 2,
            "skin": 2,
            "name": "R_dynamite_GEO"
        },
        {
            "mesh": 3,
            "skin": 3,
            "name": "bird_GEO"
        },
        {
            "mesh": 4,
            "skin": 4,
            "name": "hat_GEO"
        },
        {
            "mesh": 5,
            "skin": 5,
            "name": "main_GEO"
        }
    ],
    "meshes": [
        {
            "primitives": [
                {
                    "attributes": {
                        "JOINTS_0": 1,
                        "NORMAL": 2,
                        "POSITION": 3,
                        "WEIGHTS_0": 4
                    },
                    "indices": 0,
                    "mode": 4,
                    "material": 0
                }
            ],
            "name": "barrel_GEO-mesh"
        },
        {
            "primitives": [
                {
                    "attributes": {
                        "JOINTS_0": 6,
                        "NORMAL": 7,
                        "POSITION": 8,
                        "WEIGHTS_0": 9
                    },
                    "indices": 5,
                    "mode": 4,
                    "material": 0
                }
            ],
            "name": "L_dynamite_GEO-mesh"
        },
        {
            "primitives": [
                {
                    "attributes": {
                        "JOINTS_0": 11,
                        "NORMAL": 12,
                        "POSITION": 13,
                        "WEIGHTS_0": 14
                    },
                    "indices": 10,
                    "mode": 4,
                    "material": 0
                }
            ],
            "name": "R_dynamite_GEO-mesh"
        },
        {
            "primitives": [
                {
                    "attributes": {
                        "JOINTS_0": 16,
                        "NORMAL": 17,
                        "POSITION": 18,
                        "WEIGHTS_0": 19
                    },
                    "indices": 15,
                    "mode": 4,
                    "material": 0
                }
            ],
            "name": "bird_GEO-mesh"
        },
        {
            "primitives": [
                {
                    "attributes": {
                        "JOINTS_0": 21,
                        "NORMAL": 22,
                        "POSITION": 23,
                        "WEIGHTS_0": 24
                    },
                    "indices": 20,
                    "mode": 4,
                    "material": 0
                }
            ],
            "name": "hat_GEO-mesh"
        },
        {
            "primitives": [
                {
                    "attributes": {
                        "JOINTS_0": 26,
                        "NORMAL": 27,
                        "POSITION": 28,
                        "WEIGHTS_0": 29
                    },
                    "indices": 25,
                    "mode": 4,
                    "material": 0
                }
            ],
            "name": "main_GEO-mesh"
        }
    ],
    "animations": [
        {
            "channels": [
                {
                    "sampler": 0,
                    "target": {
                        "node": 3,
                        "path": "translation"
                    }
                },
                {
                    "sampler": 1,
                    "target": {
                        "node": 3,
                        "path": "rotation"
                    }
                },
                {
                    "sampler": 2,
                    "target": {
                        "node": 3,
                        "path": "scale"
                    }
                },
                {
                    "sampler": 3,
                    "target": {
                        "node": 12,
                        "path": "translation"
                    }
                },
                {
                    "sampler": 4,
                    "target": {
                        "node": 12,
                        "path": "rotation"
                    }
                },
                {
                    "sampler": 5,
                    "target": {
                        "node": 12,
                        "path": "scale"
                    }
                },
                {
                    "sampler": 6,
                    "target": {
                        "node": 13,
                        "path": "translation"
                    }
                },
                {
                    "sampler": 7,
                    "target": {
                        "node": 13,
                        "path": "rotation"
                    }
                },
                {
                    "sampler": 8,
                    "target": {
                        "node": 13,
                        "path": "scale"
                    }
                },
                {
                    "sampler": 9,
                    "target": {
                        "node": 14,
                        "path": "translation"
                    }
                },
                {
                    "sampler": 10,
                    "target": {
                        "node": 14,
                        "path": "rotation"
                    }
                },
                {
                    "sampler": 11,
                    "target": {
                        "node": 14,
                        "path": "scale"
                    }
                },
                {
                    "sampler": 12,
                    "target": {
                        "node": 42,
                        "path": "translation"
                    }
                },
                {
                    "sampler": 13,
                    "target": {
                        "node": 42,
                        "path": "rotation"
                    }
                },
                {
                    "sampler": 14,
                    "target": {
                        "node": 42,
                        "path": "scale"
                    }
                },
                {
                    "sampler": 15,
                    "target": {
                        "node": 43,
                        "path": "translation"
                    }
                },
                {
                    "sampler": 16,
                    "target": {
                        "node": 43,
                        "path": "rotation"
                    }
                },
                {
                    "sampler": 17,
                    "target": {
                        "node": 43,
                        "path": "scale"
                    }
                },
                {
                    "sampler": 18,
                    "target": {
                        "node": 47,
                        "path": "translation"
                    }
                },
                {
                    "sampler": 19,
                    "target": {
                        "node": 47,
                        "path": "rotation"
                    }
                },
                {
                    "sampler": 20,
                    "target": {
                        "node": 47,
                        "path": "scale"
                    }
                },
                {
                    "sampler": 21,
                    "target": {
                        "node": 30,
                        "path": "translation"
                    }
                },
                {
                    "sampler": 22,
                    "target": {
                        "node": 30,
                        "path": "rotation"
                    }
                },
                {
                    "sampler": 23,
                    "target": {
                        "node": 30,
                        "path": "scale"
                    }
                },
                {
                    "sampler": 24,
                    "target": {
                        "node": 17,
                        "path": "translation"
                    }
                },
                {
                    "sampler": 25,
                    "target": {
                        "node": 17,
                        "path": "rotation"
                    }
                },
                {
                    "sampler": 26,
                    "target": {
                        "node": 17,
                        "path": "scale"
                    }
                },
                {
                    "sampler": 27,
                    "target": {
                        "node": 15,
                        "path": "translation"
                    }
                },
                {
                    "sampler": 28,
                    "target": {
                        "node": 15,
                        "path": "rotation"
                    }
                },
                {
                    "sampler": 29,
                    "target": {
                        "node": 15,
                        "path": "scale"
                    }
                },
                {
                    "sampler": 30,
                    "target": {
                        "node": 8,
                        "path": "translation"
                    }
                },
                {
                    "sampler": 31,
                    "target": {
                        "node": 8,
                        "path": "rotation"
                    }
                },
                {
                    "sampler": 32,
                    "target": {
                        "node": 8,
                        "path": "scale"
                    }
                },
                {
                    "sampler": 33,
                    "target": {
                        "node": 9,
                        "path": "translation"
                    }
                },
                {
                    "sampler": 34,
                    "target": {
                        "node": 9,
                        "path": "rotation"
                    }
                },
                {
                    "sampler": 35,
                    "target": {
                        "node": 9,
                        "path": "scale"
                    }
                },
                {
                    "sampler": 36,
                    "target": {
                        "node": 10,
                        "path": "translation"
                    }
                },
                {
                    "sampler": 37,
                    "target": {
                        "node": 10,
                        "path": "rotation"
                    }
                },
                {
                    "sampler": 38,
                    "target": {
                        "node": 10,
                        "path": "scale"
                    }
                },
                {
                    "sampler": 39,
                    "target": {
                        "node": 4,
                        "path": "translation"
                    }
                },
                {
