{
    "asset": {
        "generator": "COLLADA2GLTF",
        "version": "2.0"
    },
    "scenes": [
        {
            "nodes": [
                0
            ]
        }
    ],
    "scene": 0,
    "nodes": [
        {
            "children": [
                6,
                1
            ],
            "name": "Y_UP"
        },
        {
            "children": [
                5,
                4,
                3,
                2
            ],
            "name": "jessie_GEO"
        },
        {
            "mesh": 0,
            "skin": 0,
            "name": "jessie_backpack"
        },
        {
            "mesh": 1,
            "skin": 1,
            "name": "jessie_main"
        },
        {
            "mesh": 2,
            "skin": 2,
            "name": "jessie_hat"
        },
        {
            "mesh": 3,
            "skin": 3,
            "name": "jessie_gun"
        },
        {
            "children": [
                7
            ],
            "name": "CHARACTER"
        },
        {
            "children": [
                8
            ],
            "name": "Root"
        },
        {
            "children": [
                17,
                13,
                9
            ],
            "translation": [
                -0.04896099865436554,
                1.8369120359420777,
                -0.5398880243301392
            ],
            "rotation": [
                -0.07941675931215286,
                0.04044657200574875,
                -0.037801384925842288,
                -0.9953028559684752
            ],
            "scale": [
                0.9999999403953552,
                0.999999225139618,
                0.999999701976776
            ],
            "name": "hips_s"
        },
        {
            "children": [
                10
            ],
            "translation": [
                -0.589477002620697,
                0.009537000209093094,
                -0.002481000032275915
            ],
            "rotation": [
                -0.018239492550492288,
                0.8392013907432556,
                -0.5426018238067627,
                -0.031157858669757844
            ],
            "scale": [
                0.9999588131904602,
                0.999987781047821,
                0.9999706745147704
            ],
            "name": "R_upperLeg_s"
        },
        {
            "children": [
                11
            ],
            "translation": [
                0.030110999941825868,
                -1.1667159795761109,
                -0.09245199710130692
            ],
            "rotation": [
                0.6764978766441345,
                -0.09140949696302414,
                0.07498528063297272,
                -0.7268686890602112
            ],
            "scale": [
                0.9999988675117492,
                0.9999644160270692,
                0.9999647736549376
            ],
            "name": "R_lowerLeg_s"
        },
        {
            "children": [
                12
            ],
            "translation": [
                -0.014629999175667765,
                -1.2101730108261109,
                0.21041199564933778
            ],
            "rotation": [
                -0.1175263449549675,
                -0.2591668963432312,
                0.9565431475639344,
                -0.06323844939470291
            ],
            "scale": [
                0.9999095797538756,
                0.9999138116836548,
                0.9999924898147584
            ],
            "name": "R_ankle_s"
        },
        {
            "matrix": [
                -0.9999232292175292,
                0.0,
                0.0,
                0.0,
                0.0,
                -0.06295821815729141,
                0.997974932193756,
                0.0,
                0.0,
                0.997974932193756,
                0.06303504854440689,
                0.0,
                -0.0019389999797567728,
                0.17791500687599186,
                -0.27876999974250796,
                1.0
            ],
            "name": "R_toes_s"
        },
        {
            "children": [
                14
            ],
            "translation": [
                0.589477002620697,
                0.009541000239551068,
                -0.002480000024661422
            ],
            "rotation": [
                0.061454493552446368,
                0.6970071196556091,
                0.7142623662948608,
                0.013871864415705204
            ],
            "scale": [
                0.9999176859855652,
                0.9999576210975648,
                0.9999595284461976
            ],
            "name": "L_upperLeg_s"
        },
        {
            "children": [
                15
            ],
            "translation": [
                -0.030110999941825868,
                1.166720986366272,
                0.09245199710130692
            ],
            "rotation": [
                0.7152810096740723,
                -0.10383506119251253,
                0.07606162875890732,
                -0.686852216720581
            ],
            "scale": [
                0.9999985694885254,
                0.999963104724884,
                0.999962568283081
            ],
            "name": "L_lowerLeg_s"
        },
        {
            "children": [
                16
            ],
            "translation": [
                0.014629999175667765,
                1.2101719379425049,
                -0.21041299402713777
            ],
            "rotation": [
                -0.13087527453899384,
                -0.10995981842279434,
                0.9852709770202636,
                -0.004152325447648764
            ],
            "scale": [
                0.9999919533729552,
                0.9999912977218628,
                0.999999225139618
            ],
            "name": "L_ankle_s"
        },
        {
            "matrix": [
                -0.9999232292175292,
                0.0,
                0.0,
                0.0,
                0.0,
                -0.06295821815729141,
                0.997974932193756,
                0.0,
                0.0,
                0.997974932193756,
                0.06303504854440689,
                0.0,
                0.0019389999797567728,
                -0.17791500687599186,
                0.27876999974250796,
                1.0
            ],
            "name": "L_toes_s"
        },
        {
            "children": [
                18
            ],
            "matrix": [
                0.975114107131958,
                -0.21291734278202058,
                0.06178661435842514,
                0.0,
                0.21377183496952058,
                0.9768545627593994,
                -0.007487817667424679,
                0.0,
                -0.05876226723194122,
                0.02050985023379326,
                0.9980615377426148,
                0.0,
                0.048461999744176868,
                0.5487579703330994,
                0.07357499748468399,
                1.0
            ],
            "name": "spine_lower_s"
        },
        {
            "children": [
                19
            ],
            "matrix": [
                0.9946960210800172,
                -0.04044598340988159,
                0.09457077831029892,
                0.0,
                0.04027697816491127,
                0.999181628227234,
                0.003695955267176032,
                0.0,
                -0.09464290738105774,
                0.0001328412035945803,
                0.9955112934112548,
                0.0,
                0.01865299977362156,
                0.615884006023407,
                0.02731500007212162,
                1.0
            ],
            "name": "spine_upper_s"
        },
        {
            "children": [
                47,
                36,
                23,
                20
            ],
            "matrix": [
                0.9933711290359496,
                0.0713353306055069,
                0.09013719111680985,
                0.0,
                -0.07236921042203903,
                0.9973438382148744,
                0.008249766193330288,
                0.0,
                -0.08930926024913788,
                -0.01471839752048254,
                0.9958953261375428,
                0.0,
                -0.02438800036907196,
                0.6031709909439087,
                0.007786000147461891,
                1.0
            ],
            "name": "chest_s"
        },
        {
            "children": [
                21
            ],
            "translation": [
                0.07563100010156632,
                0.12855899333953858,
                -1.2315369844436646
            ],
            "rotation": [
                0.9824719429016112,
                0.09301219880580902,
                -0.03531017526984215,
                -0.1575424373149872
            ],
            "scale": [
                0.9999996423721314,
                0.9999396800994872,
                0.9999391436576844
            ],
            "name": "back_item_01_s"
        },
        {
            "children": [
                22
            ],
            "matrix": [
                1.0,
                0.0,
                -0.0,
                0.0,
                -0.0,
                0.9811540842056274,
                -0.1932257115840912,
                0.0,
                0.0,
                0.1932257115840912,
                0.9811540842056274,
                0.0,
                -0.0,
                0.7762179970741272,
                0.08149900287389755,
                1.0
            ],
            "name": "back_item_02_s"
        },
        {
            "matrix": [
                1.0,
                0.0,
                0.0,
                0.0,
                0.0,
                1.0,
                0.0,
                0.0,
                0.0,
                0.0,
                1.0,
                0.0,
                0.0,
                0.8125649690628052,
                0.037960998713970187,
                1.0
            ],
            "name": "back_item_03_s"
        },
        {
            "children": [
                24
            ],
            "translation": [
                -0.5908939838409424,
                0.27844899892807009,
                -0.0003859999997075647
            ],
            "rotation": [
                0.9876394271850586,
                -0.15640442073345185,
                0.004675216972827911,
                -0.00861224066466093
            ],
            "scale": [
                0.9999997615814208,
                0.9999801516532898,
                0.9999802112579346
            ],
            "name": "R_clavicle_s"
        },
        {
            "children": [
                25
            ],
            "matrix": [
                -0.8180440664291382,
                -0.20983953773975373,
                0.5354271531105042,
                0.0,
                0.48162809014320376,
                -0.758720338344574,
                0.43851009011268618,
                0.0,
                0.31424370408058169,
                0.6166235208511353,
                0.7218126058578491,
                0.0,
                -0.4158650040626526,
                0.025919999927282338,
                0.3447510004043579,
                1.0
            ],
            "name": "R_shoulder_s"
        },
        {
            "children": [
                26
            ],
            "matrix": [
                0.5622478127479553,
                -0.6982969045639038,
                0.4429531991481781,
                0.0,
                0.7535922527313232,
                0.6532188653945923,
                0.07323191314935684,
                0.0,
                -0.340476930141449,
                0.2926530838012696,
                0.8935415744781494,
                0.0,
                0.02248699963092804,
                -1.2898739576339722,
                -0.13467800617218018,
                1.0
            ],
            "name": "R_elbow_s"
        },
        {
            "children": [
                27
            ],
            "translation": [
                -0.0035570000763982536,
                -0.6030979752540588,
                0.030295999720692636
            ],
            "rotation": [
                0.019193010404706,
                0.0766797587275505,
                -0.04509127140045166,
                -0.9958506226539612
            ],
            "scale": [
                0.9999995231628418,
                0.9999998807907105,
                0.9999995827674866
            ],
            "name": "R_forearm_twist_s"
        },
        {
            "children": [
                34,
                32,
                30,
                28
            ],
            "translation": [
                -0.054885998368263248,
                -0.6012589931488037,
                0.011556999757885932
            ],
            "rotation": [
                0.12942694127559666,
                0.037893060594797137,
                0.06299105286598206,
                -0.988860011100769
            ],
            "scale": [
                0.9999998807907105,
                0.9999980926513672,
                0.9999988675117492
            ],
            "name": "R_wrist_s"
        },
        {
            "children": [
                29
            ],
            "matrix": [
                -0.6974974274635315,
                0.7079808115959168,
                -0.11030008643865586,
                0.0,
                0.711654007434845,
                0.7024688124656677,
                0.008322911337018013,
                0.0,
                0.08337406814098358,
                -0.07269206643104553,
                -0.9938074350357056,
                0.0,
                -1.6235090494155884,
                -0.8900290131568909,
                0.8098509907722473,
                1.0
            ],
            "name": "R_gunbone_01_s"
        },
        {
            "matrix": [
                0.9546059370040894,
                -0.29725244641304018,
                -0.019083715975284578,
                0.0,
                0.2939956784248352,
                0.9505643248558044,
                -0.09995079040527344,
                0.0,
                0.047852326184511188,
                0.0898025780916214,
                0.9948094487190248,
                0.0,
                -0.06880199909210205,
                -0.36998599767684939,
                -0.0006380000268109143,
                1.0
            ],
            "name": "R_gunbone_02_s"
        },
        {
            "children": [
                31
            ],
            "matrix": [
                0.04735095053911209,
                0.9602606296539308,
                0.2749203443527222,
                0.0,
                0.9896629452705384,
                -0.007802723441272974,
                -0.14291633665561677,
                0.0,
                -0.13508622348308564,
                0.2788512408733368,
                -0.950703740119934,
                0.0,
                -0.5170609951019287,
                -0.2468709945678711,
                0.2960729897022248,
                1.0
            ],
            "name": "R_thumb_01_s"
        },
        {
            "matrix": [
                0.984641134738922,
                0.12456563860177994,
                -0.12232641875743866,
                0.0,
                -0.1469247341156006,
                0.9696970582008362,
                -0.1951851546764374,
                0.0,
                0.09430518001317978,
                0.21016092598438264,
                0.9731072187423706,
                0.0,
                -0.09911300241947174,
                -0.28526800870895388,
                -0.01285600010305643,
                1.0
            ],
            "name": "R_thumb_02_s"
        },
        {
            "children": [
                33
            ],
            "matrix": [
                -0.9870759844779968,
                0.06381000578403473,
                0.14652828872203828,
                0.0,
                -0.015127654187381268,
                0.8754181265830994,
                -0.4831209182739258,
                0.0,
                -0.1591019332408905,
                -0.4791274070739746,
                -0.8631303906440735,
                0.0,
                -0.4708789885044098,
                -0.688385009765625,
                0.15101400017738346,
                1.0
            ],
            "name": "R_index_01_s"
        },
        {
            "matrix": [
                0.9997650980949402,
                0.0024505339097231628,
                -0.02154664695262909,
                0.0,
                -0.001608415273949504,
                0.9992371201515198,
                0.03901240974664688,
                0.0,
                0.021625811234116559,
                -0.03896858915686608,
                0.9990063309669496,
                0.0,
                0.09527000039815904,
                -0.276854008436203,
                -0.14759500324726106,
                1.0
            ],
            "name": "R_index_02_s"
        },
        {
            "children": [
                35
            ],
            "matrix": [
                -0.9978201389312744,
                -0.013373960740864276,
                0.06427351385354996,
                0.0,
                -0.055786993354558948,
                0.6888518929481506,
                -0.7227470278739929,
                0.0,
                -0.034608595073223117,
                -0.7247735857963562,
                -0.6880892515182495,
                0.0,
                -0.03312100097537041,
                -0.7458789944648743,
                0.11145500093698502,
                1.0
            ],
            "name": "R_middle_01_s"
        },
        {
            "matrix": [
                0.9935259222984314,
                0.07220717519521713,
                -0.08770336955785752,
                0.0,
                0.025729814544320108,
                0.6089483499526978,
                0.7927644848823547,
                0.0,
                0.1106514185667038,
                -0.7898886203765869,
                0.6031481027603149,
                0.0,
                0.04024700075387955,
                -0.27157801389694216,
                -0.18490999937057496,
                1.0
            ],
            "name": "R_middle_02_s"
        },
        {
            "children": [
                37
            ],
            "translation": [
                0.5777400135993958,
                0.28790900111198428,
                0.07419999688863754
            ],
            "rotation": [
                0.1510822027921677,
                0.0740031823515892,
                -0.03232641890645027,
                -0.9852169156074524
            ],
            "scale": [
                0.9999996423721314,
                0.9999996423721314,
                0.9999991655349731
            ],
            "name": "L_clavicle_s"
        },
        {
            "children": [
                38
            ],
            "matrix": [
                -0.5972631573677063,
                -0.0011151278158649805,
                0.8020303845405579,
                0.0,
                0.21706920862197877,
                -0.9628889560699464,
                0.16031205654144288,
                0.0,
                0.772098183631897,
                0.2698475122451782,
                0.575361430644989,
                0.0,
                0.41586199402809145,
                -0.025923999026417733,
                -0.3447510004043579,
                1.0
            ],
            "name": "L_shoulder_s"
        },
        {
            "children": [
                39
            ],
            "matrix": [
                0.8213843703269959,
                -0.5611144304275513,
                -0.10228272527456284,
                0.0,
                0.5638726353645325,
                0.825848400592804,
                -0.002340457867830992,
                0.0,
                0.0857824757695198,
                -0.05575470998883248,
                0.9947519302368164,
                0.0,
                -0.010734000243246556,
                1.2944530248641968,
                0.08195599913597107,
                1.0
            ],
            "name": "L_elbow_s"
        },
        {
            "children": [
                40
            ],
            "translation": [
                0.04395399987697601,
                0.5632759928703308,
                0.0331679992377758
            ],
            "rotation": [
                0.02749672718346119,
                0.36683839559555056,
                0.019868997856974606,
                -0.9296610355377196
            ],
            "scale": [
                0.9999845623970032,
                0.9999995827674866,
                0.9999843835830689
            ],
            "name": "L_forearm_twist_s"
        },
        {
            "children": [
                45,
                43,
                41
            ],
            "translation": [
                0.045308999717235568,
                0.5632759928703308,
                0.03129199892282486
            ],
            "rotation": [
                -0.17258000373840333,
                0.38659027218818667,
                -0.1987852603197098,
                -0.8838780522346497
            ],
            "scale": [
                0.9999892115592957,
                0.9999954700469972,
                0.9999898076057434
            ],
            "name": "L_wrist_s"
        },
        {
            "children": [
                42
            ],
            "matrix": [
                -0.42625361680984499,
                0.8980594873428345,
                -0.10803964734077454,
                0.0,
                0.895842432975769,
                0.4357398450374603,
                0.0868716910481453,
                0.0,
                0.12509389221668244,
                -0.05975593253970146,
                -0.9902555346488952,
                0.0,
                0.5170609951019287,
                0.2468730062246323,
                -0.2960709929466248,
                1.0
            ],
            "name": "L_thumb_01_s"
        },
        {
            "matrix": [
                0.9991906881332398,
                0.03774266317486763,
                -0.0138786556199193,
                0.0,
                -0.03715183585882187,
                0.9984835386276244,
                0.04061150923371315,
                0.0,
                0.015390475280582905,
                -0.040063053369522098,
                0.999078929424286,
                0.0,
                0.09911499917507172,
                0.2852709889411926,
                0.01286299992352724,
                1.0
            ],
            "name": "L_thumb_02_s"
        },
        {
            "children": [
                44
            ],
            "matrix": [
                -0.8887807726860046,
                -0.3654665946960449,
                -0.2761300802230835,
                0.0,
                -0.3728804886341095,
                0.9274762272834778,
                -0.027171477675437928,
                0.0,
                0.26603370904922488,
                0.07881751656532288,
                -0.960598647594452,
                0.0,
                0.4708789885044098,
                0.6883860230445862,
                -0.1510169953107834,
                1.0
            ],
            "name": "L_index_01_s"
        },
        {
            "matrix": [
                0.9997650980949402,
                0.0024511979427188637,
                -0.021546587347984319,
                0.0,
                -0.001607751939445734,
                0.999235212802887,
                0.03907393664121628,
                0.0,
                0.021625883877277375,
                -0.03903010860085488,
                0.9990043044090272,
                0.0,
                -0.09527000039815904,
                0.27684998512268069,
                0.14759700000286106,
                1.0
            ],
            "name": "L_index_02_s"
        },
        {
            "children": [
                46
            ],
            "matrix": [
                -0.9383137226104736,
                -0.29150521755218508,
                -0.1855975240468979,
                0.0,
                -0.20557373762130738,
                0.9025922417640686,
                -0.3782326281070709,
                0.0,
                0.27777916193008425,
                -0.3167730271816254,
                -0.9068359732627868,
                0.0,
                0.03312100097537041,
                0.745881974697113,
                -0.11145799607038498,
                1.0
            ],
            "name": "L_middle_01_s"
        },
        {
            "matrix": [
                0.9986493587493897,
                -0.04929770901799202,
                -0.016417987644672399,
                0.0,
                0.04933797940611839,
                0.9987803101539612,
                0.0020560952834784986,
                0.0,
                0.01629658974707127,
                -0.0028633899055421354,
                0.9998632073402404,
                0.0,
                -0.04024700075387955,
                0.271575003862381,
                0.18490999937057496,
                1.0
            ],
            "name": "L_middle_02_s"
        },
        {
            "children": [
                48
            ],
            "matrix": [
                0.997940182685852,
                0.008023858070373536,
                0.06364777684211731,
                0.0,
                -0.008207938633859158,
                0.9999625086784364,
                0.002631251234561205,
                0.0,
                -0.06362428516149521,
                -0.003148251911625266,
                0.9979689121246338,
                0.0,
                0.011761999689042569,
                0.5979419946670532,
                -0.2903220057487488,
                1.0
            ],
            "name": "neck_s"
        },
        {
            "children": [
                56,
                54,
                53,
                52,
                49
            ],
            "translation": [
                0.0,
                0.5920360088348389,
                0.04517799988389015
            ],
            "rotation": [
                -0.015840157866477968,
                -0.18199269473552705,
                -0.06425260752439499,
                -0.9810699224472046
            ],
            "scale": [
                0.999997854232788,
                0.999999225139618,
                0.9999982118606569
            ],
            "name": "head_s"
        },
        {
            "children": [
                50
            ],
            "translation": [
                -1.1699999570846558,
                0.5677679777145386,
                -1.2625629901885989
            ],
            "rotation": [
                -0.0952564999461174,
                0.3354431390762329,
                0.04847408086061478,
                -0.9359764456748962
            ],
            "scale": [
                0.9999957084655762,
                0.9999996423721314,
                0.9999958872795104
            ],
            "name": "R_hair_01_s"
        },
        {
            "children": [
                51
            ],
            "translation": [
                -0.7407400012016296,
                -0.6429910063743591,
                -0.08888699859380722
            ],
            "rotation": [
                0.007689428515732288,
                -0.005474872421473265,
                -0.01774720661342144,
                -0.9997979402542114
            ],
            "scale": [
                1.0,
                1.0000001192092896,
                0.9999995231628418
            ],
            "name": "R_hair_02_s"
        },
        {
            "matrix": [
                1.0,
                0.0,
                0.0,
                0.0,
                0.0,
                1.0,
                0.0,
                0.0,
                0.0,
                0.0,
                1.0,
                0.0,
                -1.0844299793243409,
                -1.5337220430374146,
                -0.41479799151420596,
                1.0
            ],
            "name": "R_hair_03_s"
        },
        {
            "matrix": [
                0.999545395374298,
                0.0295537319034338,
                0.006004458758980036,
                0.0,
                -0.029492784291505818,
                0.999514639377594,
                -0.009993411600589753,
                0.0,
                -0.006296901032328606,
                0.0098117683082819,
                0.999931812286377,
                0.0,
                -0.695576012134552,
                1.8968729972839356,
                1.5221359729766846,
                1.0
            ],
            "name": "R_eyebrow_s"
        },
        {
            "matrix": [
                1.0,
                0.0,
                0.0,
                0.0,
                0.0,
                1.0,
                0.0,
                0.0,
                0.0,
                0.0,
                1.0,
                0.0,
                0.6833339929580689,
                1.9770829677581788,
                1.5080900192260745,
                1.0
            ],
            "name": "L_eyebrow_s"
        },
        {
            "children": [
                55
            ],
            "translation": [
                0.0,
                1.8363399505615237,
                -0.061576999723911288
            ],
            "rotation": [
                0.1508645862340927,
                -0.0,
                -0.0,
                -0.9885539412498474
            ],
            "scale": [
                1.0,
                0.9999982118606569,
                0.9999982118606569
            ],
            "name": "hat_01_s"
        },
        {
            "matrix": [
                1.0,
                0.0,
                0.0,
                0.0,
                0.0,
                1.0,
                0.0,
                0.0,
                0.0,
                0.0,
                1.0,
                0.0,
                0.0,
                2.204935073852539,
                -0.0,
                1.0
            ],
            "name": "hat_02_s"
        },
        {
            "children": [
                57
            ],
            "translation": [
                1.1700010299682618,
                0.567766010761261,
                -1.26256000995636
            ],
            "rotation": [
                0.9286454916000366,
                0.008058588951826096,
                -0.366266280412674,
                -0.05804034695029259
            ],
            "scale": [
                0.9999905824661256,
                0.999934196472168,
                0.9999436736106872
            ],
            "name": "L_hair_01_s"
        },
        {
            "children": [
                58
            ],
            "translation": [
                0.7407370209693909,
                0.6429920196533203,
                0.08888900279998779
            ],
            "rotation": [
                0.050503358244895938,
                -0.03389445319771767,
                -0.08605870604515076,
                -0.994431495666504
            ],
            "scale": [
                0.9999991655349731,
                0.999999225139618,
                0.9999996423721314
            ],
            "name": "L_hair_02_s"
        },
        {
            "matrix": [
                1.0,
                0.0,
                0.0,
                0.0,
                0.0,
                1.0,
                0.0,
                0.0,
                0.0,
                0.0,
                1.0,
                0.0,
                1.0844279527664185,
                1.533722996711731,
                0.4148029983043671,
                1.0
            ],
            "name": "L_hair_03_s"
        }
    ],
    "meshes": [
        {
            "primitives": [
                {
                    "attributes": {
                        "JOINTS_0": 1,
                        "NORMAL": 2,
                        "POSITION": 3,
                        "WEIGHTS_0": 4
                    },
                    "indices": 0,
                    "mode": 4,
                    "material": 0
                }
            ],
            "name": "jessie_backpack-mesh"
        },
        {
            "primitives": [
                {
                    "attributes": {
                        "JOINTS_0": 6,
                        "NORMAL": 7,
                        "POSITION": 8,
                        "WEIGHTS_0": 9
                    },
                    "indices": 5,
                    "mode": 4,
                    "material": 0
                },
                {
                    "attributes": {
                        "JOINTS_0": 11,
                        "NORMAL": 12,
                        "POSITION": 13,
                        "WEIGHTS_0": 14
                    },
                    "indices": 10,
                    "mode": 4,
                    "material": 1
                },
                {
                    "attributes": {
                        "JOINTS_0": 16,
                        "NORMAL": 17,
                        "POSITION": 18,
                        "WEIGHTS_0": 19
                    },
                    "indices": 15,
                    "mode": 4,
                    "material": 2
                }
            ],
            "name": "jessie_main-mesh"
        },
        {
            "primitives": [
                {
                    "attributes": {
                        "JOINTS_0": 21,
                        "NORMAL": 22,
                        "POSITION": 23,
                        "WEIGHTS_0": 24
                    },
                    "indices": 20,
                    "mode": 4,
                    "material": 0
                },
                {
                    "attributes": {
                        "JOINTS_0": 26,
                        "NORMAL": 27,
                        "POSITION": 28,
                        "WEIGHTS_0": 29
                    },
                    "indices": 25,
                    "mode": 4,
                    "material": 1
                }
            ],
            "name": "jessie_hat-mesh"
        },
        {
            "primitives": [
                {
                    "attributes": {
                        "JOINTS_0": 31,
                        "NORMAL": 32,
                        "POSITION": 33,
                        "WEIGHTS_0": 34
                    },
                    "indices": 30,
                    "mode": 4,
                    "material": 0
                },
                {
                    "attributes": {
                        "JOINTS_0": 36,
                        "NORMAL": 37,
                        "POSITION": 38,
                        "WEIGHTS_0": 39
                    },
                    "indices": 35,
                    "mode": 4,
                    "material": 1
                },
                {
                    "attributes": {
                        "JOINTS_0": 41,
                        "NORMAL": 42,
                        "POSITION": 43,
                        "WEIGHTS_0": 44
                    },
                    "indices": 40,
                    "mode": 4,
                    "material": 3
                }
            ],
            "name": "jessie_gun-mesh"
        }
    ],
    "animations": [
        {
            "channels": [
                {
                    "sampler": 0,
                    "target": {
                        "node": 8,
                        "path": "translation"
                    }
                },
                {
                    "sampler": 1,
                    "target": {
                        "node": 8,
                        "path": "rotation"
                    }
                },
                {
                    "sampler": 2,
                    "target": {
                        "node": 8,
                        "path": "scale"
                    }
                },
                {
                    "sampler": 3,
                    "target": {
                        "node": 48,
                        "path": "translation"
                    }
                },
                {
                    "sampler": 4,
                    "target": {
                        "node": 48,
                        "path": "rotation"
                    }
                },
                {
                    "sampler": 5,
                    "target": {
                        "node": 48,
                        "path": "scale"
                    }
                },
                {
                    "sampler": 6,
                    "target": {
                        "node": 56,
                        "path": "translation"
                    }
                },
                {
                    "sampler": 7,
                    "target": {
                        "node": 56,
                        "path": "rotation"
                    }
                },
                {
                    "sampler": 8,
                    "target": {
                        "node": 56,
                        "path": "scale"
                    }
                },
                {
                    "sampler": 9,
                    "target": {
                        "node": 57,
                        "path": "translation"
                    }
                },
                {
                    "sampler": 10,
                    "target": {
                        "node": 57,
                        "path": "rotation"
                    }
                },
                {
                    "sampler": 11,
                    "target": {
                        "node": 57,
                        "path": "scale"
                    }
                },
                {
                    "sampler": 12,
                    "target": {
                        "node": 54,
                        "path": "translation"
                    }
                },
                {
                    "sampler": 13,
                    "target": {
                        "node": 54,
                        "path": "rotation"
                    }
                },
                {
                    "sampler": 14,
                    "target": {
                        "node": 54,
                        "path": "scale"
                    }
                },
                {
                    "sampler": 15,
                    "target": {
                        "node": 49,
                        "path": "translation"
                    }
                },
                {
                    "sampler": 16,
                    "target": {
                        "node": 49,
                        "path": "rotation"
                    }
                },
                {
                    "sampler": 17,
                    "target": {
                        "node": 49,
                        "path": "scale"
                    }
                },
                {
