{
    "asset": {
        "generator": "COLLADA2GLTF",
        "version": "2.0"
    },
    "scenes": [
        {
            "nodes": [
                0
            ]
        }
    ],
    "scene": 0,
    "nodes": [
        {
            "children": [
                6,
                1
            ],
            "name": "Y_UP"
        },
        {
            "children": [
                5,
                4,
                3,
                2
            ],
            "name": "jessie_GEO"
        },
        {
            "mesh": 0,
            "skin": 0,
            "name": "jessie_backpack"
        },
        {
            "mesh": 1,
            "skin": 1,
            "name": "jessie_main"
        },
        {
            "mesh": 2,
            "skin": 2,
            "name": "jessie_hat"
        },
        {
            "mesh": 3,
            "skin": 3,
            "name": "jessie_gun"
        },
        {
            "children": [
                7
            ],
            "name": "CHARACTER"
        },
        {
            "children": [
                8
            ],
            "name": "Root"
        },
        {
            "children": [
                17,
                13,
                9
            ],
            "translation": [
                -0.04896099865436554,
                2.2659659385681154,
                -0.5398880243301392
            ],
            "rotation": [
                -0.07941675931215286,
                0.04044657200574875,
                -0.037801384925842288,
                -0.9953028559684752
            ],
            "scale": [
                0.9999999403953552,
                0.999999225139618,
                0.999999701976776
            ],
            "name": "hips_s"
        },
        {
            "children": [
                10
            ],
            "translation": [
                -0.589477002620697,
                0.009537000209093094,
                -0.002481000032275915
            ],
            "rotation": [
                0.14416278898715974,
                0.9791502356529236,
                0.14037953317165376,
                0.02672870270907879
            ],
            "scale": [
                0.9998803734779358,
                0.9999954104423524,
                0.9998801350593568
            ],
            "name": "R_upperLeg_s"
        },
        {
            "children": [
                11
            ],
            "translation": [
                0.030156999826431276,
                -1.1685090065002442,
                -0.09259399771690369
            ],
            "rotation": [
                0.09504067897796632,
                -0.002029994735494256,
                0.011349521577358246,
                -0.995406448841095
            ],
            "scale": [
                1.0,
                0.999999701976776,
                0.9999990463256836
            ],
            "name": "R_lowerLeg_s"
        },
        {
            "children": [
                12
            ],
            "translation": [
                -0.014651999808847905,
                -1.2120319604873658,
                0.2107360064983368
            ],
            "rotation": [
                -0.03417212888598442,
                -0.30299708247184756,
                0.9470080733299257,
                0.1007939800620079
            ],
            "scale": [
                0.9999182224273682,
                0.9999261498451232,
                0.9999921321868897
            ],
            "name": "R_ankle_s"
        },
        {
            "matrix": [
                -0.9999232292175292,
                0.0,
                0.0,
                0.0,
                0.0,
                -0.06295821815729141,
                0.997974932193756,
                0.0,
                0.0,
                0.997974932193756,
                0.06303504854440689,
                0.0,
                -0.0019389999797567728,
                0.17791500687599186,
                -0.27876999974250796,
                1.0
            ],
            "name": "R_toes_s"
        },
        {
            "children": [
                14
            ],
            "translation": [
                0.589477002620697,
                0.009541000239551068,
                -0.002480000024661422
            ],
            "rotation": [
                0.26276564598083498,
                0.3978855311870575,
                0.8706052899360657,
                -0.121032752096653
            ],
            "scale": [
                0.9999285340309144,
                0.9999356269836426,
                0.9999827146530153
            ],
            "name": "L_upperLeg_s"
        },
        {
            "children": [
                15
            ],
            "translation": [
                -0.030110999941825868,
                1.166720986366272,
                0.09245199710130692
            ],
            "rotation": [
                0.33660826086997988,
                -0.021653160452842714,
                0.04355236142873764,
                -0.940385103225708
            ],
            "scale": [
                0.9999993443489076,
                0.999991238117218,
                0.9999914765357972
            ],
            "name": "L_lowerLeg_s"
        },
        {
            "children": [
                16
            ],
            "translation": [
                0.014629999175667765,
                1.2101719379425049,
                -0.21041299402713777
            ],
            "rotation": [
                -0.014948384836316109,
                0.02429882623255253,
                0.9984970688819884,
                0.04632153734564781
            ],
            "scale": [
                0.9999114871025086,
                0.9999125003814696,
                1.000000238418579
            ],
            "name": "L_ankle_s"
        },
        {
            "matrix": [
                -0.9999232292175292,
                0.0,
                0.0,
                0.0,
                0.0,
                -0.06295821815729141,
                0.997974932193756,
                0.0,
                0.0,
                0.997974932193756,
                0.06303504854440689,
                0.0,
                0.0019389999797567728,
                -0.17791500687599186,
                0.27876999974250796,
                1.0
            ],
            "name": "L_toes_s"
        },
        {
            "children": [
                18
            ],
            "translation": [
                0.048461999744176868,
                0.5487579703330994,
                0.07357499748468399
            ],
            "rotation": [
                0.007043550722301006,
                0.030327245593070985,
                0.10734492540359496,
                -0.9937341809272766
            ],
            "scale": [
                0.9999994039535524,
                0.9999998807907105,
                1.000000238418579
            ],
            "name": "spine_lower_s"
        },
        {
            "children": [
                19
            ],
            "translation": [
                0.01865299977362156,
                0.615884006023407,
                0.02731500007212162
            ],
            "rotation": [
                -0.0008919623796828091,
                0.04736629128456116,
                0.020207561552524568,
                -0.9986727237701416
            ],
            "scale": [
                0.9999998211860656,
                0.9999998807907105,
                1.0
            ],
            "name": "spine_upper_s"
        },
        {
            "children": [
                47,
                36,
                23,
                20
            ],
            "translation": [
                -0.02438800036907196,
                0.6031709909439087,
                0.007786000147461891
            ],
            "rotation": [
                -0.005751675926148892,
                0.0449368916451931,
                -0.03598641604185105,
                -0.9983248710632324
            ],
            "scale": [
                0.9999998211860656,
                1.0,
                1.0000001192092896
            ],
            "name": "chest_s"
        },
        {
            "children": [
                21
            ],
            "translation": [
                0.07563100010156632,
                0.12855899333953858,
                -1.2315369844436646
            ],
            "rotation": [
                0.9824719429016112,
                0.09301218390464784,
                -0.03531017154455185,
                -0.1575424373149872
            ],
            "scale": [
                0.9999993443489076,
                0.9999396800994872,
                0.9999391436576844
            ],
            "name": "back_item_01_s"
        },
        {
            "children": [
                22
            ],
            "matrix": [
                1.0,
                0.0,
                -0.0,
                0.0,
                -0.0,
                0.9811540842056274,
                -0.1932257115840912,
                0.0,
                0.0,
                0.1932257115840912,
                0.9811540842056274,
                0.0,
                -0.0,
                0.7762179970741272,
                0.08149900287389755,
                1.0
            ],
            "name": "back_item_02_s"
        },
        {
            "matrix": [
                1.0,
                0.0,
                0.0,
                0.0,
                0.0,
                1.0,
                0.0,
                0.0,
                0.0,
                0.0,
                1.0,
                0.0,
                -0.0,
                0.8125649690628052,
                0.037960998713970187,
                1.0
            ],
            "name": "back_item_03_s"
        },
        {
            "children": [
                24
            ],
            "translation": [
                -0.5908929705619812,
                0.27844899892807009,
                -0.0003859999997075647
            ],
            "rotation": [
                0.9876393675804138,
                -0.15640440583229066,
                0.004675216041505337,
                -0.008612241595983506
            ],
            "scale": [
                0.9999991059303284,
                0.9999804496765136,
                0.9999802112579346
            ],
            "name": "R_clavicle_s"
        },
        {
            "children": [
                25
            ],
            "translation": [
                -0.4158650040626526,
                0.025919999927282338,
                0.3447510004043579
            ],
            "rotation": [
                0.23391467332839969,
                0.2904786169528961,
                0.9080992341041564,
                -0.19036126136779786
            ],
            "scale": [
                0.9999554753303528,
                0.9999566078186036,
                0.9999935626983644
            ],
            "name": "R_shoulder_s"
        },
        {
            "children": [
                26
            ],
            "matrix": [
                0.5622478127479553,
                -0.6982969045639038,
                0.4429531991481781,
                0.0,
                0.7535922527313232,
                0.6532188653945923,
                0.07323191314935684,
                0.0,
                -0.340476930141449,
                0.2926530838012696,
                0.8935415744781494,
                0.0,
                0.02248699963092804,
                -1.2898739576339722,
                -0.13467800617218018,
                1.0
            ],
            "name": "R_elbow_s"
        },
        {
            "children": [
                27
            ],
            "matrix": [
                0.9841735363006592,
                0.09275174885988236,
                0.150992289185524,
                0.0,
                -0.08686492592096329,
                0.9951967000961304,
                -0.04514190927147865,
                0.0,
                -0.1544540524482727,
                0.03131157532334328,
                0.9875032901763916,
                0.0,
                -0.0035570000763982536,
                -0.6030979752540588,
                0.030295999720692636,
                1.0
            ],
            "name": "R_forearm_twist_s"
        },
        {
            "children": [
                34,
                32,
                30,
                28
            ],
            "matrix": [
                0.9891923666000366,
                -0.11476951837539672,
                0.0912480428814888,
                0.0,
                0.13438780605793,
                0.9585596919059752,
                -0.25119611620903017,
                0.0,
                -0.05863569304347038,
                0.2607443630695343,
                0.9636244177818298,
                0.0,
                -0.054885998368263248,
                -0.6012589931488037,
                0.011556999757885932,
                1.0
            ],
            "name": "R_wrist_s"
        },
        {
            "children": [
                29
            ],
            "matrix": [
                -0.6974974274635315,
                0.7079808115959168,
                -0.11030008643865586,
                0.0,
                0.711654007434845,
                0.7024688124656677,
                0.008322911337018013,
                0.0,
                0.08337406814098358,
                -0.07269206643104553,
                -0.9938074350357056,
                0.0,
                -1.6235090494155884,
                -0.8900290131568909,
                0.8098509907722473,
                1.0
            ],
            "name": "R_gunbone_01_s"
        },
        {
            "matrix": [
                0.9546059370040894,
                -0.29725244641304018,
                -0.019083715975284578,
                0.0,
                0.2939956784248352,
                0.9505643248558044,
                -0.09995079040527344,
                0.0,
                0.047852326184511188,
                0.0898025780916214,
                0.9948094487190248,
                0.0,
                -0.06880199909210205,
                -0.36998599767684939,
                -0.0006380000268109143,
                1.0
            ],
            "name": "R_gunbone_02_s"
        },
        {
            "children": [
                31
            ],
            "matrix": [
                0.04735095053911209,
                0.9602606296539308,
                0.2749203443527222,
                0.0,
                0.9896629452705384,
                -0.007802723441272974,
                -0.14291633665561677,
                0.0,
                -0.13508622348308564,
                0.2788512408733368,
                -0.950703740119934,
                0.0,
                -0.5170609951019287,
                -0.2468709945678711,
                0.2960729897022248,
                1.0
            ],
            "name": "R_thumb_01_s"
        },
        {
            "matrix": [
                0.984641134738922,
                0.12456563860177994,
                -0.12232641875743866,
                0.0,
                -0.1469247341156006,
                0.9696970582008362,
                -0.1951851546764374,
                0.0,
                0.09430518001317978,
                0.21016092598438264,
                0.9731072187423706,
                0.0,
                -0.09911300241947174,
                -0.28526800870895388,
                -0.01285600010305643,
                1.0
            ],
            "name": "R_thumb_02_s"
        },
        {
            "children": [
                33
            ],
            "matrix": [
                -0.9870759844779968,
                0.06381000578403473,
                0.14652828872203828,
                0.0,
                -0.015127654187381268,
                0.8754181265830994,
                -0.4831209182739258,
                0.0,
                -0.1591019332408905,
                -0.4791274070739746,
                -0.8631303906440735,
                0.0,
                -0.4708789885044098,
                -0.688385009765625,
                0.15101400017738346,
                1.0
            ],
            "name": "R_index_01_s"
        },
        {
            "matrix": [
                0.9997650980949402,
                0.0024505339097231628,
                -0.02154664695262909,
                0.0,
                -0.001608415273949504,
                0.9992371201515198,
                0.03901240974664688,
                0.0,
                0.021625811234116559,
                -0.03896858915686608,
                0.9990063309669496,
                0.0,
                0.09527000039815904,
                -0.276854008436203,
                -0.14759500324726106,
                1.0
            ],
            "name": "R_index_02_s"
        },
        {
            "children": [
                35
            ],
            "matrix": [
                -0.9978201389312744,
                -0.013373960740864276,
                0.06427351385354996,
                0.0,
                -0.055786993354558948,
                0.6888518929481506,
                -0.7227470278739929,
                0.0,
                -0.034608595073223117,
                -0.7247735857963562,
                -0.6880892515182495,
                0.0,
                -0.03312100097537041,
                -0.7458789944648743,
                0.11145500093698502,
                1.0
            ],
            "name": "R_middle_01_s"
        },
        {
            "matrix": [
                0.9935259222984314,
                0.07220717519521713,
                -0.08770336955785752,
                0.0,
                0.025729814544320108,
                0.6089483499526978,
                0.7927644848823547,
                0.0,
                0.1106514185667038,
                -0.7898886203765869,
                0.6031481027603149,
                0.0,
                0.04024700075387955,
                -0.27157801389694216,
                -0.18490999937057496,
                1.0
            ],
            "name": "R_middle_02_s"
        },
        {
            "children": [
                37
            ],
            "translation": [
                0.5777400135993958,
                0.28790900111198428,
                0.07419999688863754
            ],
            "rotation": [
                0.1510822027921677,
                0.0740031823515892,
                -0.03232641890645027,
                -0.9852169156074524
            ],
            "scale": [
                0.9999996423721314,
                0.9999996423721314,
                0.9999991655349731
            ],
            "name": "L_clavicle_s"
        },
        {
            "children": [
                38
            ],
            "translation": [
                0.41586199402809145,
                -0.025923999026417733,
                -0.3447510004043579
            ],
            "rotation": [
                0.44448375701904299,
                0.1214633509516716,
                0.885369062423706,
                -0.06160830333828926
            ],
            "scale": [
                0.999988615512848,
                0.9999870657920836,
                0.9999970197677612
            ],
            "name": "L_shoulder_s"
        },
        {
            "children": [
                39
            ],
            "translation": [
                -0.010734000243246556,
                1.2944530248641968,
                0.08195599913597107
            ],
            "rotation": [
                -0.013994522392749788,
                -0.0492730438709259,
                0.2947463989257813,
                -0.9541992545127868
            ],
            "scale": [
                0.9999917149543762,
                0.9999916553497316,
                0.9999992847442628
            ],
            "name": "L_elbow_s"
        },
        {
            "children": [
                40
            ],
            "translation": [
                0.04395399987697601,
                0.5632759928703308,
                0.0331679992377758
            ],
            "rotation": [
                0.02749672718346119,
                0.36683839559555056,
                0.019868997856974606,
                -0.9296610355377196
            ],
            "scale": [
                0.9999845623970032,
                0.9999995827674866,
                0.9999843835830689
            ],
            "name": "L_forearm_twist_s"
        },
        {
            "children": [
                45,
                43,
                41
            ],
            "translation": [
                0.045308999717235568,
                0.5632759928703308,
                0.03129199892282486
            ],
            "rotation": [
                -0.17258000373840333,
                0.38659027218818667,
                -0.1987852603197098,
                -0.8838780522346497
            ],
            "scale": [
                0.9999892115592957,
                0.9999954700469972,
                0.9999898076057434
            ],
            "name": "L_wrist_s"
        },
        {
            "children": [
                42
            ],
            "translation": [
                0.5170609951019287,
                0.2468730062246323,
                -0.2960709929466248
            ],
            "rotation": [
                0.5310983657836914,
                0.844430148601532,
                0.008027827367186547,
                0.06902096420526505
            ],
            "scale": [
                0.9999377727508544,
                0.99997478723526,
                0.9999126195907592
            ],
            "name": "L_thumb_01_s"
        },
        {
            "matrix": [
                0.8619449138641357,
                -0.4941376745700836,
                0.11343406140804292,
                0.0,
                0.11588703095912934,
                0.40986791253089907,
                0.9047253131866456,
                0.0,
                -0.4935680031776428,
                -0.7666715383529663,
                0.410553514957428,
                0.0,
                0.09911499917507172,
                0.2852709889411926,
                0.01286299992352724,
                1.0
            ],
            "name": "L_thumb_02_s"
        },
        {
            "children": [
                44
            ],
            "translation": [
                0.4708789885044098,
                0.6883860230445862,
                -0.1510169953107834
            ],
            "rotation": [
                -0.18996138870716096,
                0.9717066884040833,
                0.013287455774843693,
                0.13948750495910645
            ],
            "scale": [
                0.9998724460601808,
                0.9999951124191284,
                0.9998679161071776
            ],
            "name": "L_index_01_s"
        },
        {
            "translation": [
                -0.09527000039815904,
                0.27684998512268069,
                0.14759700000286106
            ],
            "rotation": [
                -0.01953088492155075,
                -0.01079581119120121,
                -0.001014990615658462,
                -0.999750554561615
            ],
            "scale": [
                1.000000238418579,
                1.0000001192092896,
                1.000000238418579
            ],
            "name": "L_index_02_s"
        },
        {
            "children": [
                46
            ],
            "translation": [
                0.03312100097537041,
                0.745881974697113,
                -0.11145799607038498
            ],
            "rotation": [
                -0.1283839046955109,
                0.9679542779922484,
                -0.1795037537813187,
                0.11967939138412476
            ],
            "scale": [
                0.9999271631240844,
                0.9999966025352478,
                0.9999289512634276
            ],
            "name": "L_middle_01_s"
        },
        {
            "translation": [
                -0.04024700075387955,
                0.271575003862381,
                0.18490999937057496
            ],
            "rotation": [
                -0.0012302877148613334,
                -0.00818141270428896,
                0.024667270481586458,
                -0.9996615648269652
            ],
            "scale": [
                1.0000001192092896,
                1.000000238418579,
                1.0000001192092896
            ],
            "name": "L_middle_02_s"
        },
        {
            "children": [
                48
            ],
            "translation": [
                0.011761999689042569,
                0.5979419946670532,
                -0.2903220057487488
            ],
            "rotation": [
                -0.0014456218341365457,
                0.031834449619054797,
                -0.004060044884681702,
                -0.9994838237762452
            ],
            "scale": [
                1.0,
                0.9999996423721314,
                0.9999999403953552
            ],
            "name": "neck_s"
        },
        {
            "children": [
                56,
                54,
                53,
                52,
                49
            ],
            "translation": [
                0.0,
                0.5920360088348389,
                0.04517799988389015
            ],
            "rotation": [
                -0.015840157866477968,
                -0.18199269473552705,
                -0.06425260752439499,
                -0.9810699224472046
            ],
            "scale": [
                0.999997854232788,
                0.999999225139618,
                0.9999982118606569
            ],
            "name": "head_s"
        },
        {
            "children": [
                50
            ],
            "translation": [
                -1.1699999570846558,
                0.5677679777145386,
                -1.2625629901885989
            ],
            "rotation": [
                -0.10054603219032288,
                -0.008550562895834446,
                -0.04712037742137909,
                -0.9937790036201476
            ],
            "scale": [
                0.9999998211860656,
                0.9999995231628418,
                0.999999225139618
            ],
            "name": "R_hair_01_s"
        },
        {
            "children": [
                51
            ],
            "translation": [
                -0.7407400012016296,
                -0.6429910063743591,
                -0.08888699859380722
            ],
            "rotation": [
                0.07028070092201233,
                -0.04524414241313934,
                0.009504039771854878,
                -0.996455192565918
            ],
            "scale": [
                0.999999463558197,
                1.0000001192092896,
                0.9999992847442628
            ],
            "name": "R_hair_02_s"
        },
        {
            "matrix": [
                1.0,
                0.0,
                0.0,
                0.0,
                0.0,
                1.0,
                0.0,
                0.0,
                0.0,
                0.0,
                1.0,
                0.0,
                -1.0844299793243409,
                -1.5337220430374146,
                -0.41479799151420596,
                1.0
            ],
            "name": "R_hair_03_s"
        },
        {
            "matrix": [
                0.999545395374298,
                0.0295537319034338,
                0.006004458758980036,
                0.0,
                -0.029492784291505818,
                0.999514639377594,
                -0.009993411600589753,
                0.0,
                -0.006296901032328606,
                0.0098117683082819,
                0.999931812286377,
                0.0,
                -0.695576012134552,
                1.8968729972839356,
                1.5221359729766846,
                1.0
            ],
            "name": "R_eyebrow_s"
        },
        {
            "matrix": [
                1.0,
                0.0,
                0.0,
                0.0,
                0.0,
                1.0,
                0.0,
                0.0,
                0.0,
                0.0,
                1.0,
                0.0,
                0.6833339929580689,
                1.9770829677581788,
                1.5080900192260745,
                1.0
            ],
            "name": "L_eyebrow_s"
        },
        {
            "children": [
                55
            ],
            "translation": [
                -0.0,
                1.8363399505615237,
                -0.061576999723911288
            ],
            "rotation": [
                0.1508645862340927,
                -0.0,
                -0.0,
                -0.9885539412498474
            ],
            "scale": [
                1.0,
                0.9999982118606569,
                0.9999982118606569
            ],
            "name": "hat_01_s"
        },
        {
            "matrix": [
                1.0,
                0.0,
                0.0,
                0.0,
                0.0,
                1.0,
                0.0,
                0.0,
                0.0,
                0.0,
                1.0,
                0.0,
                -0.0,
                2.204935073852539,
                -0.0,
                1.0
            ],
            "name": "hat_02_s"
        },
        {
            "children": [
                57
            ],
            "translation": [
                1.1700010299682618,
                0.567766010761261,
                -1.26256000995636
            ],
            "rotation": [
                0.9929913282394408,
                -0.007228129543364048,
                0.0005228861118666828,
                -0.11774161458015442
            ],
            "scale": [
                1.000000238418579,
                0.9998958110809326,
                0.9998966455459596
            ],
            "name": "L_hair_01_s"
        },
        {
            "children": [
                58
            ],
            "translation": [
                0.7407370209693909,
                0.6429920196533203,
                0.08888900279998779
            ],
            "rotation": [
                0.050503358244895938,
                -0.03389445319771767,
                -0.08605870604515076,
                -0.994431495666504
            ],
            "scale": [
                0.9999991655349731,
                0.999999225139618,
                0.9999996423721314
            ],
            "name": "L_hair_02_s"
        },
        {
            "matrix": [
                1.0,
                0.0,
                0.0,
                0.0,
                0.0,
                1.0,
                0.0,
                0.0,
                0.0,
                0.0,
                1.0,
                0.0,
                1.0844279527664185,
                1.533722996711731,
                0.4148029983043671,
                1.0
            ],
            "name": "L_hair_03_s"
        }
    ],
    "meshes": [
        {
            "primitives": [
                {
                    "attributes": {
                        "JOINTS_0": 1,
                        "NORMAL": 2,
                        "POSITION": 3,
                        "WEIGHTS_0": 4
                    },
                    "indices": 0,
                    "mode": 4,
                    "material": 0
                }
            ],
            "name": "jessie_backpack-mesh"
        },
        {
            "primitives": [
                {
                    "attributes": {
                        "JOINTS_0": 6,
                        "NORMAL": 7,
                        "POSITION": 8,
                        "WEIGHTS_0": 9
                    },
                    "indices": 5,
                    "mode": 4,
                    "material": 0
                },
                {
                    "attributes": {
                        "JOINTS_0": 11,
                        "NORMAL": 12,
                        "POSITION": 13,
                        "WEIGHTS_0": 14
                    },
                    "indices": 10,
                    "mode": 4,
                    "material": 1
                },
                {
                    "attributes": {
                        "JOINTS_0": 16,
                        "NORMAL": 17,
                        "POSITION": 18,
                        "WEIGHTS_0": 19
                    },
                    "indices": 15,
                    "mode": 4,
                    "material": 2
                }
            ],
            "name": "jessie_main-mesh"
        },
        {
            "primitives": [
                {
                    "attributes": {
                        "JOINTS_0": 21,
                        "NORMAL": 22,
                        "POSITION": 23,
                        "WEIGHTS_0": 24
                    },
                    "indices": 20,
                    "mode": 4,
                    "material": 0
                },
                {
                    "attributes": {
                        "JOINTS_0": 26,
                        "NORMAL": 27,
                        "POSITION": 28,
                        "WEIGHTS_0": 29
                    },
                    "indices": 25,
                    "mode": 4,
                    "material": 1
                }
            ],
            "name": "jessie_hat-mesh"
        },
        {
            "primitives": [
                {
                    "attributes": {
                        "JOINTS_0": 31,
                        "NORMAL": 32,
                        "POSITION": 33,
                        "WEIGHTS_0": 34
                    },
                    "indices": 30,
                    "mode": 4,
                    "material": 0
                },
                {
                    "attributes": {
                        "JOINTS_0": 36,
                        "NORMAL": 37,
                        "POSITION": 38,
                        "WEIGHTS_0": 39
                    },
                    "indices": 35,
                    "mode": 4,
                    "material": 1
                },
                {
                    "attributes": {
                        "JOINTS_0": 41,
                        "NORMAL": 42,
                        "POSITION": 43,
                        "WEIGHTS_0": 44
                    },
                    "indices": 40,
                    "mode": 4,
                    "material": 3
                }
            ],
            "name": "jessie_gun-mesh"
        }
    ],
    "animations": [
        {
            "channels": [
                {
                    "sampler": 0,
                    "target": {
                        "node": 8,
                        "path": "translation"
                    }
                },
                {
                    "sampler": 1,
                    "target": {
                        "node": 8,
                        "path": "rotation"
                    }
                },
                {
                    "sampler": 2,
                    "target": {
                        "node": 8,
                        "path": "scale"
                    }
                },
                {
                    "sampler": 3,
                    "target": {
                        "node": 17,
                        "path": "translation"
                    }
                },
                {
                    "sampler": 4,
                    "target": {
                        "node": 17,
                        "path": "rotation"
                    }
                },
                {
                    "sampler": 5,
                    "target": {
                        "node": 17,
                        "path": "scale"
                    }
                },
                {
                    "sampler": 6,
                    "target": {
                        "node": 18,
                        "path": "translation"
                    }
                },
                {
                    "sampler": 7,
                    "target": {
                        "node": 18,
                        "path": "rotation"
                    }
                },
                {
                    "sampler": 8,
                    "target": {
                        "node": 18,
                        "path": "scale"
                    }
                },
                {
                    "sampler": 9,
                    "target": {
                        "node": 19,
                        "path": "translation"
                    }
                },
                {
                    "sampler": 10,
                    "target": {
                        "node": 19,
                        "path": "rotation"
                    }
                },
                {
                    "sampler": 11,
                    "target": {
                        "node": 19,
                        "path": "scale"
                    }
                },
                {
                    "sampler": 12,
                    "target": {
                        "node": 47,
                        "path": "translation"
                    }
                },
                {
                    "sampler": 13,
                    "target": {
                        "node": 47,
                        "path": "rotation"
                    }
                },
                {
                    "sampler": 14,
                    "target": {
                        "node": 47,
                        "path": "scale"
                    }
                },
                {
                    "sampler": 15,
                    "target": {
                        "node": 48,
                        "path": "translation"
                    }
                },
                {
                    "sampler": 16,
                    "target": {
                        "node": 48,
                        "path": "rotation"
                    }
                },
                {
                    "sampler": 17,
                    "target": {
                        "node": 48,
                        "path": "scale"
                    }
                },
                {
                    "sampler": 18,
                    "target": {
                        "node": 56,
                        "path": "translation"
                    }
                },
                {
                    "sampler": 19,
                    "target": {
                        "node": 56,
                        "path": "rotation"
                    }
                },
                {
                    "sampler": 20,
                    "target": {
                        "node": 56,
                        "path": "scale"
                    }
                },
                {
                    "sampler": 21,
                    "target": {
                        "node": 57,
                        "path": "translation"
                    }
                },
                {
                    "sampler": 22,
