{
    "asset": {
        "generator": "COLLADA2GLTF",
        "version": "2.0"
    },
    "scenes": [
        {
            "nodes": [
                0
            ]
        }
    ],
    "scene": 0,
    "nodes": [
        {
            "children": [
                1
            ],
            "name": "Y_UP"
        },
        {
            "children": [
                15,
                2
            ],
            "name": "CHARACTER"
        },
        {
            "children": [
                14,
                13,
                12,
                11,
                10,
                9,
                8,
                7,
                6,
                5,
                4,
                3
            ],
            "name": "geoGrp"
        },
        {
            "mesh": 0,
            "skin": 0,
            "name": "bangle_02_GEO"
        },
        {
            "mesh": 1,
            "skin": 1,
            "name": "bangle_01_GEO"
        },
        {
            "mesh": 2,
            "skin": 2,
            "name": "card_R03_GEO"
        },
        {
            "mesh": 3,
            "skin": 3,
            "name": "card_R02_GEO"
        },
        {
            "mesh": 4,
            "skin": 4,
            "name": "card_R01_GEO"
        },
        {
            "mesh": 5,
            "skin": 5,
            "name": "card_L03_GEO"
        },
        {
            "mesh": 6,
            "skin": 6,
            "name": "card_L02_GEO"
        },
        {
            "mesh": 7,
            "skin": 7,
            "name": "card_L01_GEO"
        },
        {
            "mesh": 8,
            "skin": 8,
            "name": "arms_GEO"
        },
        {
            "mesh": 9,
            "skin": 9,
            "name": "ponytail_GEO"
        },
        {
            "mesh": 10,
            "skin": 10,
            "name": "jewel_GEO"
        },
        {
            "mesh": 11,
            "skin": 11,
            "name": "main_GEO"
        },
        {
            "children": [
                16
            ],
            "name": "Root"
        },
        {
            "children": [
                25,
                21,
                17
            ],
            "translation": [
                0.018904000520706178,
                2.856858015060425,
                -1.390315055847168
            ],
            "rotation": [
                0.03820075839757919,
                -0.3508194983005524,
                -0.012118441052734852,
                -0.9355828166007996
            ],
            "scale": [
                0.9999924302101136,
                1.000000238418579,
                0.9999921917915344
            ],
            "name": "hips_s"
        },
        {
            "children": [
                18
            ],
            "translation": [
                -0.7143980264663696,
                -0.10509300231933594,
                0.21601499617099766
            ],
            "rotation": [
                0.24249613285064698,
                0.7992466688156128,
                -0.46303093433380129,
                0.296537846326828
            ],
            "scale": [
                0.9998839497566224,
                0.9999630451202392,
                0.9999050498008728
            ],
            "name": "R_upperLeg_s"
        },
        {
            "children": [
                19
            ],
            "translation": [
                0.0,
                -1.4709550142288209,
                -0.0
            ],
            "rotation": [
                0.2579306960105896,
                -0.0,
                -0.0,
                -0.966161847114563
            ],
            "scale": [
                1.0,
                0.9999943375587465,
                0.9999943375587465
            ],
            "name": "R_lowerLeg_s"
        },
        {
            "children": [
                20
            ],
            "translation": [
                0.0,
                -2.1219630241394045,
                0.0
            ],
            "rotation": [
                0.022699400782585145,
                0.310840368270874,
                0.9493765830993652,
                0.038847360759973529
            ],
            "scale": [
                0.9999240636825562,
                0.9999315142631532,
                0.9999924898147584
            ],
            "name": "R_ankle_s"
        },
        {
            "matrix": [
                -0.9998536109924316,
                -0.000026565054213278928,
                0.009067765437066557,
                0.0,
                0.008982413448393345,
                -0.13975203037261964,
                0.9900850057601928,
                0.0,
                0.0012414808152243496,
                0.9901257157325744,
                0.13985209167003632,
                0.0,
                -0.0019389999797567728,
                0.3706260025501251,
                -0.7160670161247253,
                1.0
            ],
            "name": "R_toes_s"
        },
        {
            "children": [
                22
            ],
            "translation": [
                0.7143980264663696,
                -0.1050880029797554,
                0.21601499617099766
            ],
            "rotation": [
                -0.10614587366580965,
                0.28321972489356997,
                0.9452856779098512,
                -0.12223228067159652
            ],
            "scale": [
                0.999972641468048,
                0.9999747276306152,
                0.999997854232788
            ],
            "name": "L_upperLeg_s"
        },
        {
            "children": [
                23
            ],
            "translation": [
                -0.0,
                1.4709570407867432,
                0.0
            ],
            "rotation": [
                0.717850923538208,
                -0.0,
                -0.0,
                -0.6961547136306763
            ],
            "scale": [
                1.0,
                0.999943196773529,
                0.999943196773529
            ],
            "name": "L_lowerLeg_s"
        },
        {
            "children": [
                24
            ],
            "translation": [
                0.0,
                2.1219658851623537,
                0.0
            ],
            "rotation": [
                -0.0884600281715393,
                -0.4238145351409912,
                0.8760493993759155,
                0.2122916877269745
            ],
            "scale": [
                0.9999510049819946,
                0.9999600052833556,
                0.9999904036521912
            ],
            "name": "L_ankle_s"
        },
        {
            "matrix": [
                -0.9998537302017212,
                -0.000026565057851257739,
                0.009067767299711705,
                0.0,
                0.008982413448393345,
                -0.13975203037261964,
                0.9900850057601928,
                0.0,
                0.0012414808152243496,
                0.9901257157325744,
                0.13985209167003632,
                0.0,
                0.0019389999797567728,
                -0.3706269860267639,
                0.7160670161247253,
                1.0
            ],
            "name": "L_toes_s"
        },
        {
            "children": [
                26
            ],
            "translation": [
                -0.020952999591827394,
                0.2870689928531647,
                0.07908599823713303
            ],
            "rotation": [
                -0.18673084676265717,
                -0.0024913845118135216,
                -0.03364907577633858,
                -0.9818313121795654
            ],
            "scale": [
                0.999999701976776,
                0.9999995231628418,
                0.9999990463256836
            ],
            "name": "spine_lower_s"
        },
        {
            "children": [
                27
            ],
            "translation": [
                0.0037239999510347849,
                0.3115609884262085,
                0.0199779998511076
            ],
            "rotation": [
                -0.05327238142490387,
                -0.039369888603687289,
                -0.04644416272640228,
                -0.9967221617698668
            ],
            "scale": [
                1.0000001192092896,
                0.9999998807907105,
                1.0000001192092896
            ],
            "name": "spine_mid_s"
        },
        {
            "children": [
                28
            ],
            "translation": [
                0.0019180000526830557,
                0.31894299387931826,
                0.009674999862909316
            ],
            "rotation": [
                -0.016793526709079744,
                -0.04173773527145386,
                -0.023867709562182428,
                -0.9987022876739502
            ],
            "scale": [
                0.9999994039535524,
                1.0000001192092896,
                1.0000001192092896
            ],
            "name": "spine_upper_s"
        },
        {
            "children": [
                60,
                46,
                43,
                29
            ],
            "translation": [
                -0.013616999611258509,
                0.3117479979991913,
                -0.0012359999818727377
            ],
            "rotation": [
                0.00968873966485262,
                -0.031065495684742929,
                -0.005813245195895433,
                -0.9994534850120544
            ],
            "scale": [
                1.0000003576278689,
                0.9999995827674866,
                1.000000238418579
            ],
            "name": "chest_s"
        },
        {
            "children": [
                30
            ],
            "translation": [
                -0.1912270039319992,
                0.9444469809532166,
                0.23570899665355686
            ],
            "rotation": [
                0.945593237876892,
                -0.1037467196583748,
                -0.2722697854042053,
                0.14462412893772126
            ],
            "scale": [
                0.9999924898147584,
                0.999916672706604,
                0.999921977519989
            ],
            "name": "R_clavicle_s"
        },
        {
            "children": [
                31
            ],
            "translation": [
                -0.9926310181617736,
                -0.019670000299811364,
                0.4656530022621155
            ],
            "rotation": [
                0.7125398516654968,
                0.5349125266075134,
                0.4217230081558228,
                -0.16812321543693546
            ],
            "scale": [
                0.999963104724884,
                0.9999454021453856,
                0.9999364614486694
            ],
            "name": "R_shoulder_s"
        },
        {
            "children": [
                42,
                32
            ],
            "translation": [
                0.0,
                -1.268550992012024,
                0.0
            ],
            "rotation": [
                -0.0025528790429234506,
                -0.001414847676642239,
                0.5445934534072876,
                -0.8386901021003723
            ],
            "scale": [
                0.9999880790710448,
                0.999988317489624,
                1.0000003576278689
            ],
            "name": "R_elbow_s"
        },
        {
            "children": [
                40,
                38,
                36,
                35,
                34,
                33
            ],
            "translation": [
                0.0,
                -1.6936379671096802,
                0.0
            ],
            "rotation": [
                -0.1933085024356842,
                -0.0671735405921936,
                0.19902931153774265,
                -0.9583852291107178
            ],
            "scale": [
                0.9999951124191284,
                0.9999920129776,
                0.999995768070221
            ],
            "name": "R_wrist_s"
        },
        {
            "matrix": [
                -0.8091095685958862,
                -0.4870157241821289,
                0.3286270797252655,
                0.0,
                -0.5870469808578491,
                0.6926865577697754,
                -0.418967604637146,
                0.0,
                -0.023578127846121789,
                -0.5319527387619019,
                -0.8463482856750488,
                0.0,
                -0.21980199217796329,
                -0.6093350052833557,
                0.3154749870300293,
                1.0
            ],
            "name": "R_card_03_s"
        },
        {
            "matrix": [
                -0.9960168600082398,
                -0.03742697089910507,
                0.08051403611898422,
                0.0,
                -0.0725448876619339,
                0.8658851385116577,
                -0.4949490427970886,
                0.0,
                -0.05119095370173454,
                -0.4988352954387665,
                -0.8651466965675354,
                0.0,
                -0.2973690032958985,
                -0.8104820251464844,
                0.3394309878349304,
                1.0
            ],
            "name": "R_card_02_s"
        },
        {
            "matrix": [
                -0.9011696577072144,
                0.3964095115661621,
                -0.1752336323261261,
                0.0,
                0.4326746165752411,
                0.7992496490478516,
                -0.4171180129051209,
                0.0,
                -0.02529658004641533,
                -0.4517238736152649,
                -0.8917733430862427,
                0.0,
                -0.3326070010662079,
                -0.6461129784584045,
                0.1379700005054474,
                1.0
            ],
            "name": "R_card_01_s"
        },
        {
            "children": [
                37
            ],
            "matrix": [
                -0.02918493933975697,
                0.7661058902740479,
                0.6419402956962586,
                0.0,
                0.502447783946991,
                0.5665125250816345,
                -0.6531084179878235,
                0.0,
                -0.864032506942749,
                0.3034561574459076,
                -0.4014573693275452,
                0.0,
                -0.3675670027732849,
                -0.3043240010738373,
                0.013530000112950802,
                1.0
            ],
            "name": "R_thumb_01_s"
        },
        {
            "matrix": [
                0.9987542629241945,
                0.00005871614484931342,
                0.049892254173755649,
                0.0,
                -0.04313170909881592,
                0.5036759376525879,
                0.862790048122406,
                0.0,
                -0.025077810510993005,
                -0.8638678193092346,
                0.5030514001846314,
                0.0,
                0.003955000080168247,
                -0.5915110111236572,
                -0.10116999596357346,
                1.0
            ],
            "name": "R_thumb_02_s"
        },
        {
            "children": [
                39
            ],
            "matrix": [
                -0.9688616991043092,
                0.10054754465818404,
                -0.22616255283355714,
                0.0,
                0.17026540637016297,
                0.9339641332626344,
                -0.3141946196556092,
                0.0,
                0.17963582277297977,
                -0.3429268896579743,
                -0.9220013618469238,
                0.0,
                -0.3365809917449951,
                -0.8228799700737,
                -0.07341799885034561,
                1.0
            ],
            "name": "R_index_01_s"
        },
        {
            "matrix": [
                0.999563217163086,
                0.00006449405918829143,
                0.02953939512372017,
                0.0,
                -0.016206376254558564,
                0.8372640013694763,
                0.5465458035469055,
                0.0,
                -0.02469683438539505,
                -0.5467860698699951,
                0.8368997573852539,
                0.0,
                -0.0,
                -0.3424399793148041,
                0.0,
                1.0
            ],
            "name": "R_index_02_s"
        },
        {
            "children": [
                41
            ],
            "matrix": [
                -0.9362826943397522,
                -0.05424826219677925,
                -0.3469602465629578,
                0.0,
                0.013522795401513577,
                0.9816941022872924,
                -0.18998092412948609,
                0.0,
                0.3509151041507721,
                -0.1825726330280304,
                -0.9184094071388244,
                0.0,
                0.10215800255537032,
                -0.8037739992141724,
                0.05033300071954727,
                1.0
            ],
            "name": "R_middle_01_s"
        },
        {
            "matrix": [
                0.968457818031311,
                -0.24014399945735932,
                -0.0664643794298172,
                0.0,
                0.2181653380393982,
                0.688373327255249,
                0.6917452812194824,
                0.0,
                -0.12037644535303116,
                -0.6844258308410645,
                0.7190548181533814,
                0.0,
                0.0,
                -0.3366119861602783,
                0.0,
                1.0
            ],
            "name": "R_middle_02_s"
        },
        {
            "translation": [
                -0.0,
                -0.5645459890365601,
                0.0
            ],
            "rotation": [
                -0.0,
                -0.008888904936611653,
                -0.0,
                -0.9999605417251588
            ],
            "scale": [
                1.000000238418579,
                1.0,
                1.000000238418579
            ],
            "name": "R_forearm_twist_s"
        },
        {
            "children": [
                44
            ],
            "translation": [
                -0.17108100652694706,
                1.011144995689392,
                -1.1012840270996094
            ],
            "rotation": [
                0.9937910437583925,
                0.02599051408469677,
                -0.07747939229011536,
                -0.0752032920718193
            ],
            "scale": [
                0.9999995231628418,
                0.9999102354049684,
                0.9999099373817444
            ],
            "name": "back_item_01_s"
        },
        {
            "children": [
                45
            ],
            "translation": [
                0.005574999842792749,
                0.9158530235290529,
                0.05896800011396408
            ],
            "rotation": [
                0.1169414520263672,
                -0.009165847674012185,
                0.004183071665465832,
                -0.9930877089500428
            ],
            "scale": [
                1.0000003576278689,
                0.9999998807907105,
                0.9999998807907105
            ],
            "name": "back_item_02_s"
        },
        {
            "translation": [
                0.012449000030755997,
                0.915235996246338,
                0.2680340111255646
            ],
            "rotation": [
                -0.033771928399801257,
                -0.014302318915724756,
                0.006305322516709566,
                -0.9993072152137756
            ],
            "scale": [
                0.9999995827674866,
                0.9999998211860656,
                0.9999999403953552
            ],
            "name": "back_item_03_s"
        },
        {
            "children": [
                47
            ],
            "translation": [
                0.2110880017280579,
                0.9443740248680116,
                0.23573799431324009
            ],
            "rotation": [
                0.03211059048771858,
                -0.021130245178937913,
                0.03764691576361656,
                -0.9985514283180236
            ],
            "scale": [
                1.0000001192092896,
                0.9999998807907105,
                0.9999995231628418
            ],
            "name": "L_clavicle_s"
        },
        {
            "children": [
                48
            ],
            "translation": [
                0.9926270246505736,
                0.01966900005936623,
                -0.4656530022621155
            ],
            "rotation": [
                0.4077254235744477,
                -0.05847060680389404,
                0.7582105994224548,
                -0.5054188370704651
            ],
            "scale": [
                0.999996304512024,
                0.9999950528144836,
                0.9999991059303284
            ],
            "name": "L_shoulder_s"
        },
        {
            "children": [
                59,
                49
            ],
            "translation": [
                0.0,
                1.2685489654541016,
                0.0
            ],
            "rotation": [
                0.23677414655685426,
                -0.1905450522899628,
                0.24092641472816468,
                -0.9217286705970764
            ],
            "scale": [
                0.9999983310699464,
                0.9999982118606569,
                0.9999987483024596
            ],
            "name": "L_elbow_s"
        },
        {
            "children": [
                57,
                55,
                53,
                52,
                51,
                50
            ],
            "translation": [
                0.0,
                1.6936390399932862,
                -0.0
            ],
            "rotation": [
                -0.1406539082527161,
                -0.06203781068325043,
                0.1563709527254105,
                -0.9756609797477722
            ],
            "scale": [
                0.999998152256012,
                0.9999972581863404,
                0.9999988079071044
            ],
            "name": "L_wrist_s"
        },
        {
            "matrix": [
                -0.8175795078277588,
                -0.467651516199112,
                0.3357493281364441,
                0.0,
                -0.5690032243728638,
                0.5678234100341797,
                -0.5947928428649902,
                0.0,
                0.08752553164958954,
                -0.6773815751075745,
                -0.7303168177604675,
                0.0,
                0.08256600052118302,
                0.7201799750328064,
                -0.3554379940032959,
                1.0
            ],
            "name": "L_card_03_s"
        },
        {
            "matrix": [
                -0.9964889287948608,
                -0.0829208642244339,
                -0.00862156879156828,
                0.0,
                -0.057211972773075107,
                0.7554277181625366,
                -0.6527237892150879,
                0.0,
                0.06063814088702202,
                -0.6499581336975098,
                -0.7575117349624634,
                0.0,
                0.15359999239444734,
                0.9179760217666626,
                -0.40912100672721865,
                1.0
            ],
            "name": "L_card_02_s"
        },
        {
            "matrix": [
                -0.893885612487793,
                0.3021907806396485,
                -0.3308435082435608,
                0.0,
                0.4395226836204529,
                0.7350311279296875,
                -0.5162588953971863,
                0.0,
                0.08715926855802536,
                -0.6069462299346924,
                -0.7898344993591309,
                0.0,
                0.1745550036430359,
                0.7954239845275879,
                -0.1780640035867691,
                1.0
            ],
            "name": "L_card_01_s"
        },
        {
            "children": [
                54
            ],
            "matrix": [
                -0.02918493933975697,
                0.7661058902740479,
                0.6419402956962586,
                0.0,
                0.5024476647377014,
                0.5665123462677002,
                -0.6531082987785339,
                0.0,
                -0.8640322089195252,
                0.30345606803894045,
                -0.4014572501182556,
                0.0,
                0.3675670027732849,
                0.3043249845504761,
                -0.01353299990296364,
                1.0
            ],
            "name": "L_thumb_01_s"
        },
        {
            "matrix": [
                0.9987545609474182,
                0.00005871616303920746,
                0.04989226907491684,
                0.0,
                -0.04313172772526741,
                0.5036761164665222,
                0.8627902865409851,
                0.0,
                -0.02507780678570271,
                -0.8638677597045898,
                0.5030513405799866,
                0.0,
                -0.0039530000649392609,
                0.591509997844696,
                0.10116999596357346,
                1.0
            ],
            "name": "L_thumb_02_s"
        },
        {
            "children": [
                56
            ],
            "matrix": [
                -0.968861997127533,
                0.10054757446050644,
                -0.2261625975370407,
                0.0,
                0.17026552557945252,
                0.9339649081230164,
                -0.31419485807418826,
                0.0,
                0.17963577806949616,
                -0.3429268002510071,
                -0.9220010638237,
                0.0,
                0.33657997846603396,
                0.8228859901428223,
                0.07342199981212616,
                1.0
            ],
            "name": "L_index_01_s"
        },
        {
            "matrix": [
                0.9995648860931397,
                0.00008203923789551482,
                0.02948044054210186,
                0.0,
                -0.016188839450478558,
                0.8372644186019898,
                0.5465462803840637,
                0.0,
                -0.024637894704937936,
                -0.5467860102653503,
                0.8369017839431763,
                0.0,
                0.0,
                0.3424369990825653,
                -0.0,
                1.0
            ],
            "name": "L_index_02_s"
        },
        {
            "children": [
                58
            ],
            "matrix": [
                -0.9362826347351074,
                -0.054248254746198657,
                -0.3469602465629578,
                0.0,
                0.013522806577384472,
                0.9816949367523192,
                -0.18998105823993684,
                0.0,
                0.3509151041507721,
                -0.1825726330280304,
                -0.9184094071388244,
                0.0,
                -0.1021599993109703,
                0.8037809729576111,
                -0.05032999813556671,
                1.0
            ],
            "name": "L_middle_01_s"
        },
        {
            "matrix": [
                0.9684573411941528,
                -0.24014391005039216,
                -0.06646434962749481,
                0.0,
                0.21816539764404298,
                0.6883736252784729,
                0.6917455196380615,
                0.0,
                -0.1203763782978058,
                -0.6844255328178406,
                0.7190544605255127,
                0.0,
                -0.0,
                0.3366110026836395,
                -0.0,
                1.0
            ],
            "name": "L_middle_02_s"
        },
        {
            "translation": [
                0.0,
                0.5645459890365601,
                -0.0
            ],
            "rotation": [
                -0.0,
                0.18768474459648133,
                -0.0,
                -0.9822292923927308
            ],
            "scale": [
                0.9999998807907105,
                1.0,
                0.9999998807907105
            ],
            "name": "L_forearm_twist_s"
        },
        {
            "children": [
                61
            ],
            "matrix": [
                0.9749895334243774,
                0.21620680391788484,
                -0.05145877972245217,
                0.0,
                -0.21572619676589969,
                0.9763407111167908,
                0.01478257030248642,
                0.0,
                0.0534374825656414,
                -0.003311420558020473,
                0.998565435409546,
                0.0,
                0.0,
                1.6379480361938477,
                0.02080499939620495,
                1.0
            ],
            "name": "neck_s"
        },
        {
            "children": [
                62
            ],
            "translation": [
                0.02012100070714951,
                1.4284809827804566,
                0.029099000617861749
            ],
            "rotation": [
                0.2698311507701874,
                0.37588125467300417,
                0.1349616646766663,
                -0.8761704564094544
            ],
            "scale": [
                0.9999839663505554,
                0.999990701675415,
                0.99997878074646
            ],
            "name": "head_s"
        },
        {
            "children": [
                63
            ],
            "translation": [
                -0.0,
                1.7229679822921754,
                -1.9790370464324952
            ],
            "rotation": [
                0.698981761932373,
                -0.008611940778791905,
                -0.007381657604128122,
                -0.7150256037712097
            ],
            "scale": [
                1.0000003576278689,
                0.999964714050293,
                0.9999651908874512
            ],
            "name": "hair_01_s"
        },
        {
            "children": [
                64
            ],
            "translation": [
                0.0,
                0.42951199412345889,
                0.07971899956464768
            ],
            "rotation": [
                -0.02589770406484604,
                0.002552862046286464,
                -0.003444825066253543,
                -0.999655306339264
            ],
            "scale": [
                0.9999998807907105,
                0.9999995231628418,
                0.9999998807907105
            ],
            "name": "hair_02_s"
        },
        {
            "translation": [
                0.0,
                1.327368974685669,
                0.22471100091934205
            ],
            "rotation": [
                -0.01771627366542816,
                0.00012302969116717577,
                0.003075742861256004,
                -0.9998382925987244
            ],
            "scale": [
                1.0,
                0.9999998807907105,
                0.9999997615814208
            ],
            "name": "hair_03_s"
        }
    ],
    "meshes": [
        {
            "primitives": [
                {
                    "attributes": {
                        "JOINTS_0": 1,
                        "NORMAL": 2,
                        "POSITION": 3,
                        "WEIGHTS_0": 4
                    },
                    "indices": 0,
                    "mode": 4,
                    "material": 0
                }
            ],
            "name": "bangle_02_GEO-mesh"
        },
        {
            "primitives": [
                {
                    "attributes": {
                        "JOINTS_0": 6,
                        "NORMAL": 7,
                        "POSITION": 8,
                        "WEIGHTS_0": 9
                    },
                    "indices": 5,
                    "mode": 4,
                    "material": 0
                }
            ],
            "name": "bangle_01_GEO-mesh"
        },
        {
            "primitives": [
                {
                    "attributes": {
                        "JOINTS_0": 11,
                        "NORMAL": 12,
                        "POSITION": 13,
                        "WEIGHTS_0": 14
                    },
                    "indices": 10,
                    "mode": 4,
                    "material": 1
                }
            ],
            "name": "card_R03_GEO-mesh"
        },
        {
            "primitives": [
                {
                    "attributes": {
                        "JOINTS_0": 16,
                        "NORMAL": 17,
                        "POSITION": 18,
                        "WEIGHTS_0": 19
                    },
                    "indices": 15,
                    "mode": 4,
                    "material": 1
                }
            ],
            "name": "card_R02_GEO-mesh"
        },
        {
            "primitives": [
                {
                    "attributes": {
                        "JOINTS_0": 21,
                        "NORMAL": 22,
                        "POSITION": 23,
                        "WEIGHTS_0": 24
                    },
                    "indices": 20,
                    "mode": 4,
                    "material": 1
                }
            ],
            "name": "card_R01_GEO-mesh"
        },
        {
            "primitives": [
                {
                    "attributes": {
                        "JOINTS_0": 26,
                        "NORMAL": 27,
                        "POSITION": 28,
                        "WEIGHTS_0": 29
                    },
                    "indices": 25,
                    "mode": 4,
                    "material": 1
                }
            ],
            "name": "card_L03_GEO-mesh"
        },
        {
            "primitives": [
                {
                    "attributes": {
                        "JOINTS_0": 31,
                        "NORMAL": 32,
                        "POSITION": 33,
                        "WEIGHTS_0": 34
                    },
                    "indices": 30,
                    "mode": 4,
                    "material": 1
                }
            ],
            "name": "card_L02_GEO-mesh"
        },
        {
            "primitives": [
                {
                    "attributes": {
                        "JOINTS_0": 36,
                        "NORMAL": 37,
                        "POSITION": 38,
                        "WEIGHTS_0": 39
                    },
                    "indices": 35,
                    "mode": 4,
                    "material": 1
                }
            ],
            "name": "card_L01_GEO-mesh"
        },
        {
            "primitives": [
                {
                    "attributes": {
                        "JOINTS_0": 41,
                        "NORMAL": 42,
                        "POSITION": 43,
                        "WEIGHTS_0": 44
                    },
                    "indices": 40,
                    "mode": 4,
                    "material": 1
                }
            ],
            "name": "arms_GEO-mesh"
        },
        {
            "primitives": [
                {
                    "attributes": {
                        "JOINTS_0": 46,
                        "NORMAL": 47,
                        "POSITION": 48,
                        "WEIGHTS_0": 49
                    },
                    "indices": 45,
                    "mode": 4,
                    "material": 1
                },
                {
                    "attributes": {
                        "JOINTS_0": 51,
                        "NORMAL": 52,
                        "POSITION": 53,
                        "WEIGHTS_0": 54
                    },
                    "indices": 50,
                    "mode": 4,
                    "material": 0
                }
            ],
            "name": "ponytail_GEO-mesh"
        },
        {
            "primitives": [
                {
                    "attributes": {
                        "JOINTS_0": 56,
                        "NORMAL": 57,
                        "POSITION": 58,
                        "WEIGHTS_0": 59
                    },
                    "indices": 55,
                    "mode": 4,
                    "material": 1
                }
            ],
            "name": "jewel_GEO-mesh"
        },
        {
            "primitives": [
                {
                    "attributes": {
                        "JOINTS_0": 61,
                        "NORMAL": 62,
                        "POSITION": 63,
                        "WEIGHTS_0": 64
                    },
                    "indices": 60,
                    "mode": 4,
                    "material": 1
                }
            ],
            "name": "main_GEO-mesh"
        }
    ],
    "animations": [
        {
            "channels": [
                {
                    "sampler": 0,
                    "target": {
                        "node": 16,
                        "path": "translation"
                    }
                },
                {
                    "sampler": 1,
                    "target": {
                        "node": 16,
                        "path": "rotation"
                    }
                },
                {
                    "sampler": 2,
                    "target": {
                        "node": 16,
                        "path": "scale"
                    }
                },
                {
                    "sampler": 3,
                    "target": {
                        "node": 25,
                        "path": "translation"
                    }
                },
                {
                    "sampler": 4,
                    "target": {
                        "node": 25,
                        "path": "rotation"
                    }
                },
                {
                    "sampler": 5,
                    "target": {
                        "node": 25,
                        "path": "scale"
                    }
                },
                {
                    "sampler": 6,
                    "target": {
                        "node": 26,
                        "path": "translation"
                    }
                },
                {
                    "sampler": 7,
                    "target": {
                        "node": 26,
                        "path": "rotation"
                    }
                },
                {
                    "sampler": 8,
                    "target": {
                        "node": 26,
                        "path": "scale"
                    }
                },
                {
                    "sampler": 9,
                    "target": {
                        "node": 27,
                        "path": "translation"
                    }
                },
                {
                    "sampler": 10,
                    "target": {
                        "node": 27,
                        "path": "rotation"
                    }
                },
                {
