{
    "asset": {
        "generator": "COLLADA2GLTF",
        "version": "2.0"
    },
    "scenes": [
        {
            "nodes": [
                0
            ]
        }
    ],
    "scene": 0,
    "nodes": [
        {
            "children": [
                1
            ],
            "name": "Y_UP"
        },
        {
            "children": [
                15,
                2
            ],
            "name": "CHARACTER"
        },
        {
            "children": [
                14,
                13,
                12,
                11,
                10,
                9,
                8,
                7,
                6,
                5,
                4,
                3
            ],
            "name": "geoGrp"
        },
        {
            "mesh": 0,
            "skin": 0,
            "name": "bangle_02_GEO"
        },
        {
            "mesh": 1,
            "skin": 1,
            "name": "bangle_01_GEO"
        },
        {
            "mesh": 2,
            "skin": 2,
            "name": "card_R03_GEO"
        },
        {
            "mesh": 3,
            "skin": 3,
            "name": "card_R02_GEO"
        },
        {
            "mesh": 4,
            "skin": 4,
            "name": "card_R01_GEO"
        },
        {
            "mesh": 5,
            "skin": 5,
            "name": "card_L03_GEO"
        },
        {
            "mesh": 6,
            "skin": 6,
            "name": "card_L02_GEO"
        },
        {
            "mesh": 7,
            "skin": 7,
            "name": "card_L01_GEO"
        },
        {
            "mesh": 8,
            "skin": 8,
            "name": "arms_GEO"
        },
        {
            "mesh": 9,
            "skin": 9,
            "name": "ponytail_GEO"
        },
        {
            "mesh": 10,
            "skin": 10,
            "name": "jewel_GEO"
        },
        {
            "mesh": 11,
            "skin": 11,
            "name": "main_GEO"
        },
        {
            "children": [
                16
            ],
            "name": "Root"
        },
        {
            "children": [
                25,
                21,
                17
            ],
            "translation": [
                1.0489740371704102,
                2.987480878829956,
                -2.267731904983521
            ],
            "rotation": [
                0.04284553602337837,
                -0.31618955731391909,
                -0.02036161907017231,
                -0.9475083351135254
            ],
            "scale": [
                0.999996781349182,
                0.9999998211860656,
                0.9999971985816956
            ],
            "name": "hips_s"
        },
        {
            "children": [
                18
            ],
            "translation": [
                -0.7143980264663696,
                -0.10509300231933594,
                0.21601499617099766
            ],
            "rotation": [
                0.2266865074634552,
                0.7915264368057251,
                -0.511382520198822,
                0.24609482288360597
            ],
            "scale": [
                0.9999569058418274,
                0.9999849200248718,
                0.9999666810035706
            ],
            "name": "R_upperLeg_s"
        },
        {
            "children": [
                19
            ],
            "translation": [
                0.0,
                -1.4709550142288209,
                -0.0
            ],
            "rotation": [
                0.4152626395225525,
                -0.0,
                -0.0,
                -0.9097010493278505
            ],
            "scale": [
                1.0,
                0.9999983906745912,
                0.9999983906745912
            ],
            "name": "R_lowerLeg_s"
        },
        {
            "children": [
                20
            ],
            "translation": [
                0.0,
                -2.1219630241394045,
                0.0
            ],
            "rotation": [
                0.013718070462346076,
                0.1956823468208313,
                0.9802883267402648,
                0.022760920226573945
            ],
            "scale": [
                0.9999264478683472,
                0.9999284148216248,
                0.9999973177909852
            ],
            "name": "R_ankle_s"
        },
        {
            "translation": [
                -0.0019389999797567728,
                0.3706260025501251,
                -0.7160670161247253
            ],
            "rotation": [
                0.0034141389187425377,
                0.6557913422584534,
                0.7548936009407044,
                -0.002983525861054659
            ],
            "scale": [
                0.999894678592682,
                0.9999397993087769,
                0.9999545216560364
            ],
            "name": "R_toes_s"
        },
        {
            "children": [
                22
            ],
            "translation": [
                0.7143980264663696,
                -0.1050880029797554,
                0.21601499617099766
            ],
            "rotation": [
                -0.0882139578461647,
                0.12653842568397526,
                0.9741058349609376,
                -0.16529349982738496
            ],
            "scale": [
                0.9999956488609314,
                0.9999958872795104,
                1.0
            ],
            "name": "L_upperLeg_s"
        },
        {
            "children": [
                23
            ],
            "translation": [
                0.0,
                1.4709570407867432,
                0.0
            ],
            "rotation": [
                0.5999578237533569,
                -0.0,
                -0.0,
                -0.8000258207321167
            ],
            "scale": [
                1.0,
                0.9999880194664002,
                0.9999880194664002
            ],
            "name": "L_lowerLeg_s"
        },
        {
            "children": [
                24
            ],
            "translation": [
                0.0,
                2.1219658851623537,
                0.0
            ],
            "rotation": [
                -0.09934838116168976,
                -0.4066823124885559,
                0.8712204694747925,
                0.25630640983581545
            ],
            "scale": [
                0.999960482120514,
                0.9999668598175048,
                0.999992847442627
            ],
            "name": "L_ankle_s"
        },
        {
            "translation": [
                0.0019389999797567728,
                -0.3706269860267639,
                0.7160670161247253
            ],
            "rotation": [
                0.003414139151573181,
                0.6557912826538086,
                0.7548936605453491,
                -0.0029835256282240154
            ],
            "scale": [
                0.9998947978019714,
                0.9999397993087769,
                0.9999545216560364
            ],
            "name": "L_toes_s"
        },
        {
            "children": [
                26
            ],
            "translation": [
                -0.018400000408291818,
                0.28473401069641116,
                0.08211299777030945
            ],
            "rotation": [
                -0.19153037667274476,
                -0.0026451919693499805,
                -0.031926847994327548,
                -0.9809638261795044
            ],
            "scale": [
                0.9999997615814208,
                1.0000005960464478,
                1.0000003576278689
            ],
            "name": "spine_lower_s"
        },
        {
            "children": [
                27
            ],
            "translation": [
                0.0030330000445246698,
                0.3086889982223511,
                0.019842000678181649
            ],
            "rotation": [
                -0.0491195060312748,
                -0.03229523077607155,
                -0.04890419915318489,
                -0.9970718622207642
            ],
            "scale": [
                0.9999993443489076,
                0.999999225139618,
                0.9999998211860656
            ],
            "name": "spine_mid_s"
        },
        {
            "children": [
                28
            ],
            "translation": [
                0.0015170000260695816,
                0.3160449862480164,
                0.00961199961602688
            ],
            "rotation": [
                -0.00975017622113228,
                -0.03580190613865853,
                -0.02728203870356083,
                -0.9989388585090636
            ],
            "scale": [
                0.999999701976776,
                1.0,
                0.9999998807907105
            ],
            "name": "spine_upper_s"
        },
        {
            "children": [
                60,
                46,
                43,
                29
            ],
            "translation": [
                -0.012539999559521677,
                0.30997300148010256,
                -0.000029999999242136256
            ],
            "rotation": [
                0.016055243089795114,
                -0.02429815568029881,
                -0.008550489321351052,
                -0.9995391964912416
            ],
            "scale": [
                0.999999463558197,
                1.0000001192092896,
                1.0
            ],
            "name": "chest_s"
        },
        {
            "children": [
                30
            ],
            "translation": [
                -0.2011689990758896,
                0.9135299921035768,
                0.24821600317955018
            ],
            "rotation": [
                0.94583922624588,
                -0.11881813406944276,
                -0.267656147480011,
                0.1400411427021027
            ],
            "scale": [
                0.9999964237213136,
                0.9999627470970154,
                0.9999658465385436
            ],
            "name": "R_clavicle_s"
        },
        {
            "children": [
                31
            ],
            "translation": [
                -0.9926310181617736,
                -0.019670000299811364,
                0.4656530022621155
            ],
            "rotation": [
                0.694023609161377,
                0.5217787623405457,
                0.4768104553222656,
                -0.13681164383888246
            ],
            "scale": [
                0.999987006187439,
                0.9999825954437256,
                0.9999815225601196
            ],
            "name": "R_shoulder_s"
        },
        {
            "children": [
                42,
                32
            ],
            "translation": [
                0.0,
                -1.268550992012024,
                0.0
            ],
            "rotation": [
                -0.002522150985896588,
                -0.0014763803919777277,
                0.5601633787155151,
                -0.8283761739730835
            ],
            "scale": [
                0.9999979734420776,
                0.9999982118606569,
                1.0000003576278689
            ],
            "name": "R_elbow_s"
        },
        {
            "children": [
                40,
                38,
                36,
                35,
                34,
                33
            ],
            "translation": [
                -0.0,
                -1.6936379671096802,
                0.0
            ],
            "rotation": [
                -0.14191390573978425,
                -0.0440751276910305,
                0.2217904031276703,
                -0.963702917098999
            ],
            "scale": [
                0.9999953508377076,
                0.99999338388443,
                0.9999983310699464
            ],
            "name": "R_wrist_s"
        },
        {
            "translation": [
                -0.21980199217796329,
                -0.6093350052833557,
                0.3154749870300293
            ],
            "rotation": [
                -0.29349285364151,
                0.9148967862129213,
                -0.2598436176776886,
                -0.096241794526577
            ],
            "scale": [
                0.9999191761016846,
                0.9999863505363464,
                0.9999175071716308
            ],
            "name": "R_card_03_s"
        },
        {
            "matrix": [
                -0.9960168600082398,
                -0.03742697089910507,
                0.08051403611898422,
                0.0,
                -0.0725448876619339,
                0.8658851385116577,
                -0.4949490427970886,
                0.0,
                -0.05119095370173454,
                -0.4988352954387665,
                -0.8651466965675354,
                0.0,
                -0.2973690032958985,
                -0.8104820251464844,
                0.3394309878349304,
                1.0
            ],
            "name": "R_card_02_s"
        },
        {
            "translation": [
                -0.3326070010662079,
                -0.6461129784584045,
                0.1379700005054474
            ],
            "rotation": [
                0.21872015297412873,
                0.9476540088653565,
                -0.22920861840248109,
                0.03955479711294174
            ],
            "scale": [
                0.9999769926071168,
                0.99999737739563,
                0.9999770522117616
            ],
            "name": "R_card_01_s"
        },
        {
            "children": [
                37
            ],
            "matrix": [
                -0.02918493933975697,
                0.7661058902740479,
                0.6419402956962586,
                0.0,
                0.502447783946991,
                0.5665125250816345,
                -0.6531084179878235,
                0.0,
                -0.864032506942749,
                0.3034561574459076,
                -0.4014573693275452,
                0.0,
                -0.3675670027732849,
                -0.3043240010738373,
                0.013530000112950802,
                1.0
            ],
            "name": "R_thumb_01_s"
        },
        {
            "matrix": [
                0.9987542629241945,
                0.00005871614484931342,
                0.049892254173755649,
                0.0,
                -0.04313170909881592,
                0.5036759376525879,
                0.862790048122406,
                0.0,
                -0.025077810510993005,
                -0.8638678193092346,
                0.5030514001846314,
                0.0,
                0.003955000080168247,
                -0.5915110111236572,
                -0.10116999596357346,
                1.0
            ],
            "name": "R_thumb_02_s"
        },
        {
            "children": [
                39
            ],
            "matrix": [
                -0.9688616991043092,
                0.10054754465818404,
                -0.22616255283355714,
                0.0,
                0.17026540637016297,
                0.9339641332626344,
                -0.3141946196556092,
                0.0,
                0.17963582277297977,
                -0.3429268896579743,
                -0.9220013618469238,
                0.0,
                -0.3365809917449951,
                -0.8228799700737,
                -0.07341799885034561,
                1.0
            ],
            "name": "R_index_01_s"
        },
        {
            "matrix": [
                0.999563217163086,
                0.00006449405918829143,
                0.02953939512372017,
                0.0,
                -0.016206376254558564,
                0.8372640013694763,
                0.5465458035469055,
                0.0,
                -0.02469683438539505,
                -0.5467860698699951,
                0.8368997573852539,
                0.0,
                -0.0,
                -0.3424399793148041,
                0.0,
                1.0
            ],
            "name": "R_index_02_s"
        },
        {
            "children": [
                41
            ],
            "matrix": [
                -0.9362826943397522,
                -0.05424826219677925,
                -0.3469602465629578,
                0.0,
                0.013522795401513577,
                0.9816941022872924,
                -0.18998092412948609,
                0.0,
                0.3509151041507721,
                -0.1825726330280304,
                -0.9184094071388244,
                0.0,
                0.10215800255537032,
                -0.8037739992141724,
                0.05033300071954727,
                1.0
            ],
            "name": "R_middle_01_s"
        },
        {
            "matrix": [
                0.968457818031311,
                -0.24014399945735932,
                -0.0664643794298172,
                0.0,
                0.2181653380393982,
                0.688373327255249,
                0.6917452812194824,
                0.0,
                -0.12037644535303116,
                -0.6844258308410645,
                0.7190548181533814,
                0.0,
                -0.0,
                -0.3366119861602783,
                0.0,
                1.0
            ],
            "name": "R_middle_02_s"
        },
        {
            "translation": [
                -0.0,
                -0.5645459890365601,
                0.0
            ],
            "rotation": [
                -0.0,
                0.00021530030062422156,
                -0.0,
                -1.0
            ],
            "scale": [
                1.0000001192092896,
                1.0,
                1.0000001192092896
            ],
            "name": "R_forearm_twist_s"
        },
        {
            "children": [
                44
            ],
            "translation": [
                -0.17108100652694706,
                1.011144995689392,
                -1.1012840270996094
            ],
            "rotation": [
                0.9907767176628112,
                0.015625059604644777,
                -0.09833332896232604,
                -0.09181265532970429
            ],
            "scale": [
                0.999999225139618,
                0.9999635219573976,
                0.9999642968177797
            ],
            "name": "back_item_01_s"
        },
        {
            "children": [
                45
            ],
            "translation": [
                0.023864999413490297,
                0.930836021900177,
                0.05242700129747391
            ],
            "rotation": [
                0.2653478384017945,
                0.011042063124477864,
                -0.0031988145783543588,
                -0.964083731174469
            ],
            "scale": [
                0.999999463558197,
                0.9999984502792358,
                0.9999984502792358
            ],
            "name": "back_item_02_s"
        },
        {
            "translation": [
                0.026496000587940217,
                0.978608012199402,
                -0.0783889964222908
            ],
            "rotation": [
                0.15237073600292209,
                0.02254495397210121,
                -0.010795743204653265,
                -0.9880065321922302
            ],
            "scale": [
                0.9999995231628418,
                0.9999977946281432,
                0.9999972581863404
            ],
            "name": "back_item_03_s"
        },
        {
            "children": [
                47
            ],
            "translation": [
                0.2011689990758896,
                0.913527011871338,
                0.24821600317955018
            ],
            "rotation": [
                0.03251062706112862,
                -0.02029990777373314,
                0.021314911544322969,
                -0.9990378022193908
            ],
            "scale": [
                0.9999994039535524,
                1.0000003576278689,
                0.9999997615814208
            ],
            "name": "L_clavicle_s"
        },
        {
            "children": [
                48
            ],
            "translation": [
                0.9926270246505736,
                0.01966900005936623,
                -0.4656530022621155
            ],
            "rotation": [
                0.4363022446632385,
                -0.1254926770925522,
                0.7493878602981567,
                -0.4819164574146271
            ],
            "scale": [
                0.999923586845398,
                0.9999001622200012,
                0.9999723434448242
            ],
            "name": "L_shoulder_s"
        },
        {
            "children": [
                59,
                49
            ],
            "translation": [
                -0.0,
                1.2685489654541016,
                0.0
            ],
            "rotation": [
                0.23655471205711368,
                -0.18820412456989289,
                0.24854996800422669,
                -0.9202376008033752
            ],
            "scale": [
                0.9999923706054688,
                0.9999913573265076,
                0.9999932646751404
            ],
            "name": "L_elbow_s"
        },
        {
            "children": [
                57,
                55,
                53,
                52,
                51,
                50
            ],
            "translation": [
                0.0,
                1.6936390399932862,
                -0.0
            ],
            "rotation": [
                -0.1305365413427353,
                -0.04115408658981323,
                0.1941746771335602,
                -0.9713714122772216
            ],
            "scale": [
                0.9999998807907105,
                0.9999991059303284,
                0.999999701976776
            ],
            "name": "L_wrist_s"
        },
        {
            "matrix": [
                -0.8175795078277588,
                -0.467651516199112,
                0.3357493281364441,
                0.0,
                -0.5690032243728638,
                0.5678234100341797,
                -0.5947928428649902,
                0.0,
                0.08752553164958954,
                -0.6773815751075745,
                -0.7303168177604675,
                0.0,
                0.08256600052118302,
                0.7201799750328064,
                -0.3554379940032959,
                1.0
            ],
            "name": "L_card_03_s"
        },
        {
            "matrix": [
                -0.9964889287948608,
                -0.0829208642244339,
                -0.00862156879156828,
                0.0,
                -0.057211972773075107,
                0.7554277181625366,
                -0.6527237892150879,
                0.0,
                0.06063814088702202,
                -0.6499581336975098,
                -0.7575117349624634,
                0.0,
                0.15359999239444734,
                0.9179760217666626,
                -0.40912100672721865,
                1.0
            ],
            "name": "L_card_02_s"
        },
        {
            "matrix": [
                -0.893885612487793,
                0.3021907806396485,
                -0.3308435082435608,
                0.0,
                0.4395226836204529,
                0.7350311279296875,
                -0.5162588953971863,
                0.0,
                0.08715926855802536,
                -0.6069462299346924,
                -0.7898344993591309,
                0.0,
                0.1745550036430359,
                0.7954239845275879,
                -0.1780640035867691,
                1.0
            ],
            "name": "L_card_01_s"
        },
        {
            "children": [
                54
            ],
            "matrix": [
                -0.02918493933975697,
                0.7661058902740479,
                0.6419402956962586,
                0.0,
                0.5024476647377014,
                0.5665123462677002,
                -0.6531082987785339,
                0.0,
                -0.8640322089195252,
                0.30345606803894045,
                -0.4014572501182556,
                0.0,
                0.3675670027732849,
                0.3043249845504761,
                -0.01353299990296364,
                1.0
            ],
            "name": "L_thumb_01_s"
        },
        {
            "matrix": [
                0.9987545609474182,
                0.00005871616303920746,
                0.04989226907491684,
                0.0,
                -0.04313172772526741,
                0.5036761164665222,
                0.8627902865409851,
                0.0,
                -0.02507780678570271,
                -0.8638677597045898,
                0.5030513405799866,
                0.0,
                -0.0039530000649392609,
                0.591509997844696,
                0.10116999596357346,
                1.0
            ],
            "name": "L_thumb_02_s"
        },
        {
            "children": [
                56
            ],
            "matrix": [
                -0.968861997127533,
                0.10054757446050644,
                -0.2261625975370407,
                0.0,
                0.17026552557945252,
                0.9339649081230164,
                -0.31419485807418826,
                0.0,
                0.17963577806949616,
                -0.3429268002510071,
                -0.9220010638237,
                0.0,
                0.33657997846603396,
                0.8228859901428223,
                0.07342199981212616,
                1.0
            ],
            "name": "L_index_01_s"
        },
        {
            "matrix": [
                0.9995648860931397,
                0.00008203923789551482,
                0.02948044054210186,
                0.0,
                -0.016188839450478558,
                0.8372644186019898,
                0.5465462803840637,
                0.0,
                -0.024637894704937936,
                -0.5467860102653503,
                0.8369017839431763,
                0.0,
                0.0,
                0.3424369990825653,
                -0.0,
                1.0
            ],
            "name": "L_index_02_s"
        },
        {
            "children": [
                58
            ],
            "matrix": [
                -0.9362826347351074,
                -0.054248254746198657,
                -0.3469602465629578,
                0.0,
                0.013522806577384472,
                0.9816949367523192,
                -0.18998105823993684,
                0.0,
                0.3509151041507721,
                -0.1825726330280304,
                -0.9184094071388244,
                0.0,
                -0.1021599993109703,
                0.8037809729576111,
                -0.05032999813556671,
                1.0
            ],
            "name": "L_middle_01_s"
        },
        {
            "matrix": [
                0.9684573411941528,
                -0.24014391005039216,
                -0.06646434962749481,
                0.0,
                0.21816539764404298,
                0.6883736252784729,
                0.6917455196380615,
                0.0,
                -0.1203763782978058,
                -0.6844255328178406,
                0.7190544605255127,
                0.0,
                0.0,
                0.3366110026836395,
                -0.0,
                1.0
            ],
            "name": "L_middle_02_s"
        },
        {
            "translation": [
                0.0,
                0.5645459890365601,
                -0.0
            ],
            "rotation": [
                -0.0,
                0.192049041390419,
                -0.0,
                -0.9813845157623292
            ],
            "scale": [
                0.9999968409538268,
                1.0,
                0.9999968409538268
            ],
            "name": "L_forearm_twist_s"
        },
        {
            "children": [
                61
            ],
            "translation": [
                -0.0,
                1.6379480361938477,
                0.02080499939620495
            ],
            "rotation": [
                -0.004552097525447607,
                -0.026389867067337037,
                -0.10866597294807434,
                -0.9937171936035156
            ],
            "scale": [
                0.9999989867210388,
                0.9999987483024596,
                0.999999701976776
            ],
            "name": "neck_s"
        },
        {
            "children": [
                62
            ],
            "translation": [
                0.0,
                1.3955570459365845,
                0.04335400089621544
            ],
            "rotation": [
                0.2520237863063812,
                0.3308542370796204,
                0.1617516577243805,
                -0.8948991298675537
            ],
            "scale": [
                0.999987244606018,
                0.9999918341636658,
                0.999984085559845
            ],
            "name": "head_s"
        },
        {
            "children": [
                63
            ],
            "translation": [
                -0.0,
                1.7229679822921754,
                -1.9790370464324952
            ],
            "rotation": [
                0.6994508504867554,
                -0.009411719627678396,
                -0.00808915589004755,
                -0.7145563364028931
            ],
            "scale": [
                0.9999997615814208,
                0.9999753832817078,
                0.9999761581420898
            ],
            "name": "hair_01_s"
        },
        {
            "children": [
                64
            ],
            "translation": [
                0.0,
                0.42951199412345889,
                0.07971899956464768
            ],
            "rotation": [
                0.006828293204307556,
                0.001722452463582158,
                -0.02371448650956154,
                -0.999694049358368
            ],
            "scale": [
                1.0000004768371585,
                1.000000238418579,
                0.9999998211860656
            ],
            "name": "hair_02_s"
        },
        {
            "translation": [
                -0.0,
                1.327368974685669,
                0.22471100091934205
            ],
            "rotation": [
                0.02168378978967667,
                -0.0010765002807602289,
                -0.03164910152554512,
                -0.9992632865905762
            ],
            "scale": [
                1.000000238418579,
                0.9999999403953552,
                1.0000003576278689
            ],
            "name": "hair_03_s"
        }
    ],
    "meshes": [
        {
            "primitives": [
                {
                    "attributes": {
                        "JOINTS_0": 1,
                        "NORMAL": 2,
                        "POSITION": 3,
                        "WEIGHTS_0": 4
                    },
                    "indices": 0,
                    "mode": 4,
                    "material": 0
                }
            ],
            "name": "bangle_02_GEO-mesh"
        },
        {
            "primitives": [
                {
                    "attributes": {
                        "JOINTS_0": 6,
                        "NORMAL": 7,
                        "POSITION": 8,
                        "WEIGHTS_0": 9
                    },
                    "indices": 5,
                    "mode": 4,
                    "material": 0
                }
            ],
            "name": "bangle_01_GEO-mesh"
        },
        {
            "primitives": [
                {
                    "attributes": {
                        "JOINTS_0": 11,
                        "NORMAL": 12,
                        "POSITION": 13,
                        "WEIGHTS_0": 14
                    },
                    "indices": 10,
                    "mode": 4,
                    "material": 1
                }
            ],
            "name": "card_R03_GEO-mesh"
        },
        {
            "primitives": [
                {
                    "attributes": {
                        "JOINTS_0": 16,
                        "NORMAL": 17,
                        "POSITION": 18,
                        "WEIGHTS_0": 19
                    },
                    "indices": 15,
                    "mode": 4,
                    "material": 1
                }
            ],
            "name": "card_R02_GEO-mesh"
        },
        {
            "primitives": [
                {
                    "attributes": {
                        "JOINTS_0": 21,
                        "NORMAL": 22,
                        "POSITION": 23,
                        "WEIGHTS_0": 24
                    },
                    "indices": 20,
                    "mode": 4,
                    "material": 1
                }
            ],
            "name": "card_R01_GEO-mesh"
        },
        {
            "primitives": [
                {
                    "attributes": {
                        "JOINTS_0": 26,
                        "NORMAL": 27,
                        "POSITION": 28,
                        "WEIGHTS_0": 29
                    },
                    "indices": 25,
                    "mode": 4,
                    "material": 1
                }
            ],
            "name": "card_L03_GEO-mesh"
        },
        {
            "primitives": [
                {
                    "attributes": {
                        "JOINTS_0": 31,
                        "NORMAL": 32,
                        "POSITION": 33,
                        "WEIGHTS_0": 34
                    },
                    "indices": 30,
                    "mode": 4,
                    "material": 1
                }
            ],
            "name": "card_L02_GEO-mesh"
        },
        {
            "primitives": [
                {
                    "attributes": {
                        "JOINTS_0": 36,
                        "NORMAL": 37,
                        "POSITION": 38,
                        "WEIGHTS_0": 39
                    },
                    "indices": 35,
                    "mode": 4,
                    "material": 1
                }
            ],
            "name": "card_L01_GEO-mesh"
        },
        {
            "primitives": [
                {
                    "attributes": {
                        "JOINTS_0": 41,
                        "NORMAL": 42,
                        "POSITION": 43,
                        "WEIGHTS_0": 44
                    },
                    "indices": 40,
                    "mode": 4,
                    "material": 1
                }
            ],
            "name": "arms_GEO-mesh"
        },
        {
            "primitives": [
                {
                    "attributes": {
                        "JOINTS_0": 46,
                        "NORMAL": 47,
                        "POSITION": 48,
                        "WEIGHTS_0": 49
                    },
                    "indices": 45,
                    "mode": 4,
                    "material": 1
                },
                {
                    "attributes": {
                        "JOINTS_0": 51,
                        "NORMAL": 52,
                        "POSITION": 53,
                        "WEIGHTS_0": 54
                    },
                    "indices": 50,
                    "mode": 4,
                    "material": 0
                }
            ],
            "name": "ponytail_GEO-mesh"
        },
        {
            "primitives": [
                {
                    "attributes": {
                        "JOINTS_0": 56,
                        "NORMAL": 57,
                        "POSITION": 58,
                        "WEIGHTS_0": 59
                    },
                    "indices": 55,
                    "mode": 4,
                    "material": 1
                }
            ],
            "name": "jewel_GEO-mesh"
        },
        {
            "primitives": [
                {
                    "attributes": {
                        "JOINTS_0": 61,
                        "NORMAL": 62,
                        "POSITION": 63,
                        "WEIGHTS_0": 64
                    },
                    "indices": 60,
                    "mode": 4,
                    "material": 1
                }
            ],
            "name": "main_GEO-mesh"
        }
    ],
    "animations": [
        {
            "channels": [
                {
                    "sampler": 0,
                    "target": {
                        "node": 16,
                        "path": "translation"
                    }
                },
                {
                    "sampler": 1,
                    "target": {
                        "node": 16,
                        "path": "rotation"
                    }
                },
                {
                    "sampler": 2,
                    "target": {
                        "node": 16,
                        "path": "scale"
                    }
                },
                {
                    "sampler": 3,
                    "target": {
                        "node": 25,
                        "path": "translation"
                    }
                },
                {
                    "sampler": 4,
                    "target": {
                        "node": 25,
                        "path": "rotation"
                    }
                },
                {
                    "sampler": 5,
                    "target": {
                        "node": 25,
                        "path": "scale"
                    }
                },
                {
                    "sampler": 6,
                    "target": {
                        "node": 26,
                        "path": "translation"
                    }
                },
                {
                    "sampler": 7,
                    "target": {
                        "node": 26,
                        "path": "rotation"
                    }
                },
                {
                    "sampler": 8,
                    "target": {
                        "node": 26,
                        "path": "scale"
                    }
                },
                {
                    "sampler": 9,
                    "target": {
                        "node": 27,
                        "path": "translation"
                    }
                },
                {
                    "sampler": 10,
                    "target": {
                        "node": 27,
                        "path": "rotation"
                    }
                },
                {
                    "sampler": 11,
                    "target": {
                        "node": 27,
                        "path": "scale"
                    }
                },
                {
                    "sampler": 12,
                    "target": {
                        "node": 28,
                        "path": "translation"
                    }
                },
                {
                    "sampler": 13,
                    "target": {
