{
    "asset": {
        "generator": "COLLADA2GLTF",
        "version": "2.0"
    },
    "scenes": [
        {
            "nodes": [
                0
            ]
        }
    ],
    "scene": 0,
    "nodes": [
        {
            "children": [
                1
            ],
            "name": "Y_UP"
        },
        {
            "children": [
                15,
                2
            ],
            "name": "CHARACTER"
        },
        {
            "children": [
                14,
                13,
                12,
                11,
                10,
                9,
                8,
                7,
                6,
                5,
                4,
                3
            ],
            "name": "geoGrp"
        },
        {
            "mesh": 0,
            "skin": 0,
            "name": "bangle_02_GEO"
        },
        {
            "mesh": 1,
            "skin": 1,
            "name": "bangle_01_GEO"
        },
        {
            "mesh": 2,
            "skin": 2,
            "name": "card_R03_GEO"
        },
        {
            "mesh": 3,
            "skin": 3,
            "name": "card_R02_GEO"
        },
        {
            "mesh": 4,
            "skin": 4,
            "name": "card_R01_GEO"
        },
        {
            "mesh": 5,
            "skin": 5,
            "name": "card_L03_GEO"
        },
        {
            "mesh": 6,
            "skin": 6,
            "name": "card_L02_GEO"
        },
        {
            "mesh": 7,
            "skin": 7,
            "name": "card_L01_GEO"
        },
        {
            "mesh": 8,
            "skin": 8,
            "name": "arms_GEO"
        },
        {
            "mesh": 9,
            "skin": 9,
            "name": "ponytail_GEO"
        },
        {
            "mesh": 10,
            "skin": 10,
            "name": "jewel_GEO"
        },
        {
            "mesh": 11,
            "skin": 11,
            "name": "main_GEO"
        },
        {
            "children": [
                16
            ],
            "name": "Root"
        },
        {
            "children": [
                25,
                21,
                17
            ],
            "translation": [
                0.21159999072551728,
                3.631278991699219,
                -0.2411089986562729
            ],
            "rotation": [
                -0.19586512446403504,
                0.07009685039520264,
                0.020915241912007333,
                -0.9778982996940612
            ],
            "scale": [
                0.999999701976776,
                0.999998152256012,
                0.9999990463256836
            ],
            "name": "hips_s"
        },
        {
            "children": [
                18
            ],
            "translation": [
                -0.7143980264663696,
                -0.10509300231933594,
                0.21601499617099766
            ],
            "rotation": [
                -0.011257427744567396,
                0.9851171970367432,
                0.16886140406131745,
                -0.029958290979266168
            ],
            "scale": [
                0.9999887347221376,
                0.999999463558197,
                0.9999889135360718
            ],
            "name": "R_upperLeg_s"
        },
        {
            "children": [
                19
            ],
            "translation": [
                -0.0,
                -1.4709550142288209,
                -0.0
            ],
            "rotation": [
                0.738797664642334,
                -0.0,
                -0.0,
                -0.6738831400871277
            ],
            "scale": [
                1.0,
                0.9999459385871888,
                0.9999459385871888
            ],
            "name": "R_lowerLeg_s"
        },
        {
            "children": [
                20
            ],
            "translation": [
                0.0,
                -2.1219630241394045,
                0.0
            ],
            "rotation": [
                -0.03229589760303497,
                0.13834945857524873,
                0.9893003106117249,
                -0.03303408622741699
            ],
            "scale": [
                0.9999802708625794,
                0.9999800324440002,
                0.9999995231628418
            ],
            "name": "R_ankle_s"
        },
        {
            "translation": [
                -0.0019389999797567728,
                0.3706260025501251,
                -0.7160670161247253
            ],
            "rotation": [
                0.0034141389187425377,
                0.6557913422584534,
                0.7548936009407044,
                -0.002983525861054659
            ],
            "scale": [
                0.999894678592682,
                0.9999397993087769,
                0.9999545216560364
            ],
            "name": "R_toes_s"
        },
        {
            "children": [
                22
            ],
            "translation": [
                0.7143980264663696,
                -0.1050880029797554,
                0.21601499617099766
            ],
            "rotation": [
                0.031034817919135098,
                0.5899077653884888,
                0.8064748048782349,
                0.024544885382056237
            ],
            "scale": [
                0.9999166131019592,
                0.999945878982544,
                0.99997079372406
            ],
            "name": "L_upperLeg_s"
        },
        {
            "children": [
                23
            ],
            "translation": [
                0.0,
                1.4709570407867432,
                0.0
            ],
            "rotation": [
                0.2608567774295807,
                -0.0,
                -0.0,
                -0.965376913547516
            ],
            "scale": [
                1.0,
                0.999997854232788,
                0.999997854232788
            ],
            "name": "L_lowerLeg_s"
        },
        {
            "children": [
                24
            ],
            "translation": [
                0.0,
                2.1219658851623537,
                0.0
            ],
            "rotation": [
                -0.01577885076403618,
                -0.007381920702755451,
                0.997020661830902,
                -0.07504952698945999
            ],
            "scale": [
                0.999971866607666,
                0.9999724626541138,
                0.9999999403953552
            ],
            "name": "L_ankle_s"
        },
        {
            "translation": [
                0.0019389999797567728,
                -0.3706269860267639,
                0.7160670161247253
            ],
            "rotation": [
                0.003414139151573181,
                0.6557912826538086,
                0.7548936605453491,
                -0.0029835256282240154
            ],
            "scale": [
                0.9998947978019714,
                0.9999397993087769,
                0.9999545216560364
            ],
            "name": "L_toes_s"
        },
        {
            "children": [
                26
            ],
            "translation": [
                -0.00957999937236309,
                0.299686998128891,
                0.01732500083744526
            ],
            "rotation": [
                0.061299435794353488,
                -0.002460590098053217,
                -0.0495193675160408,
                -0.9968870282173156
            ],
            "scale": [
                0.9999996423721314,
                0.9999993443489076,
                0.9999992847442628
            ],
            "name": "spine_lower_s"
        },
        {
            "children": [
                27
            ],
            "translation": [
                0.009878999553620816,
                0.3166399896144867,
                0.019034000113606458
            ],
            "rotation": [
                -0.06249947473406792,
                -0.14299218356609345,
                0.013810168020427229,
                -0.987651526927948
            ],
            "scale": [
                0.9999989867210388,
                0.9999992847442628,
                0.9999985098838806
            ],
            "name": "spine_mid_s"
        },
        {
            "children": [
                28
            ],
            "translation": [
                0.008787999860942364,
                0.3169940114021301,
                0.008423999883234501
            ],
            "rotation": [
                -0.050011444836854938,
                -0.14274483919143678,
                0.002737404080107808,
                -0.988490879535675
            ],
            "scale": [
                0.999998152256012,
                0.999999701976776,
                0.9999980330467224
            ],
            "name": "spine_upper_s"
        },
        {
            "children": [
                60,
                46,
                43,
                29
            ],
            "translation": [
                -0.006969000212848187,
                0.3087689876556397,
                0.0029899999499320986
            ],
            "rotation": [
                -0.015378803946077824,
                -0.14191557466983796,
                -0.00956561416387558,
                -0.9897127747535706
            ],
            "scale": [
                0.9999986290931702,
                1.0000001192092896,
                0.9999986886978148
            ],
            "name": "chest_s"
        },
        {
            "children": [
                30
            ],
            "translation": [
                -0.2011689990758896,
                0.9135299921035768,
                0.24821600317955018
            ],
            "rotation": [
                0.9221864342689514,
                -0.17707380652427674,
                -0.3023512363433838,
                0.1635095477104187
            ],
            "scale": [
                0.9999840259552002,
                0.9998763203620912,
                0.999884843826294
            ],
            "name": "R_clavicle_s"
        },
        {
            "children": [
                31
            ],
            "translation": [
                -0.9926310181617736,
                -0.019670000299811364,
                0.4656530022621155
            ],
            "rotation": [
                0.6430574655532837,
                0.5260542035102844,
                0.5496454834938049,
                -0.08692201226949692
            ],
            "scale": [
                0.9999093413352966,
                0.9998875856399536,
                0.9998912215232848
            ],
            "name": "R_shoulder_s"
        },
        {
            "children": [
                42,
                32
            ],
            "translation": [
                0.0,
                -1.268550992012024,
                0.0
            ],
            "rotation": [
                -0.002491353778168559,
                -0.001507115550339222,
                0.5746415853500366,
                -0.8183929920196533
            ],
            "scale": [
                0.999984622001648,
                0.999984323978424,
                1.0000003576278689
            ],
            "name": "R_elbow_s"
        },
        {
            "children": [
                40,
                38,
                36,
                35,
                34,
                33
            ],
            "translation": [
                0.0,
                -1.6936379671096802,
                0.0
            ],
            "rotation": [
                -0.17242524027824406,
                -0.04967297241091728,
                0.22031427919864658,
                -0.9587804079055786
            ],
            "scale": [
                0.9999951720237732,
                0.9999932646751404,
                0.9999972581863404
            ],
            "name": "R_wrist_s"
        },
        {
            "matrix": [
                -0.8091095685958862,
                -0.4870157241821289,
                0.3286270797252655,
                0.0,
                -0.5870469808578491,
                0.6926865577697754,
                -0.418967604637146,
                0.0,
                -0.023578127846121789,
                -0.5319527387619019,
                -0.8463482856750488,
                0.0,
                -0.21980199217796329,
                -0.6093350052833557,
                0.3154749870300293,
                1.0
            ],
            "name": "R_card_03_s"
        },
        {
            "matrix": [
                -0.9960168600082398,
                -0.03742697089910507,
                0.08051403611898422,
                0.0,
                -0.0725448876619339,
                0.8658851385116577,
                -0.4949490427970886,
                0.0,
                -0.05119095370173454,
                -0.4988352954387665,
                -0.8651466965675354,
                0.0,
                -0.2973690032958985,
                -0.8104820251464844,
                0.3394309878349304,
                1.0
            ],
            "name": "R_card_02_s"
        },
        {
            "matrix": [
                -0.9011696577072144,
                0.3964095115661621,
                -0.1752336323261261,
                0.0,
                0.4326746165752411,
                0.7992496490478516,
                -0.4171180129051209,
                0.0,
                -0.02529658004641533,
                -0.4517238736152649,
                -0.8917733430862427,
                0.0,
                -0.3326070010662079,
                -0.6461129784584045,
                0.1379700005054474,
                1.0
            ],
            "name": "R_card_01_s"
        },
        {
            "children": [
                37
            ],
            "matrix": [
                -0.02918493933975697,
                0.7661058902740479,
                0.6419402956962586,
                0.0,
                0.502447783946991,
                0.5665125250816345,
                -0.6531084179878235,
                0.0,
                -0.864032506942749,
                0.3034561574459076,
                -0.4014573693275452,
                0.0,
                -0.3675670027732849,
                -0.3043240010738373,
                0.013530000112950802,
                1.0
            ],
            "name": "R_thumb_01_s"
        },
        {
            "matrix": [
                0.9987542629241945,
                0.00005871614484931342,
                0.049892254173755649,
                0.0,
                -0.04313170909881592,
                0.5036759376525879,
                0.862790048122406,
                0.0,
                -0.025077810510993005,
                -0.8638678193092346,
                0.5030514001846314,
                0.0,
                0.003955000080168247,
                -0.5915110111236572,
                -0.10116999596357346,
                1.0
            ],
            "name": "R_thumb_02_s"
        },
        {
            "children": [
                39
            ],
            "matrix": [
                -0.9688616991043092,
                0.10054754465818404,
                -0.22616255283355714,
                0.0,
                0.17026540637016297,
                0.9339641332626344,
                -0.3141946196556092,
                0.0,
                0.17963582277297977,
                -0.3429268896579743,
                -0.9220013618469238,
                0.0,
                -0.3365809917449951,
                -0.8228799700737,
                -0.07341799885034561,
                1.0
            ],
            "name": "R_index_01_s"
        },
        {
            "matrix": [
                0.999563217163086,
                0.00006449405918829143,
                0.02953939512372017,
                0.0,
                -0.016206376254558564,
                0.8372640013694763,
                0.5465458035469055,
                0.0,
                -0.02469683438539505,
                -0.5467860698699951,
                0.8368997573852539,
                0.0,
                -0.0,
                -0.3424399793148041,
                0.0,
                1.0
            ],
            "name": "R_index_02_s"
        },
        {
            "children": [
                41
            ],
            "matrix": [
                -0.9362826943397522,
                -0.05424826219677925,
                -0.3469602465629578,
                0.0,
                0.013522795401513577,
                0.9816941022872924,
                -0.18998092412948609,
                0.0,
                0.3509151041507721,
                -0.1825726330280304,
                -0.9184094071388244,
                0.0,
                0.10215800255537032,
                -0.8037739992141724,
                0.05033300071954727,
                1.0
            ],
            "name": "R_middle_01_s"
        },
        {
            "matrix": [
                0.968457818031311,
                -0.24014399945735932,
                -0.0664643794298172,
                0.0,
                0.2181653380393982,
                0.688373327255249,
                0.6917452812194824,
                0.0,
                -0.12037644535303116,
                -0.6844258308410645,
                0.7190548181533814,
                0.0,
                -0.0,
                -0.3366119861602783,
                0.0,
                1.0
            ],
            "name": "R_middle_02_s"
        },
        {
            "translation": [
                0.0,
                -0.5645459890365601,
                0.0
            ],
            "rotation": [
                -0.0,
                -0.0027989144437015058,
                -0.0,
                -0.9999960660934448
            ],
            "name": "R_forearm_twist_s"
        },
        {
            "children": [
                44
            ],
            "translation": [
                0.0,
                1.0293599367141724,
                -0.9177370071411132
            ],
            "rotation": [
                0.8529193997383118,
                -0.17873476445674897,
                -0.2127838432788849,
                -0.4418694078922272
            ],
            "scale": [
                0.9999912977218628,
                0.9999122619628906,
                0.9999135732650756
            ],
            "name": "back_item_01_s"
        },
        {
            "children": [
                45
            ],
            "translation": [
                0.08310700207948685,
                0.9403849840164184,
                0.013314000330865384
            ],
            "rotation": [
                0.2693138420581818,
                -0.013502595946192742,
                -0.013656388968229294,
                -0.9628600478172302
            ],
            "scale": [
                0.9999995827674866,
                0.9999969601631165,
                0.9999966621398926
            ],
            "name": "back_item_02_s"
        },
        {
            "translation": [
                0.0329039990901947,
                1.020522952079773,
                -0.020049000158905984
            ],
            "rotation": [
                0.0789542943239212,
                0.016485977917909627,
                0.04016919434070587,
                -0.9959319233894348
            ],
            "scale": [
                0.9999999403953552,
                0.9999991059303284,
                0.9999990463256836
            ],
            "name": "back_item_03_s"
        },
        {
            "children": [
                47
            ],
            "translation": [
                0.2011689990758896,
                0.913527011871338,
                0.24821600317955018
            ],
            "rotation": [
                -0.010519090108573437,
                -0.08990436047315598,
                -0.013410298153758048,
                -0.9958045482635498
            ],
            "scale": [
                0.9999995231628418,
                1.0000004768371585,
                0.9999998807907105
            ],
            "name": "L_clavicle_s"
        },
        {
            "children": [
                48
            ],
            "translation": [
                1.0206630229949952,
                -0.07751099765300751,
                -0.3352549970149994
            ],
            "rotation": [
                0.3070276975631714,
                -0.17195147275924684,
                0.7364915013313294,
                -0.5775981545448303
            ],
            "scale": [
                0.9999272227287293,
                0.9999186396598816,
                0.999984085559845
            ],
            "name": "L_shoulder_s"
        },
        {
            "children": [
                59,
                49
            ],
            "translation": [
                -0.0,
                1.2685489654541016,
                0.0
            ],
            "rotation": [
                -0.00292199244722724,
                -0.0002768200065474957,
                0.1614477038383484,
                -0.9868767857551576
            ],
            "scale": [
                0.9999987483024596,
                1.0,
                1.000000238418579
            ],
            "name": "L_elbow_s"
        },
        {
            "children": [
                57,
                55,
                53,
                52,
                51,
                50
            ],
            "translation": [
                0.0,
                1.6936390399932862,
                0.0
            ],
            "rotation": [
                -0.1924740970134735,
                -0.37633660435676577,
                0.2107435166835785,
                -0.8814135789871216
            ],
            "scale": [
                0.9999722838401794,
                0.9999873638153076,
                0.9999725222587586
            ],
            "name": "L_wrist_s"
        },
        {
            "matrix": [
                -0.8175795078277588,
                -0.467651516199112,
                0.3357493281364441,
                0.0,
                -0.5690032243728638,
                0.5678234100341797,
                -0.5947928428649902,
                0.0,
                0.08752553164958954,
                -0.6773815751075745,
                -0.7303168177604675,
                0.0,
                0.08256600052118302,
                0.7201799750328064,
                -0.3554379940032959,
                1.0
            ],
            "name": "L_card_03_s"
        },
        {
            "matrix": [
                -0.9964889287948608,
                -0.0829208642244339,
                -0.00862156879156828,
                0.0,
                -0.057211972773075107,
                0.7554277181625366,
                -0.6527237892150879,
                0.0,
                0.06063814088702202,
                -0.6499581336975098,
                -0.7575117349624634,
                0.0,
                0.15359999239444734,
                0.9179760217666626,
                -0.40912100672721865,
                1.0
            ],
            "name": "L_card_02_s"
        },
        {
            "matrix": [
                -0.893885612487793,
                0.3021907806396485,
                -0.3308435082435608,
                0.0,
                0.4395226836204529,
                0.7350311279296875,
                -0.5162588953971863,
                0.0,
                0.08715926855802536,
                -0.6069462299346924,
                -0.7898344993591309,
                0.0,
                0.1745550036430359,
                0.7954239845275879,
                -0.1780640035867691,
                1.0
            ],
            "name": "L_card_01_s"
        },
        {
            "children": [
                54
            ],
            "matrix": [
                -0.02918493933975697,
                0.7661058902740479,
                0.6419402956962586,
                0.0,
                0.5024476647377014,
                0.5665123462677002,
                -0.6531082987785339,
                0.0,
                -0.8640322089195252,
                0.30345606803894045,
                -0.4014572501182556,
                0.0,
                0.3675670027732849,
                0.3043249845504761,
                -0.01353299990296364,
                1.0
            ],
            "name": "L_thumb_01_s"
        },
        {
            "matrix": [
                0.9987545609474182,
                0.00005871616303920746,
                0.04989226907491684,
                0.0,
                -0.04313172772526741,
                0.5036761164665222,
                0.8627902865409851,
                0.0,
                -0.02507780678570271,
                -0.8638677597045898,
                0.5030513405799866,
                0.0,
                -0.0039530000649392609,
                0.591509997844696,
                0.10116999596357346,
                1.0
            ],
            "name": "L_thumb_02_s"
        },
        {
            "children": [
                56
            ],
            "matrix": [
                -0.968861997127533,
                0.10054757446050644,
                -0.2261625975370407,
                0.0,
                0.17026552557945252,
                0.9339649081230164,
                -0.31419485807418826,
                0.0,
                0.17963577806949616,
                -0.3429268002510071,
                -0.9220010638237,
                0.0,
                0.33657997846603396,
                0.8228859901428223,
                0.07342199981212616,
                1.0
            ],
            "name": "L_index_01_s"
        },
        {
            "matrix": [
                0.9995648860931397,
                0.00008203923789551482,
                0.02948044054210186,
                0.0,
                -0.016188839450478558,
                0.8372644186019898,
                0.5465462803840637,
                0.0,
                -0.024637894704937936,
                -0.5467860102653503,
                0.8369017839431763,
                0.0,
                0.0,
                0.3424369990825653,
                -0.0,
                1.0
            ],
            "name": "L_index_02_s"
        },
        {
            "children": [
                58
            ],
            "matrix": [
                -0.9362826347351074,
                -0.054248254746198657,
                -0.3469602465629578,
                0.0,
                0.013522806577384472,
                0.9816949367523192,
                -0.18998105823993684,
                0.0,
                0.3509151041507721,
                -0.1825726330280304,
                -0.9184094071388244,
                0.0,
                -0.1021599993109703,
                0.8037809729576111,
                -0.05032999813556671,
                1.0
            ],
            "name": "L_middle_01_s"
        },
        {
            "matrix": [
                0.9684573411941528,
                -0.24014391005039216,
                -0.06646434962749481,
                0.0,
                0.21816539764404298,
                0.6883736252784729,
                0.6917455196380615,
                0.0,
                -0.1203763782978058,
                -0.6844255328178406,
                0.7190544605255127,
                0.0,
                0.0,
                0.3366110026836395,
                -0.0,
                1.0
            ],
            "name": "L_middle_02_s"
        },
        {
            "translation": [
                0.0,
                0.5645459890365601,
                0.0
            ],
            "rotation": [
                -0.0,
                -0.11592449247837068,
                -0.0,
                -0.9932576417922974
            ],
            "scale": [
                0.9999985098838806,
                1.0,
                0.9999985098838806
            ],
            "name": "L_forearm_twist_s"
        },
        {
            "children": [
                61
            ],
            "translation": [
                0.0,
                1.6379480361938477,
                0.02080499939620495
            ],
            "rotation": [
                0.09337860345840454,
                0.26408064365386965,
                0.029188502579927449,
                -0.9595234990119934
            ],
            "scale": [
                0.999992609024048,
                0.9999989867210388,
                0.9999916553497316
            ],
            "name": "neck_s"
        },
        {
            "children": [
                62
            ],
            "translation": [
                0.0008679999737069011,
                1.3883639574050904,
                0.0034089998807758099
            ],
            "rotation": [
                0.1691336035728455,
                0.062098681926727298,
                0.02319089137017727,
                -0.9833605289459229
            ],
            "scale": [
                0.9999993443489076,
                0.9999971389770508,
                0.9999966025352478
            ],
            "name": "head_s"
        },
        {
            "children": [
                63
            ],
            "translation": [
                0.0,
                1.7229679822921754,
                -1.9790370464324952
            ],
            "rotation": [
                0.7024004459381104,
                -0.0013840100727975369,
                -0.0007381381583400071,
                -0.7117301821708679
            ],
            "scale": [
                0.9999999403953552,
                0.9999273419380188,
                0.9999281167984008
            ],
            "name": "hair_01_s"
        },
        {
            "children": [
                64
            ],
            "translation": [
                -0.0,
                0.42951199412345889,
                0.07971899956464768
            ],
            "rotation": [
                -0.06972808390855789,
                0.0007689466001465917,
                -0.005967024248093367,
                -0.9975478649139404
            ],
            "scale": [
                0.9999995827674866,
                0.9999995827674866,
                1.0000003576278689
            ],
            "name": "hair_02_s"
        },
        {
            "translation": [
                0.0,
                1.327368974685669,
                0.22471100091934205
            ],
            "rotation": [
                0.09777854382991792,
                0.0023068226873874666,
                -0.01261062826961279,
                -0.9951255321502686
            ],
            "scale": [
                0.9999995827674866,
                1.0,
                0.9999997615814208
            ],
            "name": "hair_03_s"
        }
    ],
    "meshes": [
        {
            "primitives": [
                {
                    "attributes": {
                        "JOINTS_0": 1,
                        "NORMAL": 2,
                        "POSITION": 3,
                        "WEIGHTS_0": 4
                    },
                    "indices": 0,
                    "mode": 4,
                    "material": 0
                }
            ],
            "name": "bangle_02_GEO-mesh"
        },
        {
            "primitives": [
                {
                    "attributes": {
                        "JOINTS_0": 6,
                        "NORMAL": 7,
                        "POSITION": 8,
                        "WEIGHTS_0": 9
                    },
                    "indices": 5,
                    "mode": 4,
                    "material": 0
                }
            ],
            "name": "bangle_01_GEO-mesh"
        },
        {
            "primitives": [
                {
                    "attributes": {
                        "JOINTS_0": 11,
                        "NORMAL": 12,
                        "POSITION": 13,
                        "WEIGHTS_0": 14
                    },
                    "indices": 10,
                    "mode": 4,
                    "material": 1
                }
            ],
            "name": "card_R03_GEO-mesh"
        },
        {
            "primitives": [
                {
                    "attributes": {
                        "JOINTS_0": 16,
                        "NORMAL": 17,
                        "POSITION": 18,
                        "WEIGHTS_0": 19
                    },
                    "indices": 15,
                    "mode": 4,
                    "material": 1
                }
            ],
            "name": "card_R02_GEO-mesh"
        },
        {
            "primitives": [
                {
                    "attributes": {
                        "JOINTS_0": 21,
                        "NORMAL": 22,
                        "POSITION": 23,
                        "WEIGHTS_0": 24
                    },
                    "indices": 20,
                    "mode": 4,
                    "material": 1
                }
            ],
            "name": "card_R01_GEO-mesh"
        },
        {
            "primitives": [
                {
                    "attributes": {
                        "JOINTS_0": 26,
                        "NORMAL": 27,
                        "POSITION": 28,
                        "WEIGHTS_0": 29
                    },
                    "indices": 25,
                    "mode": 4,
                    "material": 1
                }
            ],
            "name": "card_L03_GEO-mesh"
        },
        {
            "primitives": [
                {
                    "attributes": {
                        "JOINTS_0": 31,
                        "NORMAL": 32,
                        "POSITION": 33,
                        "WEIGHTS_0": 34
                    },
                    "indices": 30,
                    "mode": 4,
                    "material": 1
                }
            ],
            "name": "card_L02_GEO-mesh"
        },
        {
            "primitives": [
                {
                    "attributes": {
                        "JOINTS_0": 36,
                        "NORMAL": 37,
                        "POSITION": 38,
                        "WEIGHTS_0": 39
                    },
                    "indices": 35,
                    "mode": 4,
                    "material": 1
                }
            ],
            "name": "card_L01_GEO-mesh"
        },
        {
            "primitives": [
                {
                    "attributes": {
                        "JOINTS_0": 41,
                        "NORMAL": 42,
                        "POSITION": 43,
                        "WEIGHTS_0": 44
                    },
                    "indices": 40,
                    "mode": 4,
                    "material": 1
                }
            ],
            "name": "arms_GEO-mesh"
        },
        {
            "primitives": [
                {
                    "attributes": {
                        "JOINTS_0": 46,
                        "NORMAL": 47,
                        "POSITION": 48,
                        "WEIGHTS_0": 49
                    },
                    "indices": 45,
                    "mode": 4,
                    "material": 1
                },
                {
                    "attributes": {
                        "JOINTS_0": 51,
                        "NORMAL": 52,
                        "POSITION": 53,
                        "WEIGHTS_0": 54
                    },
                    "indices": 50,
                    "mode": 4,
                    "material": 0
                }
            ],
            "name": "ponytail_GEO-mesh"
        },
        {
            "primitives": [
                {
                    "attributes": {
                        "JOINTS_0": 56,
                        "NORMAL": 57,
                        "POSITION": 58,
                        "WEIGHTS_0": 59
                    },
                    "indices": 55,
                    "mode": 4,
                    "material": 1
                }
            ],
            "name": "jewel_GEO-mesh"
        },
        {
            "primitives": [
                {
                    "attributes": {
                        "JOINTS_0": 61,
                        "NORMAL": 62,
                        "POSITION": 63,
                        "WEIGHTS_0": 64
                    },
                    "indices": 60,
                    "mode": 4,
                    "material": 1
                }
            ],
            "name": "main_GEO-mesh"
        }
    ],
    "animations": [
        {
            "channels": [
                {
                    "sampler": 0,
                    "target": {
                        "node": 16,
                        "path": "translation"
                    }
                },
                {
                    "sampler": 1,
                    "target": {
                        "node": 16,
                        "path": "rotation"
                    }
                },
                {
                    "sampler": 2,
                    "target": {
                        "node": 16,
                        "path": "scale"
                    }
                },
                {
                    "sampler": 3,
                    "target": {
                        "node": 25,
                        "path": "translation"
                    }
                },
                {
                    "sampler": 4,
                    "target": {
                        "node": 25,
                        "path": "rotation"
                    }
                },
                {
                    "sampler": 5,
                    "target": {
                        "node": 25,
                        "path": "scale"
                    }
                },
                {
                    "sampler": 6,
                    "target": {
                        "node": 26,
                        "path": "translation"
                    }
                },
                {
                    "sampler": 7,
                    "target": {
                        "node": 26,
                        "path": "rotation"
                    }
                },
                {
                    "sampler": 8,
                    "target": {
                        "node": 26,
                        "path": "scale"
                    }
                },
                {
                    "sampler": 9,
                    "target": {
                        "node": 27,
                        "path": "translation"
                    }
                },
                {
                    "sampler": 10,
                    "target": {
                        "node": 27,
                        "path": "rotation"
                    }
                },
                {
                    "sampler": 11,
                    "target": {
                        "node": 27,
                        "path": "scale"
                    }
                },
                {
                    "sampler": 12,
                    "target": {
                        "node": 28,
                        "path": "translation"
                    }
                },
