{
    "asset": {
        "generator": "COLLADA2GLTF",
        "version": "2.0"
    },
    "scenes": [
        {
            "nodes": [
                0
            ]
        }
    ],
    "scene": 0,
    "nodes": [
        {
            "children": [
                11,
                1
            ],
            "name": "Y_UP"
        },
        {
            "children": [
                10,
                9,
                8,
                7,
                6,
                5,
                4,
                3,
                2
            ],
            "name": "Barley_base"
        },
        {
            "mesh": 0,
            "skin": 0,
            "name": "Kork"
        },
        {
            "mesh": 1,
            "skin": 1,
            "name": "Bottle"
        },
        {
            "mesh": 2,
            "skin": 2,
            "name": "UpperBody"
        },
        {
            "mesh": 3,
            "skin": 3,
            "name": "Moustache"
        },
        {
            "mesh": 4,
            "skin": 4,
            "name": "Towel"
        },
        {
            "mesh": 5,
            "skin": 5,
            "name": "Legs"
        },
        {
            "mesh": 6,
            "skin": 6,
            "name": "Hips"
        },
        {
            "mesh": 7,
            "skin": 7,
            "name": "Hat"
        },
        {
            "mesh": 8,
            "skin": 8,
            "name": "Bow"
        },
        {
            "children": [
                12
            ],
            "name": "CHARACTER"
        },
        {
            "children": [
                13
            ],
            "name": "Root"
        },
        {
            "children": [
                22,
                18,
                14
            ],
            "translation": [
                0.06634499877691269,
                3.77520489692688,
                -0.24858500063419346
            ],
            "rotation": [
                0.03804680332541466,
                0.3068657517433167,
                -0.02509796805679798,
                -0.9506584405899048
            ],
            "scale": [
                0.9999920129776,
                0.9999995827674866,
                0.9999922513961792
            ],
            "name": "hips_s"
        },
        {
            "children": [
                15
            ],
            "translation": [
                -0.8653389811515808,
                -0.08002900332212448,
                -0.00018699999782256785
            ],
            "rotation": [
                0.050289336591959,
                0.9903154373168944,
                0.0584401935338974,
                0.11525022983551026
            ],
            "scale": [
                0.9999049305915833,
                0.999999463558197,
                0.999904453754425
            ],
            "name": "R_upperLeg_s"
        },
        {
            "children": [
                16
            ],
            "translation": [
                -0.013289999216794968,
                -1.6609989404678345,
                -0.1365170031785965
            ],
            "rotation": [
                0.10639091581106186,
                -0.0010457620956003669,
                0.0011380354408174754,
                -0.9943230152130128
            ],
            "scale": [
                0.9999998807907105,
                0.9999995827674866,
                0.9999990463256836
            ],
            "name": "R_lowerLeg_s"
        },
        {
            "children": [
                17
            ],
            "translation": [
                -0.017355000600218774,
                -1.4678250551223758,
                0.3084209859371186
            ],
            "rotation": [
                -0.002552913036197424,
                -0.13878010213375092,
                0.9901922941207886,
                0.014702323824167252
            ],
            "scale": [
                0.999926507472992,
                0.999928653240204,
                0.9999982118606569
            ],
            "name": "R_ankle_s"
        },
        {
            "matrix": [
                -0.9999232292175292,
                0.0,
                0.0,
                0.0,
                0.0,
                -0.06295821815729141,
                0.997974932193756,
                0.0,
                0.0,
                0.997974932193756,
                0.06303504854440689,
                0.0,
                -0.0019389999797567728,
                0.4857650101184845,
                -0.3354530036449433,
                1.0
            ],
            "name": "R_toes_s"
        },
        {
            "children": [
                19
            ],
            "translation": [
                0.8653389811515808,
                -0.08003000169992447,
                -0.0001880000054370612
            ],
            "rotation": [
                0.26571840047836306,
                -0.07258888334035874,
                0.960972249507904,
                0.025129277259111409
            ],
            "scale": [
                0.9999526739120485,
                0.9999489784240724,
                0.9999963641166688
            ],
            "name": "L_upperLeg_s"
        },
        {
            "children": [
                20
            ],
            "translation": [
                0.013346999883651734,
                1.6680829524993897,
                0.1370999962091446
            ],
            "rotation": [
                0.009073461405932904,
                0.0000307575028273277,
                -0.0000307575028273277,
                -0.9999586939811708
            ],
            "scale": [
                1.0,
                0.9999995231628418,
                0.9999995231628418
            ],
            "name": "L_lowerLeg_s"
        },
        {
            "children": [
                21
            ],
            "translation": [
                0.01742899976670742,
                1.4740910530090333,
                -0.3097380101680756
            ],
            "rotation": [
                -0.0011688044760376216,
                -0.04303045570850372,
                0.9989892244338988,
                0.01110364217311144
            ],
            "scale": [
                0.9999114274978638,
                0.9999114871025086,
                1.000000238418579
            ],
            "name": "L_ankle_s"
        },
        {
            "matrix": [
                -0.9999232292175292,
                0.0,
                0.0,
                0.0,
                0.0,
                -0.06295821815729141,
                0.997974932193756,
                0.0,
                0.0,
                0.997974932193756,
                0.06303504854440689,
                0.0,
                0.0019389999797567728,
                -0.4857650101184845,
                0.3354530036449433,
                1.0
            ],
            "name": "L_toes_s"
        },
        {
            "children": [
                23
            ],
            "translation": [
                -0.009192000143229962,
                0.6542930006980896,
                0.01249700039625168
            ],
            "rotation": [
                -0.0011995398672297598,
                -0.016147654503583909,
                -0.015686290338635446,
                -0.9997458457946776
            ],
            "scale": [
                1.000000238418579,
                0.9999999403953552,
                1.0000001192092896
            ],
            "name": "spine_lower_s"
        },
        {
            "children": [
                24
            ],
            "translation": [
                -0.00164899998344481,
                0.6179350018501282,
                -0.002462999895215035
            ],
            "rotation": [
                -0.00003075796121265739,
                -0.018085680902004247,
                0.009627241641283036,
                -0.999790132045746
            ],
            "scale": [
                0.9999996423721314,
                1.000000238418579,
                1.000000238418579
            ],
            "name": "spine_upper_s"
        },
        {
            "children": [
                51,
                38,
                25
            ],
            "translation": [
                0.05246099829673767,
                0.7237719893455505,
                -0.0645269975066185
            ],
            "rotation": [
                0.002399076241999865,
                -0.02319106832146645,
                0.07732405513525009,
                -0.99673330783844
            ],
            "scale": [
                0.9999996423721314,
                0.9999997615814208,
                1.000000238418579
            ],
            "name": "chest_s"
        },
        {
            "children": [
                26
            ],
            "translation": [
                -0.34327998757362368,
                0.5375310182571411,
                0.36594799160957339
            ],
            "rotation": [
                0.999973475933075,
                0.0011072884080931545,
                0.0,
                -0.0
            ],
            "scale": [
                1.0000003576278689,
                0.999896228313446,
                0.9998959302902222
            ],
            "name": "R_clavicle_s"
        },
        {
            "children": [
                27
            ],
            "translation": [
                -1.4254430532455445,
                0.005989999976009131,
                0.644527018070221
            ],
            "rotation": [
                0.7764857411384583,
                0.31794533133506777,
                0.5405101180076599,
                0.061515990644693378
            ],
            "scale": [
                0.9999642968177797,
                0.9999194145202636,
                0.99993634223938
            ],
            "name": "R_shoulder_s"
        },
        {
            "children": [
                28
            ],
            "matrix": [
                0.3608004748821259,
                -0.7534258365631104,
                0.5496466159820557,
                0.0,
                0.8571601510047913,
                0.5001257658004761,
                0.12289495766162873,
                0.0,
                -0.3674759268760681,
                0.4268210828304291,
                0.8262986540794373,
                0.0,
                0.15975099802017213,
                -1.7962759733200074,
                0.19989100098609925,
                1.0
            ],
            "name": "R_elbow_s"
        },
        {
            "children": [
                29
            ],
            "matrix": [
                0.9934782385826112,
                0.024925829842686658,
                -0.11126430332660677,
                0.0,
                -0.02420543506741524,
                0.9996761679649352,
                0.007820635102689267,
                0.0,
                0.11142314970493317,
                -0.005076318513602018,
                0.9937593340873718,
                0.0,
                0.04269799962639809,
                -0.660942018032074,
                0.10446299612522124,
                1.0
            ],
            "name": "R_forearm_twist_s"
        },
        {
            "children": [
                36,
                34,
                32,
                30
            ],
            "matrix": [
                0.993045210838318,
                0.03398975357413292,
                -0.11271941661834716,
                0.0,
                -0.026402607560157777,
                0.9973269701004028,
                0.06813204288482666,
                0.0,
                0.11473389714956284,
                -0.06468205153942108,
                0.9912880063056946,
                0.0,
                0.014317999593913556,
                -0.660942018032074,
                0.11194100230932236,
                1.0
            ],
            "name": "R_wrist_s"
        },
        {
            "children": [
                31
            ],
            "matrix": [
                0.9732941389083862,
                -0.18058791756629945,
                0.14172722399234773,
                0.0,
                -0.1628403663635254,
                -0.978281795978546,
                -0.12823620438575746,
                0.0,
                0.16180726885795594,
                0.10173262655735016,
                -0.9815629720687866,
                0.0,
                -0.18647199869155885,
                -0.7277740240097046,
                0.5189399719238281,
                1.0
            ],
            "name": "R_gunbone_01_s"
        },
        {
            "matrix": [
                0.9546059370040894,
                -0.29725244641304018,
                -0.019083715975284578,
                0.0,
                0.2939956784248352,
                0.9505643248558044,
                -0.09995079040527344,
                0.0,
                0.047852326184511188,
                0.0898025780916214,
                0.9948094487190248,
                0.0,
                -0.15491899847984318,
                -0.3497479856014252,
                0.11560100317001344,
                1.0
            ],
            "name": "R_gunbone_02_s"
        },
        {
            "children": [
                33
            ],
            "matrix": [
                -0.05836093425750733,
                0.9969106912612916,
                -0.05180463194847107,
                0.0,
                -0.4303735196590424,
                -0.0719284862279892,
                -0.899735689163208,
                0.0,
                -0.9007179737091065,
                -0.03024887479841709,
                0.43330034613609316,
                0.0,
                -0.684008002281189,
                -0.3420999944210053,
                0.4266220033168793,
                1.0
            ],
            "name": "R_thumb_01_s"
        },
        {
            "matrix": [
                0.9926139116287231,
                0.012816834263503552,
                -0.12063489854335784,
                0.0,
                0.06626786291599274,
                0.7756596803665161,
                0.6276429891586304,
                0.0,
                0.10161502659320833,
                -0.6310017108917236,
                0.7690815329551697,
                0.0,
                0.043331000953912738,
                -0.4009230136871338,
                -0.04629699885845184,
                1.0
            ],
            "name": "R_thumb_02_s"
        },
        {
            "children": [
                35
            ],
            "matrix": [
                -0.9974321126937866,
                0.015963369980454446,
                0.06871472299098969,
                0.0,
                -0.03731773793697357,
                0.7072165608406067,
                -0.705995500087738,
                0.0,
                -0.05986587330698967,
                -0.706800639629364,
                -0.7047818303108215,
                0.0,
                -0.37429100275039675,
                -1.034986972808838,
                0.1818259954452515,
                1.0
            ],
            "name": "R_index_01_s"
        },
        {
            "matrix": [
                0.9888768196105956,
                -0.03531773015856743,
                -0.14448070526123048,
                0.0,
                0.1339206695556641,
                0.6340641975402832,
                0.7615714073181152,
                0.0,
                0.06470906734466553,
                -0.7724497318267822,
                0.6317415237426758,
                0.0,
                0.035489000380039218,
                -0.3504259884357453,
                -0.13252300024032594,
                1.0
            ],
            "name": "R_index_02_s"
        },
        {
            "children": [
                37
            ],
            "matrix": [
                -0.9898678064346314,
                -0.12894809246063233,
                0.05720832943916321,
                0.0,
                -0.125283420085907,
                0.6172982454299927,
                -0.7766575813293457,
                0.0,
                0.06484188139438629,
                -0.7760571241378784,
                -0.6271494030952454,
                0.0,
                0.12685400247573853,
                -1.0332920551300049,
                0.17284199595451356,
                1.0
            ],
            "name": "R_middle_01_s"
        },
        {
            "matrix": [
                0.9957833886146544,
                -0.06119160726666451,
                -0.06834346801042557,
                0.0,
                0.0913614183664322,
                0.5944077968597412,
                0.7989442348480225,
                0.0,
                -0.008266796357929707,
                -0.8018190264701843,
                0.5974918603897095,
                0.0,
                0.007759999949485064,
                -0.36464500427246096,
                -0.12882000207901,
                1.0
            ],
            "name": "R_middle_02_s"
        },
        {
            "children": [
                39
            ],
            "translation": [
                0.34327998757362368,
                0.5375289916992188,
                0.36594799160957339
            ],
            "rotation": [
                2.2750993255125925e-13,
                0.0346023365855217,
                0.00009227288683177905,
                -0.9994011521339417
            ],
            "name": "L_clavicle_s"
        },
        {
            "children": [
                40
            ],
            "translation": [
                1.4254390001296998,
                -0.005989000201225281,
                -0.644527018070221
            ],
            "rotation": [
                0.5422942638397217,
                0.347596287727356,
                0.7010363340377808,
                -0.3059497773647309
            ],
            "scale": [
                0.9999549984931946,
                0.9999425411224364,
                0.9999700784683228
            ],
            "name": "L_shoulder_s"
        },
        {
            "children": [
                41
            ],
            "matrix": [
                -0.6402908563613892,
                -0.6287078857421875,
                -0.4411207437515259,
                0.0,
                0.7494028806686401,
                -0.637127161026001,
                -0.1797129362821579,
                0.0,
                -0.1680942326784134,
                -0.4456777274608612,
                0.8792633414268494,
                0.0,
                -0.143437996506691,
                1.7880090475082398,
                -0.2730120122432709,
                1.0
            ],
            "name": "L_elbow_s"
        },
        {
            "children": [
                42
            ],
            "matrix": [
                0.3874066174030304,
                0.11809078603982926,
                0.9142948389053344,
                0.0,
                -0.09482421725988388,
                0.9916057586669922,
                -0.08789648860692978,
                0.0,
                -0.9169993996620178,
                -0.052649710327386859,
                0.3953528106212616,
                0.0,
                0.014942999929189682,
                0.6655920147895813,
                -0.07965400069952011,
                1.0
            ],
            "name": "L_forearm_twist_s"
        },
        {
            "children": [
                49,
                47,
                45,
                43
            ],
            "matrix": [
                0.5130747556686401,
                0.1221558079123497,
                -0.8495861887931824,
                0.0,
                0.30913543701171877,
                0.897099494934082,
                0.3156591951847077,
                0.0,
                0.8007209300994873,
                -0.4245977997779846,
                0.42251670360565188,
                0.0,
                0.011583000421524048,
                0.6655920147895813,
                -0.08021199703216553,
                1.0
            ],
            "name": "L_wrist_s"
        },
        {
            "children": [
                44
            ],
            "matrix": [
                -0.95459246635437,
                0.2972244918346405,
                -0.0150857325643301,
                0.0,
                0.2635936439037323,
                0.8209630250930786,
                -0.5064802765846252,
                0.0,
                -0.1381606012582779,
                -0.4875051081180573,
                -0.8620181083679199,
                0.0,
                -0.08791399747133255,
                0.7077609896659851,
                -0.5796489715576172,
                1.0
            ],
            "name": "L_gunbone_01_s"
        },
        {
            "matrix": [
                0.9546059370040894,
                -0.29725244641304018,
                -0.019083715975284578,
                0.0,
                0.2939956784248352,
                0.9505643248558044,
                -0.09995079040527344,
                0.0,
                0.047852326184511188,
                0.0898025780916214,
                0.9948094487190248,
                0.0,
                0.15491999685764314,
                0.3497540056705475,
                -0.11559700220823288,
                1.0
            ],
            "name": "L_gunbone_02_s"
        },
        {
            "children": [
                46
            ],
            "matrix": [
                -0.15969198942184449,
                0.9524766206741332,
                0.2591090202331543,
                0.0,
                0.2006780207157135,
                0.2884032130241394,
                -0.936195433139801,
                0.0,
                -0.9664775133132936,
                -0.09757173806428908,
                -0.23715612292289738,
                0.0,
                0.684008002281189,
                0.3421019911766052,
                -0.4266270101070404,
                1.0
            ],
            "name": "L_thumb_01_s"
        },
        {
            "matrix": [
                0.9926891922950744,
                0.012774139642715454,
                -0.12001458555459976,
                0.0,
                0.06556378304958344,
                0.7778058052062988,
                0.6250537037849426,
                0.0,
                0.10133150219917298,
                -0.6283531188964844,
                0.7712822556495667,
                0.0,
                -0.04333800077438355,
                0.4009220004081726,
                0.04629899933934212,
                1.0
            ],
            "name": "L_thumb_02_s"
        },
        {
            "children": [
                48
            ],
            "matrix": [
                -0.998461127281189,
                0.011216358281672,
                0.05258147045969963,
                0.0,
                -0.02343067526817322,
                0.7894624471664429,
                -0.6133354306221008,
                0.0,
                -0.04839026927947998,
                -0.6136802434921265,
                -0.787964940071106,
                0.0,
                0.37429100275039675,
                1.0349849462509156,
                -0.1818320006132126,
                1.0
            ],
            "name": "L_index_01_s"
        },
        {
            "matrix": [
                0.9914701581001282,
                -0.0365588441491127,
                -0.12509487569332124,
                0.0,
                0.1124432310461998,
                0.7252618074417114,
                0.6792079210281372,
                0.0,
                0.06589242815971375,
                -0.6874811053276062,
                0.7231868505477905,
                0.0,
                -0.03548699989914894,
                0.3504270017147064,
                0.13253499567508698,
                1.0
            ],
            "name": "L_index_02_s"
        },
        {
            "children": [
                50
            ],
            "matrix": [
                -0.9907874464988709,
                -0.12677347660064698,
                0.045553140342235568,
                0.0,
                -0.12256360054016112,
                0.7081230878829956,
                -0.6953490972518921,
                0.0,
                0.05589954182505608,
                -0.6945940256118774,
                -0.7171100974082947,
                0.0,
                -0.12685400247573853,
                1.0332920551300049,
                -0.1728550046682358,
                1.0
            ],
            "name": "L_middle_01_s"
        },
        {
            "matrix": [
                0.9961639046669006,
                -0.06250477582216263,
                -0.061233438551425937,
                0.0,
                0.0874519869685173,
                0.6878268122673035,
                0.7205765247344971,
                0.0,
                -0.0029232348315417768,
                -0.7231671810150147,
                0.690654456615448,
                0.0,
                -0.007761000189930201,
                0.364641010761261,
                0.12881700694561006,
                1.0
            ],
            "name": "L_middle_02_s"
        },
        {
            "children": [
                52
            ],
            "matrix": [
                1.0,
                0.0,
                -0.0,
                0.0,
                -0.0,
                0.9998914003372192,
                -0.014763453043997288,
                0.0,
                0.0,
                0.014763453043997288,
                0.9998914003372192,
                0.0,
                -0.0,
                1.5110559463500977,
                -0.0002640000020619482,
                1.0
            ],
            "name": "neck_s"
        },
        {
            "children": [
                55,
                54,
                53
            ],
            "translation": [
                -0.0,
                1.3984040021896365,
                0.1269340068101883
            ],
            "rotation": [
                -0.08562802523374558,
                -0.2272956520318985,
                -0.04256794974207878,
                -0.9691177606582642
            ],
            "scale": [
                0.9999945163726808,
                0.999998927116394,
                0.9999943375587465
            ],
            "name": "head_s"
        },
        {
            "matrix": [
                0.9948406219482422,
                0.0987810268998146,
                -0.02311321906745434,
                0.0,
                -0.09903933852910996,
                0.9950299859046936,
                -0.010308900848031044,
                0.0,
                0.021980002522468568,
                0.01254488341510296,
                0.9996799230575562,
                0.0,
                -0.20537400245666505,
                -0.3687590062618256,
                1.8284729719161988,
                1.0
            ],
            "name": "R_eyebrow_s"
        },
        {
            "matrix": [
                0.9929729104042052,
                -0.11520709097385408,
                0.027053475379943849,
                0.0,
                0.11555857956409456,
                0.993230640888214,
                -0.011803558096289637,
                0.0,
                -0.025510499253869058,
                0.014846875332295897,
                0.9995646476745606,
                0.0,
                0.20537400245666505,
                -0.3687610030174256,
                1.828474998474121,
                1.0
            ],
            "name": "L_eyebrow_s"
        },
        {
            "children": [
                56
            ],
            "matrix": [
                1.0,
                0.0,
                -0.0,
                0.0,
                -0.0,
                0.9544779062271118,
                -0.29827556014060976,
                0.0,
                0.0,
                0.29827556014060976,
                0.9544779062271118,
                0.0,
                -0.0,
                2.276439905166626,
                0.004707000218331814,
                1.0
            ],
            "name": "hat_01_s"
        },
        {
            "matrix": [
                0.9907798171043396,
                -0.03698832914233208,
                0.13033084571361545,
                0.0,
                0.023818064481019978,
                0.9945814609527588,
                0.10119690001010896,
                0.0,
                -0.13336779177188874,
                -0.09715946763753893,
                0.9862918853759766,
                0.0,
                -0.11095699667930605,
                1.2922569513320926,
                0.6515460014343262,
                1.0
            ],
            "name": "hat_02_s"
        }
    ],
    "meshes": [
        {
            "primitives": [
                {
                    "attributes": {
                        "JOINTS_0": 1,
                        "NORMAL": 2,
                        "POSITION": 3,
                        "WEIGHTS_0": 4
                    },
                    "indices": 0,
                    "mode": 4,
                    "material": 0
                }
            ],
            "name": "Kork-mesh"
        },
        {
            "primitives": [
                {
                    "attributes": {
                        "JOINTS_0": 6,
                        "NORMAL": 7,
                        "POSITION": 8,
                        "WEIGHTS_0": 9
                    },
                    "indices": 5,
                    "mode": 4,
                    "material": 0
                }
            ],
            "name": "Bottle-mesh"
        },
        {
            "primitives": [
                {
                    "attributes": {
                        "JOINTS_0": 11,
                        "NORMAL": 12,
                        "POSITION": 13,
                        "WEIGHTS_0": 14
                    },
                    "indices": 10,
                    "mode": 4,
                    "material": 0
                }
            ],
            "name": "UpperBody-mesh"
        },
        {
            "primitives": [
                {
                    "attributes": {
                        "JOINTS_0": 16,
                        "NORMAL": 17,
                        "POSITION": 18,
                        "WEIGHTS_0": 19
                    },
                    "indices": 15,
                    "mode": 4,
                    "material": 0
                }
            ],
            "name": "Moustache-mesh"
        },
        {
            "primitives": [
                {
                    "attributes": {
                        "JOINTS_0": 21,
                        "NORMAL": 22,
                        "POSITION": 23,
                        "WEIGHTS_0": 24
                    },
                    "indices": 20,
                    "mode": 4,
                    "material": 0
                }
            ],
            "name": "Towel-mesh"
        },
        {
            "primitives": [
                {
                    "attributes": {
                        "JOINTS_0": 26,
                        "NORMAL": 27,
                        "POSITION": 28,
                        "WEIGHTS_0": 29
                    },
                    "indices": 25,
                    "mode": 4,
                    "material": 0
                }
            ],
            "name": "Legs-mesh"
        },
        {
            "primitives": [
                {
                    "attributes": {
                        "JOINTS_0": 31,
                        "NORMAL": 32,
                        "POSITION": 33,
                        "WEIGHTS_0": 34
                    },
                    "indices": 30,
                    "mode": 4,
                    "material": 0
                }
            ],
            "name": "Hips-mesh"
        },
        {
            "primitives": [
                {
                    "attributes": {
                        "JOINTS_0": 36,
                        "NORMAL": 37,
                        "POSITION": 38,
                        "WEIGHTS_0": 39
                    },
                    "indices": 35,
                    "mode": 4,
                    "material": 0
                }
            ],
            "name": "Hat-mesh"
        },
        {
            "primitives": [
                {
                    "attributes": {
                        "JOINTS_0": 41,
                        "NORMAL": 42,
                        "POSITION": 43,
                        "WEIGHTS_0": 44
                    },
                    "indices": 40,
                    "mode": 4,
                    "material": 0
                }
            ],
            "name": "Bow-mesh"
        }
    ],
    "animations": [
        {
            "channels": [
                {
                    "sampler": 0,
                    "target": {
                        "node": 13,
                        "path": "translation"
                    }
                },
                {
                    "sampler": 1,
                    "target": {
                        "node": 13,
                        "path": "rotation"
                    }
                },
                {
                    "sampler": 2,
                    "target": {
                        "node": 13,
                        "path": "scale"
                    }
                },
                {
                    "sampler": 3,
                    "target": {
                        "node": 22,
                        "path": "translation"
                    }
                },
                {
                    "sampler": 4,
                    "target": {
                        "node": 22,
                        "path": "rotation"
                    }
                },
                {
                    "sampler": 5,
                    "target": {
                        "node": 22,
                        "path": "scale"
                    }
                },
                {
                    "sampler": 6,
                    "target": {
                        "node": 23,
                        "path": "translation"
                    }
                },
                {
                    "sampler": 7,
                    "target": {
                        "node": 23,
                        "path": "rotation"
                    }
                },
                {
                    "sampler": 8,
                    "target": {
                        "node": 23,
                        "path": "scale"
                    }
                },
                {
                    "sampler": 9,
                    "target": {
                        "node": 24,
                        "path": "translation"
                    }
                },
                {
                    "sampler": 10,
                    "target": {
                        "node": 24,
                        "path": "rotation"
                    }
                },
                {
                    "sampler": 11,
                    "target": {
                        "node": 24,
                        "path": "scale"
                    }
                },
                {
                    "sampler": 12,
                    "target": {
                        "node": 52,
                        "path": "translation"
                    }
                },
                {
                    "sampler": 13,
                    "target": {
                        "node": 52,
                        "path": "rotation"
                    }
                },
                {
                    "sampler": 14,
                    "target": {
                        "node": 52,
                        "path": "scale"
                    }
                },
                {
                    "sampler": 15,
                    "target": {
                        "node": 38,
                        "path": "translation"
                    }
                },
                {
                    "sampler": 16,
                    "target": {
                        "node": 38,
                        "path": "rotation"
                    }
                },
                {
                    "sampler": 17,
                    "target": {
                        "node": 38,
                        "path": "scale"
                    }
                },
                {
                    "sampler": 18,
                    "target": {
                        "node": 39,
                        "path": "translation"
                    }
                },
                {
                    "sampler": 19,
                    "target": {
                        "node": 39,
                        "path": "rotation"
                    }
                },
                {
                    "sampler": 20,
                    "target": {
                        "node": 39,
                        "path": "scale"
                    }
                },
                {
                    "sampler": 21,
                    "target": {
                        "node": 25,
                        "path": "translation"
                    }
                },
                {
                    "sampler": 22,
                    "target": {
                        "node": 25,
                        "path": "rotation"
                    }
                },
                {
                    "sampler": 23,
                    "target": {
                        "node": 25,
                        "path": "scale"
                    }
                },
                {
                    "sampler": 24,
                    "target": {
                        "node": 26,
                        "path": "translation"
                    }
                },
                {
                    "sampler": 25,
                    "target": {
                        "node": 26,
                        "path": "rotation"
                    }
                },
                {
                    "sampler": 26,
                    "target": {
                        "node": 26,
                        "path": "scale"
                    }
                },
                {
                    "sampler": 27,
                    "target": {
                        "node": 18,
                        "path": "translation"
                    }
                },
                {
                    "sampler": 28,
                    "target": {
                        "node": 18,
                        "path": "rotation"
                    }
                },
                {
                    "sampler": 29,
                    "target": {
                        "node": 18,
                        "path": "scale"
                    }
                },
                {
                    "sampler": 30,
                    "target": {
                        "node": 19,
                        "path": "translation"
                    }
                },
                {
                    "sampler": 31,
                    "target": {
                        "node": 19,
