{
    "asset": {
        "generator": "COLLADA2GLTF",
        "version": "2.0"
    },
    "scenes": [
        {
            "nodes": [
                0
            ]
        }
    ],
    "scene": 0,
    "nodes": [
        {
            "children": [
                11,
                1
            ],
            "name": "Y_UP"
        },
        {
            "children": [
                10,
                9,
                8,
                7,
                6,
                5,
                4,
                3,
                2
            ],
            "name": "Barley_base"
        },
        {
            "mesh": 0,
            "skin": 0,
            "name": "Kork"
        },
        {
            "mesh": 1,
            "skin": 1,
            "name": "Bottle"
        },
        {
            "mesh": 2,
            "skin": 2,
            "name": "UpperBody"
        },
        {
            "mesh": 3,
            "skin": 3,
            "name": "Moustache"
        },
        {
            "mesh": 4,
            "skin": 4,
            "name": "Towel"
        },
        {
            "mesh": 5,
            "skin": 5,
            "name": "Legs"
        },
        {
            "mesh": 6,
            "skin": 6,
            "name": "Hips"
        },
        {
            "mesh": 7,
            "skin": 7,
            "name": "Hat"
        },
        {
            "mesh": 8,
            "skin": 8,
            "name": "Bow"
        },
        {
            "children": [
                12
            ],
            "name": "CHARACTER"
        },
        {
            "children": [
                13
            ],
            "name": "Root"
        },
        {
            "children": [
                22,
                18,
                14
            ],
            "translation": [
                0.014702999964356425,
                3.84867000579834,
                -0.40793299674987795
            ],
            "rotation": [
                0.07074251770973206,
                -0.0,
                -0.0,
                -0.9974945783615112
            ],
            "scale": [
                1.0,
                0.9999998211860656,
                0.9999998211860656
            ],
            "name": "hips_s"
        },
        {
            "children": [
                15
            ],
            "translation": [
                -0.8653389811515808,
                -0.08002900332212448,
                -0.00018699999782256785
            ],
            "rotation": [
                0.01740902103483677,
                0.9896079301834106,
                0.08181630074977875,
                0.11672661453485488
            ],
            "scale": [
                0.9998929500579834,
                0.9999991059303284,
                0.9998946189880372
            ],
            "name": "R_upperLeg_s"
        },
        {
            "children": [
                16
            ],
            "translation": [
                -0.01334299985319376,
                -1.6675699949264529,
                -0.13705700635910038
            ],
            "rotation": [
                0.01264143642038107,
                -0.0,
                -0.0,
                -0.999920129776001
            ],
            "scale": [
                1.0,
                1.000000238418579,
                1.000000238418579
            ],
            "name": "R_lowerLeg_s"
        },
        {
            "children": [
                17
            ],
            "translation": [
                -0.017424000427126886,
                -1.4736319780349732,
                0.3096419870853424
            ],
            "rotation": [
                -0.0006459180149249733,
                -0.0230685006827116,
                0.9996658563613892,
                0.010426963679492474
            ],
            "scale": [
                0.9999459981918336,
                0.9999462366104126,
                0.9999999403953552
            ],
            "name": "R_ankle_s"
        },
        {
            "translation": [
                -0.0019389999797567728,
                0.4857650101184845,
                -0.3354530036449433
            ],
            "rotation": [
                0.0,
                0.684457540512085,
                0.7290261387825012,
                -0.0
            ],
            "scale": [
                0.9999232292175292,
                0.9999588131904602,
                0.9999637007713318
            ],
            "name": "R_toes_s"
        },
        {
            "children": [
                19
            ],
            "translation": [
                0.8653389811515808,
                -0.08003000169992447,
                -0.0001880000054370612
            ],
            "rotation": [
                0.1298295557498932,
                -0.08181629329919815,
                0.9879470467567444,
                -0.01937754638493061
            ],
            "scale": [
                0.9999302625656128,
                0.999929130077362,
                0.9999985694885254
            ],
            "name": "L_upperLeg_s"
        },
        {
            "children": [
                20
            ],
            "translation": [
                0.01334299985319376,
                1.667565941810608,
                0.13705700635910038
            ],
            "rotation": [
                0.01264143642038107,
                -0.0,
                -0.0,
                -0.999920129776001
            ],
            "scale": [
                1.0,
                1.000000238418579,
                1.000000238418579
            ],
            "name": "L_lowerLeg_s"
        },
        {
            "children": [
                21
            ],
            "translation": [
                0.017424000427126886,
                1.473634958267212,
                -0.3096419870853424
            ],
            "rotation": [
                -0.0007381920586340129,
                -0.022914711385965349,
                0.9996657371520996,
                0.011595764197409152
            ],
            "scale": [
                0.9999833703041076,
                0.9999833106994628,
                1.0000001192092896
            ],
            "name": "L_ankle_s"
        },
        {
            "matrix": [
                -0.9999232292175292,
                0.0,
                0.0,
                0.0,
                0.0,
                -0.06295821815729141,
                0.997974932193756,
                0.0,
                0.0,
                0.997974932193756,
                0.06303504854440689,
                0.0,
                0.0019389999797567728,
                -0.4857650101184845,
                0.3354530036449433,
                1.0
            ],
            "name": "L_toes_s"
        },
        {
            "children": [
                23
            ],
            "translation": [
                -0.0,
                0.6533439755439758,
                0.011386999860405922
            ],
            "rotation": [
                -0.0,
                -0.0,
                -0.0,
                -1.0
            ],
            "name": "spine_lower_s"
        },
        {
            "children": [
                24
            ],
            "translation": [
                -0.0,
                0.6168919801712036,
                -0.003316000103950501
            ],
            "rotation": [
                -0.0,
                -0.0,
                -0.0,
                -1.0
            ],
            "name": "spine_upper_s"
        },
        {
            "children": [
                51,
                38,
                25
            ],
            "translation": [
                0.0,
                0.7267339825630188,
                -0.06150500103831291
            ],
            "rotation": [
                -0.0,
                -0.0,
                -0.0,
                -1.0
            ],
            "name": "chest_s"
        },
        {
            "children": [
                26
            ],
            "matrix": [
                0.9999920129776,
                0.003998433705419302,
                0.0,
                0.0,
                0.003998433705419302,
                -0.9998934268951416,
                0.0,
                0.0,
                0.0,
                0.0,
                -0.9999014139175416,
                0.0,
                -0.34327998757362368,
                0.5375310182571411,
                0.36594799160957339,
                1.0
            ],
            "name": "R_clavicle_s"
        },
        {
            "children": [
                27
            ],
            "matrix": [
                0.12138160318136217,
                0.0008689312380738556,
                0.9925941824913024,
                0.0,
                -0.3757904767990113,
                -0.9254987835884094,
                0.04675988107919693,
                0.0,
                0.9187094569206238,
                -0.3786875009536743,
                -0.11199098080396652,
                0.0,
                -1.4254430532455445,
                0.005989999976009131,
                0.644527018070221,
                1.0
            ],
            "name": "R_shoulder_s"
        },
        {
            "children": [
                28
            ],
            "matrix": [
                -0.3284313678741455,
                -0.6237971782684326,
                0.7090922594070435,
                0.0,
                0.719740092754364,
                0.32080867886543276,
                0.6155925393104553,
                0.0,
                -0.6114805340766907,
                0.7126414179801941,
                0.3437092900276184,
                0.0,
                0.15975099802017213,
                -1.7962759733200074,
                0.19989100098609925,
                1.0
            ],
            "name": "R_elbow_s"
        },
        {
            "children": [
                29
            ],
            "matrix": [
                0.477090984582901,
                -0.1282489448785782,
                -0.8694213032722473,
                0.0,
                0.0937386080622673,
                0.9910768270492554,
                -0.0947541519999504,
                0.0,
                0.8738155961036682,
                -0.03629746660590172,
                0.4848563075065613,
                0.0,
                0.04269799962639809,
                -0.660942018032074,
                0.10446299612522124,
                1.0
            ],
            "name": "R_forearm_twist_s"
        },
        {
            "children": [
                36,
                34,
                32,
                30
            ],
            "matrix": [
                0.8458429574966431,
                0.13256822526454926,
                0.5166894197463989,
                0.0,
                -0.14516641199588777,
                0.9892750978469848,
                -0.016177553683519365,
                0.0,
                -0.5132923126220703,
                -0.06132419034838677,
                0.8560159802436829,
                0.0,
                0.014317999593913556,
                -0.660942018032074,
                0.11194100230932236,
                1.0
            ],
            "name": "R_wrist_s"
        },
        {
            "children": [
                31
            ],
            "matrix": [
                -0.9545603394508362,
                0.29722243547439577,
                -0.015076685696840288,
                0.0,
                0.26359546184539797,
                0.82099449634552,
                -0.5064212679862976,
                0.0,
                -0.13815154135227204,
                -0.4874464273452759,
                -0.8620179891586304,
                0.0,
                0.08791399747133255,
                -0.7077630162239075,
                0.5796440243721008,
                1.0
            ],
            "name": "R_gunbone_01_s"
        },
        {
            "matrix": [
                0.9546059370040894,
                -0.29725244641304018,
                -0.019083715975284578,
                0.0,
                0.2939956784248352,
                0.9505643248558044,
                -0.09995079040527344,
                0.0,
                0.047852326184511188,
                0.0898025780916214,
                0.9948094487190248,
                0.0,
                -0.15491899847984318,
                -0.3497479856014252,
                0.11560100317001344,
                1.0
            ],
            "name": "R_gunbone_02_s"
        },
        {
            "children": [
                33
            ],
            "matrix": [
                -0.05836093425750733,
                0.9969106912612916,
                -0.05180463194847107,
                0.0,
                -0.4303735196590424,
                -0.0719284862279892,
                -0.899735689163208,
                0.0,
                -0.9007179737091065,
                -0.03024887479841709,
                0.43330034613609316,
                0.0,
                -0.684008002281189,
                -0.3420999944210053,
                0.4266220033168793,
                1.0
            ],
            "name": "R_thumb_01_s"
        },
        {
            "matrix": [
                0.9926139116287231,
                0.012816834263503552,
                -0.12063489854335784,
                0.0,
                0.06626786291599274,
                0.7756596803665161,
                0.6276429891586304,
                0.0,
                0.10161502659320833,
                -0.6310017108917236,
                0.7690815329551697,
                0.0,
                0.043331000953912738,
                -0.4009230136871338,
                -0.04629699885845184,
                1.0
            ],
            "name": "R_thumb_02_s"
        },
        {
            "children": [
                35
            ],
            "matrix": [
                -0.9974321126937866,
                0.015963369980454446,
                0.06871472299098969,
                0.0,
                -0.03731773793697357,
                0.7072165608406067,
                -0.705995500087738,
                0.0,
                -0.05986587330698967,
                -0.706800639629364,
                -0.7047818303108215,
                0.0,
                -0.37429100275039675,
                -1.034986972808838,
                0.1818259954452515,
                1.0
            ],
            "name": "R_index_01_s"
        },
        {
            "matrix": [
                0.9888768196105956,
                -0.03531773015856743,
                -0.14448070526123048,
                0.0,
                0.1339206695556641,
                0.6340641975402832,
                0.7615714073181152,
                0.0,
                0.06470906734466553,
                -0.7724497318267822,
                0.6317415237426758,
                0.0,
                0.035489000380039218,
                -0.3504259884357453,
                -0.13252300024032594,
                1.0
            ],
            "name": "R_index_02_s"
        },
        {
            "children": [
                37
            ],
            "matrix": [
                -0.9898678064346314,
                -0.12894809246063233,
                0.05720832943916321,
                0.0,
                -0.125283420085907,
                0.6172982454299927,
                -0.7766575813293457,
                0.0,
                0.06484188139438629,
                -0.7760571241378784,
                -0.6271494030952454,
                0.0,
                0.12685400247573853,
                -1.0332920551300049,
                0.17284199595451356,
                1.0
            ],
            "name": "R_middle_01_s"
        },
        {
            "matrix": [
                0.9957833886146544,
                -0.06119160726666451,
                -0.06834346801042557,
                0.0,
                0.0913614183664322,
                0.5944077968597412,
                0.7989442348480225,
                0.0,
                -0.008266796357929707,
                -0.8018190264701843,
                0.5974918603897095,
                0.0,
                0.007759999949485064,
                -0.36464500427246096,
                -0.12882000207901,
                1.0
            ],
            "name": "R_middle_02_s"
        },
        {
            "children": [
                39
            ],
            "matrix": [
                0.990429699420929,
                0.0,
                0.1380181461572647,
                0.0,
                -0.0,
                1.0,
                0.0,
                0.0,
                -0.1380181461572647,
                -0.0,
                0.990429699420929,
                0.0,
                0.34327998757362368,
                0.5375289916992188,
                0.36594799160957339,
                1.0
            ],
            "name": "L_clavicle_s"
        },
        {
            "children": [
                40
            ],
            "matrix": [
                -0.3827981054782868,
                0.030897090211510663,
                0.9232308864593506,
                0.0,
                0.7863852977752686,
                -0.513399600982666,
                0.34328967332839968,
                0.0,
                0.4846727252006531,
                0.8574937582015991,
                0.17234843969345094,
                0.0,
                1.4254390001296998,
                -0.005989000201225281,
                -0.644527018070221,
                1.0
            ],
            "name": "L_shoulder_s"
        },
        {
            "children": [
                41
            ],
            "matrix": [
                -0.6402908563613892,
                -0.6287078857421875,
                -0.4411207437515259,
                0.0,
                0.7494028806686401,
                -0.637127161026001,
                -0.1797129362821579,
                0.0,
                -0.1680942326784134,
                -0.4456777274608612,
                0.8792633414268494,
                0.0,
                -0.143437996506691,
                1.7880090475082398,
                -0.2730120122432709,
                1.0
            ],
            "name": "L_elbow_s"
        },
        {
            "children": [
                42
            ],
            "matrix": [
                0.35973718762397768,
                0.11999204009771349,
                0.9252688884735109,
                0.0,
                -0.09565281867980956,
                0.9912130236625673,
                -0.0913534164428711,
                0.0,
                -0.9281007647514344,
                -0.05564933270215988,
                0.3680548071861267,
                0.0,
                0.014942999929189682,
                0.6655920147895813,
                -0.07965400069952011,
                1.0
            ],
            "name": "L_forearm_twist_s"
        },
        {
            "children": [
                49,
                47,
                45,
                43
            ],
            "matrix": [
                0.5213777422904968,
                0.3315362930297852,
                -0.7862661480903626,
                0.0,
                0.44018590450286868,
                0.6848852634429932,
                0.5806424617767334,
                0.0,
                0.7310038208961487,
                -0.6488395929336548,
                0.21114639937877656,
                0.0,
                0.011583000421524048,
                0.6655920147895813,
                -0.08021199703216553,
                1.0
            ],
            "name": "L_wrist_s"
        },
        {
            "children": [
                44
            ],
            "matrix": [
                -0.95459246635437,
                0.2972244918346405,
                -0.0150857325643301,
                0.0,
                0.2635936439037323,
                0.8209630250930786,
                -0.5064802765846252,
                0.0,
                -0.1381606012582779,
                -0.4875051081180573,
                -0.8620181083679199,
                0.0,
                -0.08791399747133255,
                0.7077609896659851,
                -0.5796489715576172,
                1.0
            ],
            "name": "L_gunbone_01_s"
        },
        {
            "matrix": [
                0.9546059370040894,
                -0.29725244641304018,
                -0.019083715975284578,
                0.0,
                0.2939956784248352,
                0.9505643248558044,
                -0.09995079040527344,
                0.0,
                0.047852326184511188,
                0.0898025780916214,
                0.9948094487190248,
                0.0,
                0.15491999685764314,
                0.3497540056705475,
                -0.11559700220823288,
                1.0
            ],
            "name": "L_gunbone_02_s"
        },
        {
            "children": [
                46
            ],
            "matrix": [
                -0.15969198942184449,
                0.9524766206741332,
                0.2591090202331543,
                0.0,
                0.2006780207157135,
                0.2884032130241394,
                -0.936195433139801,
                0.0,
                -0.9664775133132936,
                -0.09757173806428908,
                -0.23715612292289738,
                0.0,
                0.684008002281189,
                0.3421019911766052,
                -0.4266270101070404,
                1.0
            ],
            "name": "L_thumb_01_s"
        },
        {
            "matrix": [
                0.9926891922950744,
                0.012774139642715454,
                -0.12001458555459976,
                0.0,
                0.06556378304958344,
                0.7778058052062988,
                0.6250537037849426,
                0.0,
                0.10133150219917298,
                -0.6283531188964844,
                0.7712822556495667,
                0.0,
                -0.04333800077438355,
                0.4009220004081726,
                0.04629899933934212,
                1.0
            ],
            "name": "L_thumb_02_s"
        },
        {
            "children": [
                48
            ],
            "matrix": [
                -0.998461127281189,
                0.011216358281672,
                0.05258147045969963,
                0.0,
                -0.02343067526817322,
                0.7894624471664429,
                -0.6133354306221008,
                0.0,
                -0.04839026927947998,
                -0.6136802434921265,
                -0.787964940071106,
                0.0,
                0.37429100275039675,
                1.0349849462509156,
                -0.1818320006132126,
                1.0
            ],
            "name": "L_index_01_s"
        },
        {
            "matrix": [
                0.9914701581001282,
                -0.0365588441491127,
                -0.12509487569332124,
                0.0,
                0.1124432310461998,
                0.7252618074417114,
                0.6792079210281372,
                0.0,
                0.06589242815971375,
                -0.6874811053276062,
                0.7231868505477905,
                0.0,
                -0.03548699989914894,
                0.3504270017147064,
                0.13253499567508698,
                1.0
            ],
            "name": "L_index_02_s"
        },
        {
            "children": [
                50
            ],
            "matrix": [
                -0.9907874464988709,
                -0.12677347660064698,
                0.045553140342235568,
                0.0,
                -0.12256360054016112,
                0.7081230878829956,
                -0.6953490972518921,
                0.0,
                0.05589954182505608,
                -0.6945940256118774,
                -0.7171100974082947,
                0.0,
                -0.12685400247573853,
                1.0332920551300049,
                -0.1728550046682358,
                1.0
            ],
            "name": "L_middle_01_s"
        },
        {
            "matrix": [
                0.9961639046669006,
                -0.06250477582216263,
                -0.061233438551425937,
                0.0,
                0.0874519869685173,
                0.6878268122673035,
                0.7205765247344971,
                0.0,
                -0.0029232348315417768,
                -0.7231671810150147,
                0.690654456615448,
                0.0,
                -0.007761000189930201,
                0.364641010761261,
                0.12881700694561006,
                1.0
            ],
            "name": "L_middle_02_s"
        },
        {
            "children": [
                52
            ],
            "matrix": [
                1.0,
                0.0,
                -0.0,
                0.0,
                -0.0,
                0.9995644092559816,
                -0.0295241791754961,
                0.0,
                0.0,
                0.0295241791754961,
                0.9995644092559816,
                0.0,
                0.0,
                1.5110559463500977,
                -0.0002640000020619482,
                1.0
            ],
            "name": "neck_s"
        },
        {
            "children": [
                55,
                54,
                53
            ],
            "translation": [
                0.0,
                1.3984040021896365,
                0.1269340068101883
            ],
            "rotation": [
                -0.06323716044425965,
                0.0013840816682204605,
                -0.02229909412562847,
                -0.9977482557296752
            ],
            "scale": [
                0.9999995827674866,
                0.999999463558197,
                0.9999998211860656
            ],
            "name": "head_s"
        },
        {
            "matrix": [
                0.9795529842376708,
                0.19562296569347385,
                -0.046978387981653216,
                0.0,
                -0.1966466009616852,
                0.9803054928779602,
                -0.01820977032184601,
                0.0,
                0.0424908809363842,
                0.02707564271986485,
                0.9987300038337708,
                0.0,
                -0.20537400245666505,
                -0.3687590062618256,
                1.8284729719161988,
                1.0
            ],
            "name": "R_eyebrow_s"
        },
        {
            "matrix": [
                0.9721575975418092,
                -0.22773896157741548,
                0.05515760555863381,
                0.0,
                0.2291332632303238,
                0.9731802940368652,
                -0.020349951460957528,
                0.0,
                -0.04904347285628319,
                0.03242243826389313,
                0.9982697367668152,
                0.0,
                0.20537400245666505,
                -0.3687610030174256,
                1.828474998474121,
                1.0
            ],
            "name": "L_eyebrow_s"
        },
        {
            "children": [
                56
            ],
            "matrix": [
                1.0,
                0.0,
                -0.0,
                0.0,
                -0.0,
                0.9544779062271118,
                -0.29827556014060976,
                0.0,
                0.0,
                0.29827556014060976,
                0.9544779062271118,
                0.0,
                -0.0,
                2.276439905166626,
                0.004707000218331814,
                1.0
            ],
            "name": "hat_01_s"
        },
        {
            "translation": [
                -0.11133799701929093,
                1.2270020246505738,
                0.8317399621009827
            ],
            "rotation": [
                -0.09626975655555724,
                0.13336285948753358,
                0.02352919988334179,
                -0.9860989451408386
            ],
            "scale": [
                0.9999982118606569,
                0.9999987483024596,
                0.9999966621398926
            ],
            "name": "hat_02_s"
        }
    ],
    "meshes": [
        {
            "primitives": [
                {
                    "attributes": {
                        "JOINTS_0": 1,
                        "NORMAL": 2,
                        "POSITION": 3,
                        "WEIGHTS_0": 4
                    },
                    "indices": 0,
                    "mode": 4,
                    "material": 0
                }
            ],
            "name": "Kork-mesh"
        },
        {
            "primitives": [
                {
                    "attributes": {
                        "JOINTS_0": 6,
                        "NORMAL": 7,
                        "POSITION": 8,
                        "WEIGHTS_0": 9
                    },
                    "indices": 5,
                    "mode": 4,
                    "material": 0
                }
            ],
            "name": "Bottle-mesh"
        },
        {
            "primitives": [
                {
                    "attributes": {
                        "JOINTS_0": 11,
                        "NORMAL": 12,
                        "POSITION": 13,
                        "WEIGHTS_0": 14
                    },
                    "indices": 10,
                    "mode": 4,
                    "material": 0
                }
            ],
            "name": "UpperBody-mesh"
        },
        {
            "primitives": [
                {
                    "attributes": {
                        "JOINTS_0": 16,
                        "NORMAL": 17,
                        "POSITION": 18,
                        "WEIGHTS_0": 19
                    },
                    "indices": 15,
                    "mode": 4,
                    "material": 0
                }
            ],
            "name": "Moustache-mesh"
        },
        {
            "primitives": [
                {
                    "attributes": {
                        "JOINTS_0": 21,
                        "NORMAL": 22,
                        "POSITION": 23,
                        "WEIGHTS_0": 24
                    },
                    "indices": 20,
                    "mode": 4,
                    "material": 0
                }
            ],
            "name": "Towel-mesh"
        },
        {
            "primitives": [
                {
                    "attributes": {
                        "JOINTS_0": 26,
                        "NORMAL": 27,
                        "POSITION": 28,
                        "WEIGHTS_0": 29
                    },
                    "indices": 25,
                    "mode": 4,
                    "material": 0
                }
            ],
            "name": "Legs-mesh"
        },
        {
            "primitives": [
                {
                    "attributes": {
                        "JOINTS_0": 31,
                        "NORMAL": 32,
                        "POSITION": 33,
                        "WEIGHTS_0": 34
                    },
                    "indices": 30,
                    "mode": 4,
                    "material": 0
                }
            ],
            "name": "Hips-mesh"
        },
        {
            "primitives": [
                {
                    "attributes": {
                        "JOINTS_0": 36,
                        "NORMAL": 37,
                        "POSITION": 38,
                        "WEIGHTS_0": 39
                    },
                    "indices": 35,
                    "mode": 4,
                    "material": 0
                }
            ],
            "name": "Hat-mesh"
        },
        {
            "primitives": [
                {
                    "attributes": {
                        "JOINTS_0": 41,
                        "NORMAL": 42,
                        "POSITION": 43,
                        "WEIGHTS_0": 44
                    },
                    "indices": 40,
                    "mode": 4,
                    "material": 0
                }
            ],
            "name": "Bow-mesh"
        }
    ],
    "animations": [
        {
            "channels": [
                {
                    "sampler": 0,
                    "target": {
                        "node": 13,
                        "path": "translation"
                    }
                },
                {
                    "sampler": 1,
                    "target": {
                        "node": 13,
                        "path": "rotation"
                    }
                },
                {
                    "sampler": 2,
                    "target": {
                        "node": 13,
                        "path": "scale"
                    }
                },
                {
                    "sampler": 3,
                    "target": {
                        "node": 22,
                        "path": "translation"
                    }
                },
                {
                    "sampler": 4,
                    "target": {
                        "node": 22,
                        "path": "rotation"
                    }
                },
                {
                    "sampler": 5,
                    "target": {
                        "node": 22,
                        "path": "scale"
                    }
                },
                {
                    "sampler": 6,
                    "target": {
                        "node": 23,
                        "path": "translation"
                    }
                },
                {
                    "sampler": 7,
                    "target": {
                        "node": 23,
                        "path": "rotation"
                    }
                },
                {
                    "sampler": 8,
                    "target": {
                        "node": 23,
                        "path": "scale"
                    }
                },
                {
                    "sampler": 9,
                    "target": {
                        "node": 24,
                        "path": "translation"
                    }
                },
                {
                    "sampler": 10,
                    "target": {
                        "node": 24,
                        "path": "rotation"
                    }
                },
                {
                    "sampler": 11,
                    "target": {
                        "node": 24,
                        "path": "scale"
                    }
                },
                {
                    "sampler": 12,
                    "target": {
                        "node": 52,
                        "path": "translation"
                    }
                },
                {
                    "sampler": 13,
                    "target": {
                        "node": 52,
                        "path": "rotation"
                    }
                },
                {
                    "sampler": 14,
                    "target": {
                        "node": 52,
                        "path": "scale"
                    }
                },
                {
                    "sampler": 15,
                    "target": {
                        "node": 56,
                        "path": "translation"
                    }
                },
                {
                    "sampler": 16,
                    "target": {
                        "node": 56,
                        "path": "rotation"
                    }
                },
                {
                    "sampler": 17,
                    "target": {
                        "node": 56,
                        "path": "scale"
                    }
                },
                {
                    "sampler": 18,
                    "target": {
                        "node": 18,
                        "path": "translation"
                    }
                },
                {
                    "sampler": 19,
                    "target": {
                        "node": 18,
                        "path": "rotation"
                    }
                },
                {
                    "sampler": 20,
                    "target": {
                        "node": 18,
                        "path": "scale"
                    }
                },
                {
                    "sampler": 21,
                    "target": {
                        "node": 19,
                        "path": "translation"
                    }
                },
                {
                    "sampler": 22,
                    "target": {
                        "node": 19,
                        "path": "rotation"
                    }
                },
                {
                    "sampler": 23,
                    "target": {
                        "node": 19,
                        "path": "scale"
                    }
                },
                {
                    "sampler": 24,
                    "target": {
                        "node": 20,
                        "path": "translation"
                    }
                },
                {
                    "sampler": 25,
                    "target": {
                        "node": 20,
                        "path": "rotation"
                    }
                },
                {
                    "sampler": 26,
                    "target": {
                        "node": 20,
                        "path": "scale"
                    }
                },
                {
                    "sampler": 27,
                    "target": {
                        "node": 14,
                        "path": "translation"
                    }
                },
                {
                    "sampler": 28,
                    "target": {
                        "node": 14,
                        "path": "rotation"
                    }
                },
                {
                    "sampler": 29,
                    "target": {
                        "node": 14,
                        "path": "scale"
                    }
                },
                {
                    "sampler": 30,
                    "target": {
                        "node": 15,
                        "path": "translation"
                    }
                },
                {
                    "sampler": 31,
                    "target": {
                        "node": 15,
                        "path": "rotation"
                    }
                },
                {
                    "sampler": 32,
                    "target": {
                        "node": 15,
                        "path": "scale"
                    }
                },
                {
                    "sampler": 33,
                    "target": {
                        "node": 16,
                        "path": "translation"
                    }
                },
                {
                    "sampler": 34,
                    "target": {
