{
    "asset": {
        "generator": "COLLADA2GLTF",
        "version": "2.0"
    },
    "scenes": [
        {
            "nodes": [
                0
            ]
        }
    ],
    "scene": 0,
    "nodes": [
        {
            "children": [
                1
            ],
            "name": "Y_UP"
        },
        {
            "children": [
                73,
                2
            ],
            "name": "CHARACTER"
        },
        {
            "children": [
                3
            ],
            "name": "Root"
        },
        {
            "children": [
                28,
                24,
                20,
                16,
                12,
                8,
                4
            ],
            "translation": [
                0.014702999964356425,
                4.2232770919799809,
                -0.2411089986562729
            ],
            "rotation": [
                -0.0,
                0.04970388486981392,
                -0.0,
                -0.998763918876648
            ],
            "scale": [
                0.9999995827674866,
                1.0,
                0.9999995827674866
            ],
            "name": "hips_s"
        },
        {
            "children": [
                5
            ],
            "translation": [
                -0.029908999800682069,
                0.35406801104545596,
                -0.557673990726471
            ],
            "rotation": [
                0.16836054623126985,
                -0.6936181783676148,
                0.16470041871070865,
                -0.6807101368904114
            ],
            "scale": [
                0.9999504089355468,
                0.999994933605194,
                0.9999510645866394
            ],
            "name": "B_dress_01_s"
        },
        {
            "children": [
                6
            ],
            "translation": [
                2.1394240856170656,
                -0.6213120222091675,
                0.08621600270271301
            ],
            "rotation": [
                -0.012425890192389489,
                0.012364374473690989,
                0.2586983740329743,
                -0.965797245502472
            ],
            "scale": [
                0.9999930262565612,
                0.9999932050704956,
                1.0000003576278689
            ],
            "name": "B_dress_02_s"
        },
        {
            "children": [
                7
            ],
            "translation": [
                2.007704973220825,
                0.4309239983558655,
                -0.2810939848423004
            ],
            "rotation": [
                0.9573120474815368,
                -0.2867260277271271,
                -0.009258157573640349,
                0.03537169098854065
            ],
            "scale": [
                0.9999992847442628,
                0.9999908208847046,
                0.9999899864196776
            ],
            "name": "B_dress_03_s"
        },
        {
            "translation": [
                1.507315993309021,
                0.003831000067293644,
                0.0939129963517189
            ],
            "rotation": [
                -0.7015898823738098,
                0.7124475240707398,
                -0.008858302608132363,
                -0.008396933786571026
            ],
            "scale": [
                0.9999582767486572,
                0.9999592900276184,
                0.9999178647994996
            ],
            "name": "B_dress_04_s"
        },
        {
            "children": [
                9
            ],
            "translation": [
                -0.00044899998465552926,
                0.3504869937896729,
                0.98989599943161
            ],
            "rotation": [
                -0.2522355914115906,
                0.653302788734436,
                0.2566030025482178,
                -0.6660930514335632
            ],
            "scale": [
                0.9999624490737916,
                0.9999899864196776,
                0.9999629855155944
            ],
            "name": "F_dress_01_s"
        },
        {
            "children": [
                10
            ],
            "translation": [
                1.6966450214385989,
                -0.5228170156478882,
                0.05662300065159798
            ],
            "rotation": [
                -0.014025380834937096,
                0.01051903422921896,
                0.23910808563232426,
                -0.9708335399627686
            ],
            "scale": [
                0.9999955892562866,
                0.9999960660934448,
                1.000000238418579
            ],
            "name": "F_dress_02_s"
        },
        {
            "children": [
                11
            ],
            "translation": [
                1.6877789497375489,
                0.2640129923820496,
                -0.1843539923429489
            ],
            "rotation": [
                0.9743519425392152,
                -0.221980556845665,
                -0.005505681503564119,
                0.036140646785497668
            ],
            "scale": [
                0.999997854232788,
                0.9999496340751648,
                0.99994695186615
            ],
            "name": "F_dress_03_s"
        },
        {
            "translation": [
                1.5095289945602418,
                0.016176000237464906,
                0.05751800164580345
            ],
            "rotation": [
                0.007904752157628537,
                -0.009319614619016648,
                -0.6739650964736939,
                -0.7386581897735596
            ],
            "scale": [
                0.9999936819076538,
                0.999993860721588,
                0.999999701976776
            ],
            "name": "F_dress_04_s"
        },
        {
            "children": [
                13
            ],
            "translation": [
                0.9348660111427308,
                0.3529149889945984,
                0.22303399443626405
            ],
            "rotation": [
                -0.3379381597042084,
                0.9411025643348694,
                0.00427536154165864,
                -0.00855072308331728
            ],
            "scale": [
                0.9999427795410156,
                0.9999925494194032,
                0.9999351501464844
            ],
            "name": "L_dress_01_s"
        },
        {
            "children": [
                14
            ],
            "translation": [
                0.04985399916768074,
                -1.944362998008728,
                -0.07689999788999558
            ],
            "rotation": [
                -0.015317270532250405,
                0.008581358939409256,
                0.2897979319095612,
                -0.956925630569458
            ],
            "scale": [
                0.9999958276748656,
                0.9999961256980896,
                0.999999463558197
            ],
            "name": "L_dress_02_s"
        },
        {
            "children": [
                15
            ],
            "translation": [
                1.1629960536956788,
                -1.2479950189590457,
                0.23016899824142457
            ],
            "rotation": [
                0.9809341430664064,
                -0.19085337221622468,
                -0.00055364437866956,
                0.03666353598237038
            ],
            "scale": [
                0.9999998807907105,
                1.0000025033950806,
                1.0000028610229493
            ],
            "name": "L_dress_03_s"
        },
        {
            "translation": [
                1.4863120317459109,
                -0.28867900371551516,
                -0.07000900059938431
            ],
            "rotation": [
                0.008550665341317654,
                -0.008735211566090584,
                -0.6739648580551148,
                -0.7386581301689148
            ],
            "scale": [
                0.9999931454658508,
                0.9999935626983644,
                0.9999996423721314
            ],
            "name": "L_dress_04_s"
        },
        {
            "children": [
                17
            ],
            "translation": [
                -0.964281976222992,
                0.3515230119228363,
                0.25918400287628176
            ],
            "rotation": [
                -0.3379381597042084,
                0.9411025643348694,
                0.00427536154165864,
                -0.00855072308331728
            ],
            "scale": [
                0.9999427795410156,
                0.9999925494194032,
                0.9999351501464844
            ],
            "name": "R_dress_01_s"
        },
        {
            "children": [
                18
            ],
            "translation": [
                1.8916620016098025,
                -0.4185490012168885,
                0.07366800308227539
            ],
            "rotation": [
                -0.015317270532250405,
                0.008581358939409256,
                0.2897979319095612,
                -0.956925630569458
            ],
            "scale": [
                0.9999958276748656,
                0.9999961256980896,
                0.999999463558197
            ],
            "name": "R_dress_02_s"
        },
        {
            "children": [
                19
            ],
            "translation": [
                1.6679879426956177,
                0.393752008676529,
                -0.2102770060300827
            ],
            "rotation": [
                0.9809341430664064,
                -0.19085337221622468,
                -0.00055364437866956,
                0.03666353598237038
            ],
            "scale": [
                0.9999998807907105,
                1.0000025033950806,
                1.0000028610229493
            ],
            "name": "R_dress_03_s"
        },
        {
            "translation": [
                1.5090099573135377,
                0.016377000138163568,
                0.07000900059938431
            ],
            "rotation": [
                0.008550665341317654,
                -0.008735211566090584,
                -0.6739648580551148,
                -0.7386581301689148
            ],
            "scale": [
                0.9999931454658508,
                0.9999935626983644,
                0.9999996423721314
            ],
            "name": "R_dress_04_s"
        },
        {
            "children": [
                21
            ],
            "translation": [
                -0.6804310083389282,
                -0.07748600095510483,
                0.21601499617099766
            ],
            "rotation": [
                -0.013225940987467766,
                0.9928682446479796,
                -0.1081451177597046,
                -0.04844384267926216
            ],
            "scale": [
                1.0000091791152957,
                1.0000001192092896,
                1.0000085830688477
            ],
            "name": "R_upperLeg_s"
        },
        {
            "children": [
                22
            ],
            "translation": [
                0.0,
                -1.555145025253296,
                -0.0
            ],
            "rotation": [
                0.2547029852867127,
                0.0003075750428251922,
                -0.0020915113855153324,
                -0.9670159220695496
            ],
            "scale": [
                1.0,
                0.9999964237213136,
                0.999995768070221
            ],
            "name": "R_lowerLeg_s"
        },
        {
            "children": [
                23
            ],
            "translation": [
                0.0,
                -2.2069830894470217,
                0.0
            ],
            "rotation": [
                -0.0004921283689327538,
                -0.14809976518154145,
                0.9889312982559204,
                -0.005782504100352526
            ],
            "scale": [
                0.9999049305915833,
                0.9999063014984132,
                0.9999982714653016
            ],
            "name": "R_ankle_s"
        },
        {
            "matrix": [
                -0.999908208847046,
                0.00001861225246102549,
                0.00692713214084506,
                0.0,
                0.0068849846720695499,
                -0.10746730864048004,
                0.9941471219062804,
                0.0,
                0.0007632051128894091,
                0.9941707253456116,
                0.10753262042999268,
                0.0,
                -0.0019389999797567728,
                0.4183079898357392,
                -0.8136739730834961,
                1.0
            ],
            "name": "R_toes_s"
        },
        {
            "children": [
                25
            ],
            "translation": [
                0.6804310083389282,
                -0.07748999446630478,
                0.21601499617099766
            ],
            "rotation": [
                0.04927433654665947,
                0.08138569444417954,
                0.9954519867897034,
                -0.0019992704037576915
            ],
            "scale": [
                0.9999607801437378,
                0.9999606609344482,
                0.9999998807907105
            ],
            "name": "L_upperLeg_s"
        },
        {
            "children": [
                26
            ],
            "translation": [
                0.0,
                1.5551429986953736,
                0.0
            ],
            "rotation": [
                0.24000056087970737,
                0.0002768173289950937,
                -0.0019684783183038236,
                -0.9707696437835692
            ],
            "scale": [
                1.0,
                0.9999958872795104,
                0.9999962449073792
            ],
            "name": "L_lowerLeg_s"
        },
        {
            "children": [
                27
            ],
            "translation": [
                -0.0,
                2.2069809436798097,
                -0.0
            ],
            "rotation": [
                -0.00030758004868403077,
                -0.16018769145011906,
                0.9870858192443848,
                0.00003075799759244546
            ],
            "scale": [
                0.999997079372406,
                0.9999971985816956,
                1.0000001192092896
            ],
            "name": "L_ankle_s"
        },
        {
            "matrix": [
                -0.999908208847046,
                0.00001861225246102549,
                0.00692713214084506,
                0.0,
                0.0068849846720695499,
                -0.10746730864048004,
                0.9941471219062804,
                0.0,
                0.0007632051128894091,
                0.9941707253456116,
                0.10753262042999268,
                0.0,
                0.0019389999797567728,
                -0.4183079898357392,
                0.8136739730834961,
                1.0
            ],
            "name": "L_toes_s"
        },
        {
            "children": [
                29
            ],
            "translation": [
                -0.002304000081494451,
                0.2616269886493683,
                0.03626300022006035
            ],
            "rotation": [
                -0.005967059638351202,
                0.001783965970389545,
                -0.014179449528455736,
                -0.9998800158500673
            ],
            "scale": [
                0.9999995231628418,
                0.9999999403953552,
                1.000000238418579
            ],
            "name": "spine_lower_s"
        },
        {
            "children": [
                30
            ],
            "translation": [
                -0.00037999998312443495,
                0.2924639880657196,
                0.016064999625086786
            ],
            "rotation": [
                0.009873219765722752,
                0.013840963132679465,
                0.013225805014371872,
                -0.9997679591178894
            ],
            "scale": [
                0.999999701976776,
                0.9999995827674866,
                1.000000238418579
            ],
            "name": "spine_mid_s"
        },
        {
            "children": [
                31
            ],
            "translation": [
                -0.00006900000153109431,
                0.2604640126228333,
                0.005291000008583069
            ],
            "rotation": [
                0.0046752323396503929,
                0.012241723947227002,
                0.01605573296546936,
                -0.9997851252555848
            ],
            "scale": [
                0.999999463558197,
                1.0000001192092896,
                0.9999996423721314
            ],
            "name": "spine_upper_s"
        },
        {
            "children": [
                63,
                44,
                33,
                32
            ],
            "translation": [
                0.004468000028282404,
                0.2909049987792969,
                0.03145899996161461
            ],
            "rotation": [
                -0.0006459100404754281,
                0.01516350731253624,
                0.02445231005549431,
                -0.999585747718811
            ],
            "scale": [
                0.9999999403953552,
                0.9999998211860656,
                1.0
            ],
            "name": "chest_s"
        },
        {
            "matrix": [
                1.0,
                0.0,
                0.0,
                0.0,
                0.0,
                0.6740543842315674,
                0.7386603355407715,
                0.0,
                0.0,
                -0.7386603355407715,
                0.6740543842315674,
                0.0,
                -0.014702999964356425,
                1.141089916229248,
                0.6124159693717957,
                1.0
            ],
            "name": "zip_s"
        },
        {
            "children": [
                34
            ],
            "translation": [
                -0.0993340015411377,
                0.6891599893569946,
                0.18923799693584446
            ],
            "rotation": [
                0.9419023394584656,
                -0.0014763942454010249,
                -0.2128761112689972,
                -0.2597205936908722
            ],
            "scale": [
                0.9999957084655762,
                0.9999127388000488,
                0.9999169111251832
            ],
            "name": "R_clavicle_s"
        },
        {
            "children": [
                35
            ],
            "translation": [
                -0.9854789972305298,
                -0.01750000007450581,
                0.4104439914226532
            ],
            "rotation": [
                0.13997966051101685,
                0.7549858689308167,
                0.6017187833786011,
                0.21979667246341706
            ],
            "scale": [
                0.999951720237732,
                0.9999801516532898,
                0.9999694228172302
            ],
            "name": "R_shoulder_s"
        },
        {
            "children": [
                43,
                36
            ],
            "translation": [
                0.0,
                -1.681846022605896,
                0.0
            ],
            "rotation": [
                -0.0,
                -0.0,
                0.7650845646858215,
                -0.6439051628112793
            ],
            "scale": [
                0.9999736547470092,
                0.9999736547470092,
                1.0
            ],
            "name": "R_elbow_s"
        },
        {
            "children": [
                41,
                39,
                37
            ],
            "translation": [
                -0.0,
                -1.199841022491455,
                0.0
            ],
            "rotation": [
                -0.15034498274326325,
                -0.03075797483325005,
                -0.2592896521091461,
                -0.9535297155380248
            ],
            "scale": [
                0.999999463558197,
                0.999999701976776,
                0.9999999403953552
            ],
            "name": "R_wrist_s"
        },
        {
            "children": [
                38
            ],
            "matrix": [
                -0.4619207978248596,
                0.6955137848854065,
                0.5502831339836121,
                0.0,
                0.8362877368927002,
                0.548192024230957,
                0.00920330174267292,
                0.0,
                -0.29525282979011538,
                0.4644586145877838,
                -0.8348683714866638,
                0.0,
                -0.3407439887523651,
                -0.3968150019645691,
                -0.027900999411940576,
                1.0
            ],
            "name": "R_thumb_01_s"
        },
        {
            "matrix": [
                0.975260853767395,
                0.005540451500564814,
                -0.22098462283611296,
                0.0,
                0.1454390734434128,
                0.7367619276046753,
                0.6603187322616577,
                0.0,
                0.1664704531431198,
                -0.676122784614563,
                0.7177290320396423,
                0.0,
                0.0,
                -0.5109099745750427,
                0.0,
                1.0
            ],
            "name": "R_thumb_02_s"
        },
        {
            "children": [
                40
            ],
            "matrix": [
                -0.9930137395858764,
                -0.050685830414295199,
                -0.1057366281747818,
                0.0,
                -0.05039242282509804,
                0.998714804649353,
                -0.0054464456625282768,
                0.0,
                0.10587670654058457,
                -0.00008031234028749168,
                -0.9942909479141237,
                0.0,
                -0.2489040046930313,
                -0.9191790223121644,
                -0.0671909973025322,
                1.0
            ],
            "name": "R_index_01_s"
        },
        {
            "matrix": [
                0.9998222589492798,
                0.006206890568137169,
                -0.017810320481657987,
                0.0,
                0.010602787137031556,
                0.5960114598274231,
                0.8028878569602966,
                0.0,
                0.015598519705235958,
                -0.8029342293739319,
                0.5958399176597595,
                0.0,
                0.0,
                -0.34243398904800417,
                -0.0,
                1.0
            ],
            "name": "R_index_02_s"
        },
        {
            "children": [
                42
            ],
            "matrix": [
                -0.9460602402687072,
                -0.17463070154190064,
                -0.27262866497039797,
                0.0,
                -0.16941381990909577,
                0.9846166968345642,
                -0.04275267198681832,
                0.0,
                0.27590081095695498,
                0.005739062558859587,
                -0.9610916376113892,
                0.0,
                0.21953800320625306,
                -0.8301870226860046,
                0.008337000384926796,
                1.0
            ],
            "name": "R_middle_01_s"
        },
        {
            "matrix": [
                0.9964989423751832,
                0.011731323786079884,
                -0.0827806293964386,
                0.0,
                0.07030925899744034,
                0.418212354183197,
                0.9055983424186708,
                0.0,
                0.04524220898747444,
                -0.9082475900650024,
                0.4159231185913086,
                0.0,
                0.0,
                -0.3366119861602783,
                -0.0,
                1.0
            ],
            "name": "R_middle_02_s"
        },
        {
            "translation": [
                0.0,
                -0.3999469876289368,
                -0.0
            ],
            "rotation": [
                -0.0,
                -0.001261045690625906,
                -0.0,
                -0.9999992847442628
            ],
            "scale": [
                1.000000238418579,
                1.0,
                1.000000238418579
            ],
            "name": "R_forearm_twist_s"
        },
        {
            "children": [
                45
            ],
            "matrix": [
                0.9671602249145508,
                0.22361387312412266,
                0.12082217633724213,
                0.0,
                -0.22210544347763065,
                0.9746761322021484,
                -0.02598493918776512,
                0.0,
                -0.12357304245233536,
                -0.0017040371894836426,
                0.9923338294029236,
                0.0,
                0.0993340015411377,
                0.6891559958457947,
                0.18923799693584446,
                1.0
            ],
            "name": "L_clavicle_s"
        },
        {
            "children": [
                46
            ],
            "translation": [
                0.985476016998291,
                0.017503999173641206,
                -0.4104450047016144
            ],
            "rotation": [
                0.6455796957015991,
                0.09387341141700745,
                0.7532942295074463,
                0.08335420489311218
            ],
            "scale": [
                0.9999836087226868,
                0.999971330165863,
                0.9999874830245972
            ],
            "name": "L_shoulder_s"
        },
        {
            "children": [
                62,
                47
            ],
            "translation": [
                -0.0,
                1.68184494972229,
                -0.0
            ],
            "rotation": [
                -0.0,
                -0.0,
                0.693341851234436,
                -0.7205744385719299
            ],
            "scale": [
                0.9999485611915588,
                0.9999485611915588,
                1.0
            ],
            "name": "L_elbow_s"
        },
        {
            "children": [
                60,
                58,
                56,
                48
            ],
            "translation": [
                0.0,
                1.199844002723694,
                -0.0
            ],
            "rotation": [
                -0.2612464129924774,
                0.23196612298488618,
                0.4323759078979492,
                -0.8312426805496216
            ],
            "scale": [
                0.9999687075614928,
                0.9999675154685974,
                0.9999845027923584
            ],
            "name": "L_wrist_s"
        },
        {
            "children": [
                52,
                49
            ],
            "matrix": [
                -0.27988630533218386,
                0.7208893895149231,
                0.6339728236198425,
                0.0,
                0.38433900475502016,
                -0.5209640264511108,
                0.7621069550514221,
                0.0,
                0.879707396030426,
                0.4569926261901856,
                -0.1312152594327927,
                0.0,
                0.8669080138206482,
                1.0271010398864749,
                -0.480800986289978,
                1.0
            ],
            "name": "gunbrella_s"
        },
        {
            "children": [
                51,
                50
            ],
            "matrix": [
                1.0,
                0.0,
                0.0,
                0.0,
                0.0,
                0.05983227863907814,
                0.998161256313324,
                0.0,
                0.0,
                -0.998161256313324,
                0.05983227863907814,
                0.0,
                -0.000014000000192027074,
                0.5257869958877564,
                0.7513480186462402,
                1.0
            ],
            "name": "gunbrella_scope_flip_s"
        },
        {
            "matrix": [
                0.609300971031189,
                0.0,
                0.0,
                0.0,
                0.0,
                0.609300971031189,
                0.0,
                0.0,
                0.0,
                0.0,
                0.08300600200891495,
                0.0,
                0.0,
                0.5920999646186829,
                0.14180000126361848,
                1.0
            ],
            "name": "gunbrella_front_scope_s"
        },
        {
            "matrix": [
                0.6832979917526245,
                0.0,
                0.0,
                0.0,
                0.0,
                0.6832979917526245,
                0.0,
                0.0,
                0.0,
                0.0,
                0.6832979917526245,
                0.0,
                0.0,
                0.5920999646186829,
                0.14395499229431153,
                1.0
            ],
            "name": "gunbrella_back_scope_s"
        },
        {
            "children": [
                55,
                53
            ],
            "matrix": [
                1.0,
                0.0,
                0.0,
                0.0,
                0.0,
                1.0,
                0.0,
                0.0,
                0.0,
                0.0,
                1.0,
                0.0,
                0.0000019999999949504856,
                -0.000012999999853491318,
                4.017890930175781,
                1.0
            ],
            "name": "gunbrella_canopy_s"
        },
        {
            "children": [
                54
            ],
            "matrix": [
                1.0,
                0.0,
                0.0,
                0.0,
                0.0,
                1.0,
                0.0,
                0.0,
                0.0,
                0.0,
                1.0,
                0.0,
                0.000006000000212225132,
                0.000011000000085914508,
                -0.16997699439525605,
                1.0
            ],
            "name": "gunbrella_barrel_s"
        },
        {
            "matrix": [
                1.0,
                0.0,
                0.0,
                0.0,
                0.0,
                1.0,
                0.0,
                0.0,
                0.0,
                0.0,
                1.0,
                0.0,
                -0.000022000000171829016,
                -0.000011000000085914508,
                0.8679860234260559,
                1.0
            ],
            "name": "gunbrella_barrel_muzzle_s"
        },
        {
            "translation": [
                -0.0,
                0.0,
                1.849465012550354
            ],
            "rotation": [
                -0.0,
                -0.0,
                -0.0,
                -1.0
            ],
            "name": "gunbrella_canopy_open_s"
        },
        {
            "children": [
                57
            ],
            "matrix": [
                0.15808631479740144,
                0.9825004935264589,
                0.09785319864749909,
                0.0,
                0.5259311199188232,
                0.00019228452583774924,
                -0.8504384160041809,
                0.0,
                -0.8356305956840515,
                0.18585681915283204,
                -0.5166728496551514,
                0.0,
                0.3407450020313263,
                0.396809995174408,
                0.027905000373721124,
                1.0
            ],
            "name": "L_thumb_01_s"
        },
        {
            "matrix": [
                0.9752619862556458,
                0.005526342894881964,
                -0.22098015248775486,
                0.0,
                0.1724853515625,
                0.6061948537826538,
                0.7763695120811462,
                0.0,
                0.13824455440044404,
                -0.7952795028686523,
                0.5902453660964966,
                0.0,
                -0.0,
                0.5109109878540039,
                0.0,
                1.0
            ],
            "name": "L_thumb_02_s"
        },
        {
            "children": [
                59
            ],
            "matrix": [
                -0.9754168391227722,
                -0.03731051087379456,
                -0.21673983335494996,
                0.0,
                0.10836271196603777,
                0.7760429382324219,
                -0.6212832927703857,
                0.0,
                0.1913786232471466,
                -0.6295583844184876,
                -0.7529003024101257,
                0.0,
                0.24890300631523133,
                0.9191839694976808,
                0.0671909973025322,
                1.0
            ],
            "name": "L_index_01_s"
        },
        {
            "matrix": [
                0.9998229146003724,
                0.00618135929107666,
                -0.017780479043722154,
                0.0,
                0.005714475642889738,
                0.8003169298171997,
                0.5995367169380188,
                0.0,
                0.01793598011136055,
                -0.5995322465896606,
                0.8001400828361511,
                0.0,
                0.0,
                0.3424369990825653,
                0.0,
                1.0
            ],
            "name": "L_index_02_s"
        },
        {
            "children": [
                61
            ],
            "matrix": [
                -0.9460586309432985,
                -0.1746656596660614,
                -0.2726483643054962,
                0.0,
                0.14567288756370545,
                0.522415041923523,
                -0.8401375412940979,
                0.0,
                0.289179265499115,
                -0.8345917463302612,
                -0.4687597155570984,
                0.0,
                -0.21953800320625306,
                0.8301910161972046,
                -0.008337000384926796,
                1.0
            ],
            "name": "L_middle_01_s"
        },
        {
            "matrix": [
                0.9602429866790772,
                0.21628883481025697,
                -0.1764945238828659,
                0.0,
                -0.034602150321006778,
                0.7195801138877869,
                0.6935338377952576,
                0.0,
                0.277008593082428,
                -0.6598524451255798,
                0.6984560489654541,
                0.0,
                -0.009196000173687937,
                0.37092000246047976,
                -0.01882299967110157,
                1.0
            ],
            "name": "L_middle_02_s"
        },
        {
            "translation": [
                -0.0,
                0.399948000907898,
                0.0
            ],
            "rotation": [
                -0.0,
                0.04702768474817276,
                -0.0,
                -0.9988934993743897
            ],
            "scale": [
                0.9999996423721314,
                1.0,
                0.9999996423721314
            ],
            "name": "L_forearm_twist_s"
        },
        {
            "children": [
                64
            ],
            "translation": [
                -0.0,
                1.2721079587936402,
                -0.1007559970021248
            ],
            "rotation": [
                -0.002060769824311137,
                -0.00006151550769573078,
                -0.04115388169884682,
                -0.999150574207306
            ],
            "scale": [
                0.9999998807907105,
                0.999999701976776,
                0.999999701976776
            ],
            "name": "neck_s"
        },
        {
            "children": [
                71,
                70,
                69,
                67,
                65
            ],
            "translation": [
                -0.00003400000059627928,
                1.7528129816055298,
                0.1648010015487671
            ],
            "rotation": [
                -0.021868996322155,
                -0.04893609136343002,
                0.01608647592365742,
                -0.9984328150749208
            ],
            "scale": [
                0.999999463558197,
                1.0000003576278689,
                0.9999997615814208
            ],
            "name": "head_s"
        },
        {
            "children": [
                66
            ],
            "matrix": [
                0.9949793219566344,
                -0.10007737576961518,
                0.001132393954321742,
                0.0,
                -0.10008370131254196,
                -0.9948523044586182,
                0.01152237132191658,
                0.0,
                -0.000026531155526754448,
                -0.011577852070331574,
                -0.9998731017112732,
                0.0,
                -1.4864729642868045,
                0.6711450219154358,
                0.5347679853439331,
                1.0
            ],
            "name": "R_bangs_01_s"
        },
        {
            "matrix": [
                0.994979202747345,
                -0.10008377581834792,
                -0.00002653117553563789,
                0.0,
                0.1000773087143898,
                0.9949119091033936,
                0.011577853932976725,
                0.0,
                -0.0011323929065838457,
                -0.011522370390594006,
                0.9999325275421144,
                0.0,
                0.000003000000106112566,
                0.9498940110206604,
                -0.0,
                1.0
            ],
            "name": "R_bangs_02_s"
        },
        {
            "children": [
                68
            ],
            "matrix": [
                0.9949793219566344,
                0.10007737576961518,
                -0.001132393954321742,
                0.0,
                -0.10008370131254196,
                0.994911789894104,
                -0.01152237132191658,
                0.0,
                -0.000026531155526754448,
                0.011577852070331574,
                0.9999325275421144,
                0.0,
                1.4570640325546265,
                0.6711469888687134,
                0.5347689986228943,
                1.0
            ],
            "name": "L_bangs_01_s"
        },
        {
            "matrix": [
                0.994979202747345,
                -0.10008377581834792,
                -0.00002653117553563789,
                0.0,
                0.1000773087143898,
                0.9949119091033936,
                0.011577853932976725,
                0.0,
                -0.0011323929065838457,
                -0.011522370390594006,
                0.9999325275421144,
                0.0,
                -0.0,
                -0.9498980045318604,
                -0.0,
                1.0
            ],
            "name": "L_bangs_02_s"
        },
        {
            "translation": [
                -0.5397099852561951,
