{
    "asset": {
        "generator": "COLLADA2GLTF",
        "version": "2.0"
    },
    "scenes": [
        {
            "nodes": [
                0
            ]
        }
    ],
    "scene": 0,
    "nodes": [
        {
            "children": [
                1
            ],
            "name": "Y_UP"
        },
        {
            "children": [
                73,
                2
            ],
            "name": "CHARACTER"
        },
        {
            "children": [
                3
            ],
            "name": "Root"
        },
        {
            "children": [
                28,
                24,
                20,
                16,
                12,
                8,
                4
            ],
            "translation": [
                -0.14197899401187898,
                4.061968803405762,
                -0.2411089986562729
            ],
            "rotation": [
                -0.1001778393983841,
                -0.06914331018924713,
                -0.01710128597915173,
                -0.9924167990684508
            ],
            "scale": [
                1.000000238418579,
                1.0,
                0.9999994039535524
            ],
            "name": "hips_s"
        },
        {
            "children": [
                5
            ],
            "translation": [
                0.11504200100898744,
                0.3584960103034973,
                -0.5460739731788635
            ],
            "rotation": [
                0.1704542189836502,
                -0.5952365398406982,
                0.16193461418151856,
                -0.768364667892456
            ],
            "scale": [
                0.9999653100967408,
                0.999994695186615,
                0.9999648332595824
            ],
            "name": "B_dress_01_s"
        },
        {
            "children": [
                6
            ],
            "translation": [
                1.98717999458313,
                -0.3955059945583344,
                -0.01676999963819981
            ],
            "rotation": [
                0.022145267575979234,
                0.0181160606443882,
                0.2592226564884186,
                -0.9653921127319336
            ],
            "scale": [
                0.9999943971633912,
                0.9999940991401672,
                1.0000001192092896
            ],
            "name": "B_dress_02_s"
        },
        {
            "children": [
                7
            ],
            "translation": [
                1.9909099340438846,
                0.6193860173225403,
                0.0017709999810904265
            ],
            "rotation": [
                0.9533134698867798,
                -0.3005056083202362,
                -0.02885100804269314,
                -0.006674491334706545
            ],
            "scale": [
                0.99999737739563,
                0.9999762177467346,
                0.99997478723526
            ],
            "name": "B_dress_03_s"
        },
        {
            "translation": [
                1.4671330451965333,
                -0.5702030062675476,
                -0.02285899966955185
            ],
            "rotation": [
                -0.47813311219215395,
                0.877556562423706,
                -0.019869670271873479,
                0.02882024459540844
            ],
            "scale": [
                0.9999108910560608,
                0.9999735951423644,
                0.99988454580307
            ],
            "name": "B_dress_04_s"
        },
        {
            "children": [
                9
            ],
            "translation": [
                -0.24594900012016297,
                0.3463360071182251,
                0.9590470194816588
            ],
            "rotation": [
                -0.3044604957103729,
                0.7237663269042969,
                0.19887277483940125,
                -0.5863955020904541
            ],
            "scale": [
                0.9999669790267944,
                0.9999922513961792,
                0.999963641166687
            ],
            "name": "F_dress_01_s"
        },
        {
            "children": [
                10
            ],
            "translation": [
                1.6505210399627686,
                -0.29440099000930788,
                -0.005113999824970961
            ],
            "rotation": [
                -0.01636316440999508,
                -0.02346821874380112,
                0.17316651344299317,
                -0.9844766855239868
            ],
            "scale": [
                0.9999988675117492,
                0.9999989867210388,
                0.9999999403953552
            ],
            "name": "F_dress_02_s"
        },
        {
            "children": [
                11
            ],
            "translation": [
                1.2655760049819949,
                0.69541996717453,
                -0.13247600197792054
            ],
            "rotation": [
                0.961618185043335,
                -0.2727926373481751,
                0.028697216883301736,
                0.007228134199976921
            ],
            "scale": [
                1.0,
                1.0000017881393433,
                1.0000026226043702
            ],
            "name": "F_dress_03_s"
        },
        {
            "translation": [
                1.0483590364456177,
                -0.5175510048866272,
                0.08014100044965744
            ],
            "rotation": [
                -0.018945986405014993,
                -0.029403183609247209,
                -0.5399298667907715,
                -0.8409656286239624
            ],
            "scale": [
                0.9999588131904602,
                0.999959111213684,
                0.999999701976776
            ],
            "name": "F_dress_04_s"
        },
        {
            "children": [
                13
            ],
            "translation": [
                0.8499329686164856,
                0.4179159998893738,
                0.45227599143981936
            ],
            "rotation": [
                -0.3678657710552216,
                0.9224017858505248,
                -0.03980085626244545,
                0.11051350086927414
            ],
            "scale": [
                0.9999108910560608,
                0.999985694885254,
                0.9998961687088012
            ],
            "name": "L_dress_01_s"
        },
        {
            "children": [
                14
            ],
            "translation": [
                -0.2236810028553009,
                -1.7741049528121949,
                0.12669600546360017
            ],
            "rotation": [
                0.00012303178664296863,
                -0.0024606387596577408,
                0.3179144859313965,
                -0.9481161236763
            ],
            "scale": [
                0.9999998807907105,
                0.9999995827674866,
                1.000000238418579
            ],
            "name": "L_dress_02_s"
        },
        {
            "children": [
                15
            ],
            "translation": [
                1.2823129892349244,
                -1.134963035583496,
                0.24196699261665345
            ],
            "rotation": [
                0.9868704676628112,
                -0.16104893386363984,
                -0.01131894439458847,
                0.0003383384901098907
            ],
            "scale": [
                0.9999991059303284,
                0.9999577403068544,
                0.99995619058609
            ],
            "name": "L_dress_03_s"
        },
        {
            "translation": [
                1.5320080518722537,
                -0.31884801387786868,
                -0.15580399334430698
            ],
            "rotation": [
                0.00741251464933157,
                0.002245282521471381,
                -0.6481491923332214,
                -0.7614617943763733
            ],
            "scale": [
                0.9999785423278808,
                0.9999784231185912,
                0.999999463558197
            ],
            "name": "L_dress_04_s"
        },
        {
            "children": [
                17
            ],
            "translation": [
                -0.992510974407196,
                0.2865220010280609,
                0.0093189999461174
            ],
            "rotation": [
                -0.3678657710552216,
                0.9224017858505248,
                -0.03980085626244545,
                0.11051350086927414
            ],
            "scale": [
                0.9999108910560608,
                0.999985694885254,
                0.9998961687088012
            ],
            "name": "R_dress_01_s"
        },
        {
            "children": [
                18
            ],
            "translation": [
                1.916169047355652,
                -0.2874090075492859,
                -0.10116299986839296
            ],
            "rotation": [
                0.00012303178664296863,
                -0.0024606387596577408,
                0.3179144859313965,
                -0.9481161236763
            ],
            "scale": [
                0.9999998807907105,
                0.9999995827674866,
                1.000000238418579
            ],
            "name": "R_dress_02_s"
        },
        {
            "children": [
                19
            ],
            "translation": [
                1.2840479612350464,
                0.3786199986934662,
                -0.176705002784729
            ],
            "rotation": [
                0.9868704676628112,
                -0.16104893386363984,
                -0.01131894439458847,
                0.0003383384901098907
            ],
            "scale": [
                0.9999991059303284,
                0.9999577403068544,
                0.99995619058609
            ],
            "name": "R_dress_03_s"
        },
        {
            "translation": [
                1.104617953300476,
                0.08741500228643418,
                0.22975699603557588
            ],
            "rotation": [
                0.00741251464933157,
                0.002245282521471381,
                -0.6481491923332214,
                -0.7614617943763733
            ],
            "scale": [
                0.9999785423278808,
                0.9999784231185912,
                0.999999463558197
            ],
            "name": "R_dress_04_s"
        },
        {
            "children": [
                21
            ],
            "translation": [
                -0.6804310083389282,
                -0.07748600095510483,
                0.21601499617099766
            ],
            "rotation": [
                0.006859035696834326,
                0.8953039646148682,
                -0.44125428795814516,
                0.06013189256191254
            ],
            "scale": [
                0.999875545501709,
                0.9999758005142212,
                0.9998993277549744
            ],
            "name": "R_upperLeg_s"
        },
        {
            "children": [
                22
            ],
            "translation": [
                0.0,
                -1.555145025253296,
                -0.0
            ],
            "rotation": [
                0.4274692237377167,
                0.001138031831942499,
                -0.003444850910454989,
                -0.9040200114250184
            ],
            "scale": [
                0.9999995827674866,
                0.9999923706054688,
                0.9999925494194032
            ],
            "name": "R_lowerLeg_s"
        },
        {
            "children": [
                23
            ],
            "translation": [
                0.0,
                -2.2069830894470217,
                0.0
            ],
            "rotation": [
                -0.0034448932856321337,
                -0.2267787754535675,
                0.9734598994255066,
                -0.029712222516536714
            ],
            "scale": [
                0.9998948574066162,
                0.9999004602432252,
                0.9999948143959044
            ],
            "name": "R_ankle_s"
        },
        {
            "translation": [
                -0.0019389999797567728,
                0.4183079898357392,
                -0.8136739730834961
            ],
            "rotation": [
                0.002583672991022468,
                0.6680023074150086,
                0.7441283464431763,
                -0.002306850859895349
            ],
            "scale": [
                0.9999321699142456,
                0.999962568283081,
                0.9999696016311646
            ],
            "name": "R_toes_s"
        },
        {
            "children": [
                25
            ],
            "translation": [
                0.6804310083389282,
                -0.07748999446630478,
                0.21601499617099766
            ],
            "rotation": [
                -0.07855594158172608,
                0.2920165061950684,
                0.9530366659164428,
                0.015932638198137285
            ],
            "scale": [
                0.9999550580978394,
                0.9999585151672364,
                0.9999961853027344
            ],
            "name": "L_upperLeg_s"
        },
        {
            "children": [
                26
            ],
            "translation": [
                0.0,
                1.5551429986953736,
                0.0
            ],
            "rotation": [
                0.7546563148498535,
                0.00464413408190012,
                -0.005320764612406492,
                -0.6560215950012207
            ],
            "scale": [
                1.0000001192092896,
                0.9999313354492188,
                0.999931573867798
            ],
            "name": "L_lowerLeg_s"
        },
        {
            "children": [
                27
            ],
            "translation": [
                -0.0,
                2.2069809436798097,
                0.0
            ],
            "rotation": [
                0.01593264564871788,
                -0.1709837168455124,
                0.9849328398704528,
                0.01913147978484631
            ],
            "scale": [
                0.9998959302902222,
                0.9998989105224608,
                0.9999969005584716
            ],
            "name": "L_ankle_s"
        },
        {
            "translation": [
                0.0019389999797567728,
                -0.4183079898357392,
                0.8136739730834961
            ],
            "rotation": [
                0.002583672991022468,
                0.6680023074150086,
                0.7441283464431763,
                -0.002306850859895349
            ],
            "scale": [
                0.9999321699142456,
                0.999962568283081,
                0.9999696016311646
            ],
            "name": "L_toes_s"
        },
        {
            "children": [
                29
            ],
            "translation": [
                0.0239269994199276,
                0.2955160140991211,
                0.04264599829912186
            ],
            "rotation": [
                -0.005966920405626297,
                0.0011072636116296054,
                0.07249502092599869,
                -0.9973502159118652
            ],
            "scale": [
                0.9999998807907105,
                0.999999701976776,
                0.9999998807907105
            ],
            "name": "spine_lower_s"
        },
        {
            "children": [
                30
            ],
            "translation": [
                -0.001724999980069697,
                0.3796690106391907,
                0.020742999389767648
            ],
            "rotation": [
                0.026913007721304898,
                0.06951245665550232,
                -0.03512531891465187,
                -0.9965991973876952
            ],
            "scale": [
                1.000000238418579,
                1.0,
                1.0
            ],
            "name": "spine_mid_s"
        },
        {
            "children": [
                31
            ],
            "translation": [
                0.0004820000031031668,
                0.332724004983902,
                0.006788999773561955
            ],
            "rotation": [
                0.0531497560441494,
                0.06037786602973938,
                -0.034541185945272449,
                -0.996160924434662
            ],
            "scale": [
                1.0,
                1.0000001192092896,
                1.0
            ],
            "name": "spine_upper_s"
        },
        {
            "children": [
                63,
                44,
                33,
                32
            ],
            "translation": [
                0.004869000054895878,
                0.33601999282836916,
                0.03611199930310249
            ],
            "rotation": [
                0.054378703236579898,
                0.07095684111118317,
                -0.007104911375790834,
                -0.9959704875946044
            ],
            "scale": [
                0.9999998211860656,
                0.9999995827674866,
                0.9999991655349731
            ],
            "name": "chest_s"
        },
        {
            "matrix": [
                1.0,
                0.0,
                0.0,
                0.0,
                0.0,
                0.6740543842315674,
                0.7386603355407715,
                0.0,
                0.0,
                -0.7386603355407715,
                0.6740543842315674,
                0.0,
                -0.014702999964356425,
                1.141089916229248,
                0.6124159693717957,
                1.0
            ],
            "name": "zip_s"
        },
        {
            "children": [
                34
            ],
            "translation": [
                -0.0993340015411377,
                0.6891599893569946,
                0.18923799693584446
            ],
            "rotation": [
                0.9751517176628112,
                -0.004521427676081657,
                -0.09510374069213869,
                -0.1999270021915436
            ],
            "scale": [
                0.999999225139618,
                0.9999170303344728,
                0.9999176859855652
            ],
            "name": "R_clavicle_s"
        },
        {
            "children": [
                35
            ],
            "translation": [
                -0.9854789972305298,
                -0.01750000007450581,
                0.4104439914226532
            ],
            "rotation": [
                0.11368151009082794,
                0.5965514779090881,
                0.6683098673820496,
                0.4295663237571717
            ],
            "scale": [
                0.999939739704132,
                0.9999656081199646,
                0.9999719858169556
            ],
            "name": "R_shoulder_s"
        },
        {
            "children": [
                43,
                36
            ],
            "translation": [
                -0.0,
                -1.681846022605896,
                0.0
            ],
            "rotation": [
                -0.0,
                -0.0,
                0.623479425907135,
                -0.7818269729614258
            ],
            "scale": [
                0.999975562095642,
                0.999975562095642,
                1.0
            ],
            "name": "R_elbow_s"
        },
        {
            "children": [
                41,
                39,
                37
            ],
            "translation": [
                -0.0,
                -1.199841022491455,
                0.0
            ],
            "rotation": [
                -0.01913118176162243,
                -0.11820115149021149,
                -0.12020042538642885,
                -0.9855015873908996
            ],
            "scale": [
                0.9999982714653016,
                0.999999225139618,
                0.9999987483024596
            ],
            "name": "R_wrist_s"
        },
        {
            "children": [
                38
            ],
            "matrix": [
                -0.4619207978248596,
                0.6955137848854065,
                0.5502831339836121,
                0.0,
                0.8362877368927002,
                0.548192024230957,
                0.00920330174267292,
                0.0,
                -0.29525282979011538,
                0.4644586145877838,
                -0.8348683714866638,
                0.0,
                -0.3407439887523651,
                -0.3968150019645691,
                -0.027900999411940576,
                1.0
            ],
            "name": "R_thumb_01_s"
        },
        {
            "translation": [
                0.0,
                -0.5109099745750427,
                0.0
            ],
            "rotation": [
                -0.36081835627555849,
                -0.10460682213306429,
                0.03777044638991356,
                -0.9259794354438782
            ],
            "scale": [
                0.9999992847442628,
                0.9999957084655762,
                0.999994695186615
            ],
            "name": "R_thumb_02_s"
        },
        {
            "children": [
                40
            ],
            "matrix": [
                -0.9930137395858764,
                -0.050685830414295199,
                -0.1057366281747818,
                0.0,
                -0.05039242282509804,
                0.998714804649353,
                -0.0054464456625282768,
                0.0,
                0.10587670654058457,
                -0.00008031234028749168,
                -0.9942909479141237,
                0.0,
                -0.2489040046930313,
                -0.9191790223121644,
                -0.0671909973025322,
                1.0
            ],
            "name": "R_index_01_s"
        },
        {
            "matrix": [
                0.9998222589492798,
                0.006206890568137169,
                -0.017810320481657987,
                0.0,
                0.010602787137031556,
                0.5960114598274231,
                0.8028878569602966,
                0.0,
                0.015598519705235958,
                -0.8029342293739319,
                0.5958399176597595,
                0.0,
                0.0,
                -0.34243398904800417,
                -0.0,
                1.0
            ],
            "name": "R_index_02_s"
        },
        {
            "children": [
                42
            ],
            "matrix": [
                -0.9460602402687072,
                -0.17463070154190064,
                -0.27262866497039797,
                0.0,
                -0.16941381990909577,
                0.9846166968345642,
                -0.04275267198681832,
                0.0,
                0.27590081095695498,
                0.005739062558859587,
                -0.9610916376113892,
                0.0,
                0.21953800320625306,
                -0.8301870226860046,
                0.008337000384926796,
                1.0
            ],
            "name": "R_middle_01_s"
        },
        {
            "matrix": [
                0.9964989423751832,
                0.011731323786079884,
                -0.0827806293964386,
                0.0,
                0.07030925899744034,
                0.418212354183197,
                0.9055983424186708,
                0.0,
                0.04524220898747444,
                -0.9082475900650024,
                0.4159231185913086,
                0.0,
                0.0,
                -0.3366119861602783,
                0.0,
                1.0
            ],
            "name": "R_middle_02_s"
        },
        {
            "translation": [
                -0.0,
                -0.3999469876289368,
                0.0
            ],
            "rotation": [
                -0.0,
                -0.03687797859311104,
                -0.0,
                -0.9993196129798888
            ],
            "scale": [
                0.9999993443489076,
                1.0,
                0.9999993443489076
            ],
            "name": "R_forearm_twist_s"
        },
        {
            "children": [
                45
            ],
            "matrix": [
                0.936964213848114,
                0.2903475165367127,
                0.194410502910614,
                0.0,
                -0.2916651964187622,
                0.9562557935714722,
                -0.022461051121354104,
                0.0,
                -0.1924276202917099,
                -0.0356583446264267,
                0.9806626439094544,
                0.0,
                0.0993340015411377,
                0.6891559958457947,
                0.18923799693584446,
                1.0
            ],
            "name": "L_clavicle_s"
        },
        {
            "children": [
                46
            ],
            "translation": [
                0.985476016998291,
                0.017503999173641206,
                -0.4104450047016144
            ],
            "rotation": [
                0.6925777792930603,
                0.10359293967485428,
                0.7105097770690918,
                0.06883640587329865
            ],
            "scale": [
                0.9999567866325378,
                0.9999176859855652,
                0.9999588131904602
            ],
            "name": "L_shoulder_s"
        },
        {
            "children": [
                62,
                47
            ],
            "translation": [
                0.0,
                1.68184494972229,
                -0.0
            ],
            "rotation": [
                -0.0,
                -0.0,
                0.7131543159484863,
                -0.7009750604629517
            ],
            "scale": [
                0.999955952167511,
                0.999955952167511,
                1.0
            ],
            "name": "L_elbow_s"
        },
        {
            "children": [
                60,
                58,
                56,
                48
            ],
            "translation": [
                -0.0,
                1.199844002723694,
                -0.0
            ],
            "rotation": [
                -0.27004745602607729,
                0.2926846146583557,
                0.4047020375728607,
                -0.8231691718101502
            ],
            "scale": [
                0.9999800324440002,
                0.9999812245368958,
                0.9999871850013732
            ],
            "name": "L_wrist_s"
        },
        {
            "children": [
                52,
                49
            ],
            "matrix": [
                -0.27988630533218386,
                0.7208893895149231,
                0.6339728236198425,
                0.0,
                0.38433900475502016,
                -0.5209640264511108,
                0.7621069550514221,
                0.0,
                0.8797082304954529,
                0.456993043422699,
                -0.13121537864208222,
                0.0,
                0.866910994052887,
                1.027101993560791,
                -0.4808019995689392,
                1.0
            ],
            "name": "gunbrella_s"
        },
        {
            "children": [
                51,
                50
            ],
            "matrix": [
                1.0,
                0.0,
                0.0,
                0.0,
                0.0,
                0.05983227863907814,
                0.998161256313324,
                0.0,
                0.0,
                -0.998161256313324,
                0.05983227863907814,
                0.0,
                -0.000014000000192027074,
                0.5257869958877564,
                0.7513480186462402,
                1.0
            ],
            "name": "gunbrella_scope_flip_s"
        },
        {
            "matrix": [
                0.609300971031189,
                0.0,
                0.0,
                0.0,
                0.0,
                0.609300971031189,
                0.0,
                0.0,
                0.0,
                0.0,
                0.08300600200891495,
                0.0,
                0.0,
                0.5920999646186829,
                0.14180000126361848,
                1.0
            ],
            "name": "gunbrella_front_scope_s"
        },
        {
            "matrix": [
                0.6832979917526245,
                0.0,
                0.0,
                0.0,
                0.0,
                0.6832979917526245,
                0.0,
                0.0,
                0.0,
                0.0,
                0.6832979917526245,
                0.0,
                0.0,
                0.5920999646186829,
                0.14395499229431153,
                1.0
            ],
            "name": "gunbrella_back_scope_s"
        },
        {
            "children": [
                55,
                53
            ],
            "matrix": [
                1.0,
                0.0,
                0.0,
                0.0,
                0.0,
                1.0,
                0.0,
                0.0,
                0.0,
                0.0,
                1.0,
                0.0,
                0.0000019999999949504856,
                -0.000012999999853491318,
                4.017890930175781,
                1.0
            ],
            "name": "gunbrella_canopy_s"
        },
        {
            "children": [
                54
            ],
            "matrix": [
                1.0,
                0.0,
                0.0,
                0.0,
                0.0,
                1.0,
                0.0,
                0.0,
                0.0,
                0.0,
                1.0,
                0.0,
                0.000006000000212225132,
                0.000011000000085914508,
                -0.16997699439525605,
                1.0
            ],
            "name": "gunbrella_barrel_s"
        },
        {
            "matrix": [
                1.0,
                0.0,
                0.0,
                0.0,
                0.0,
                1.0,
                0.0,
                0.0,
                0.0,
                0.0,
                1.0,
                0.0,
                -0.000022000000171829016,
                -0.000011000000085914508,
                0.8679860234260559,
                1.0
            ],
            "name": "gunbrella_barrel_muzzle_s"
        },
        {
            "matrix": [
                1.0,
                0.0,
                0.0,
                0.0,
                0.0,
                1.0,
                0.0,
                0.0,
                0.0,
                0.0,
                1.0,
                0.0,
                -0.0,
                -0.0,
                1.849465012550354,
                1.0
            ],
            "name": "gunbrella_canopy_open_s"
        },
        {
            "children": [
                57
            ],
            "matrix": [
                0.15808631479740144,
                0.9825004935264589,
                0.09785319864749909,
                0.0,
                0.5259311199188232,
                0.00019228452583774924,
                -0.8504384160041809,
                0.0,
                -0.8356305956840515,
                0.18585681915283204,
                -0.5166728496551514,
                0.0,
                0.3407450020313263,
                0.396809995174408,
                0.027905000373721124,
                1.0
            ],
            "name": "L_thumb_01_s"
        },
        {
            "matrix": [
                0.9752619862556458,
                0.005526342894881964,
                -0.22098015248775486,
                0.0,
                0.1724853515625,
                0.6061948537826538,
                0.7763695120811462,
                0.0,
                0.13824455440044404,
                -0.7952795028686523,
                0.5902453660964966,
                0.0,
                -0.0,
                0.5109109878540039,
                0.0,
                1.0
            ],
            "name": "L_thumb_02_s"
        },
        {
            "children": [
                59
            ],
            "matrix": [
                -0.9754168391227722,
                -0.03731051087379456,
                -0.21673983335494996,
                0.0,
                0.10836271196603777,
                0.7760429382324219,
                -0.6212832927703857,
                0.0,
                0.1913786232471466,
                -0.6295583844184876,
                -0.7529003024101257,
                0.0,
                0.24890300631523133,
                0.9191839694976808,
                0.0671909973025322,
                1.0
            ],
            "name": "L_index_01_s"
        },
        {
            "matrix": [
                0.9998229146003724,
                0.00618135929107666,
                -0.017780479043722154,
                0.0,
                0.005714475642889738,
                0.8003169298171997,
                0.5995367169380188,
                0.0,
                0.01793598011136055,
                -0.5995322465896606,
                0.8001400828361511,
                0.0,
                -0.0,
                0.3424369990825653,
                0.0,
                1.0
            ],
            "name": "L_index_02_s"
        },
        {
            "children": [
                61
            ],
            "matrix": [
                -0.9460586309432985,
                -0.1746656596660614,
                -0.2726483643054962,
                0.0,
                0.14567288756370545,
                0.522415041923523,
                -0.8401375412940979,
                0.0,
                0.289179265499115,
                -0.8345917463302612,
                -0.4687597155570984,
                0.0,
                -0.21953800320625306,
                0.8301910161972046,
                -0.008337000384926796,
                1.0
            ],
            "name": "L_middle_01_s"
        },
        {
            "matrix": [
                0.9602429866790772,
                0.21628883481025697,
                -0.1764945238828659,
                0.0,
                -0.034602150321006778,
                0.7195801138877869,
                0.6935338377952576,
                0.0,
                0.277008593082428,
                -0.6598524451255798,
                0.6984560489654541,
                0.0,
                -0.009196000173687937,
                0.37092000246047976,
                -0.01882299967110157,
                1.0
            ],
            "name": "L_middle_02_s"
        },
        {
            "translation": [
                -0.0,
                0.399948000907898,
                0.0
            ],
            "rotation": [
                -0.0,
                0.06794290244579315,
                -0.0,
                -0.9976891875267028
            ],
            "name": "L_forearm_twist_s"
        },
        {
            "children": [
                64
            ],
            "translation": [
                0.0015490000369027258,
                1.3349419832229617,
                -0.09632500261068344
            ],
            "rotation": [
                0.07264982163906098,
                -0.05247275531291962,
                -0.03654023632407189,
                -0.995305597782135
            ],
            "scale": [
                1.0000003576278689,
                0.9999995827674866,
                0.999999225139618
            ],
            "name": "neck_s"
        },
        {
            "children": [
                71,
                70,
                69,
                67,
                65
            ],
            "translation": [
                -0.0,
                1.761396050453186,
                0.16491399705410005
            ],
            "rotation": [
                -0.10131432116031648,
                -0.049642164260149,
                0.005320999771356583,
                -0.9936005473136902
            ],
            "scale": [
                0.999999463558197,
                0.9999988079071044,
                0.9999988675117492
            ],
            "name": "head_s"
        },
        {
            "children": [
                66
            ],
            "matrix": [
                0.9949793219566344,
                -0.10007737576961518,
                0.001132393954321742,
                0.0,
                -0.10008370131254196,
                -0.9948523044586182,
                0.01152237132191658,
                0.0,
                -0.000026531155526754448,
                -0.011577852070331574,
                -0.9998731017112732,
                0.0,
                -1.4864729642868045,
                0.6711450219154358,
                0.5347679853439331,
                1.0
            ],
            "name": "R_bangs_01_s"
        },
        {
            "matrix": [
                0.994979202747345,
                -0.10008377581834792,
                -0.00002653117553563789,
                0.0,
                0.1000773087143898,
                0.9949119091033936,
                0.011577853932976725,
                0.0,
                -0.0011323929065838457,
                -0.011522370390594006,
                0.9999325275421144,
                0.0,
                0.000003000000106112566,
                0.9498940110206604,
                -0.0,
                1.0
            ],
            "name": "R_bangs_02_s"
        },
        {
            "children": [
                68
            ],
            "matrix": [
                0.9949793219566344,
                0.10007737576961518,
                -0.001132393954321742,
                0.0,
                -0.10008370131254196,
                0.994911789894104,
                -0.01152237132191658,
                0.0,
                -0.000026531155526754448,
                0.011577852070331574,
                0.9999325275421144,
                0.0,
                1.4570640325546265,
                0.6711469888687134,
                0.5347689986228943,
                1.0
            ],
            "name": "L_bangs_01_s"
        },
        {
            "matrix": [
                0.994979202747345,
                -0.10008377581834792,
                -0.00002653117553563789,
                0.0,
                0.1000773087143898,
                0.9949119091033936,
                0.011577853932976725,
                0.0,
                -0.0011323929065838457,
                -0.011522370390594006,
                0.9999325275421144,
                0.0,
                -0.0,
                -0.9498980045318604,
                -0.0,
                1.0
            ],
            "name": "L_bangs_02_s"
        },
        {
            "matrix": [
                1.0,
                0.0,
                0.0,
                0.0,
                0.0,
                -1.000016689300537,
                0.0,
                0.0,
                0.0,
                0.0,
                -1.000016689300537,
                0.0,
                -0.5397099852561951,
