{
    "asset": {
        "generator": "COLLADA2GLTF",
        "version": "2.0"
    },
    "scenes": [
        {
            "nodes": [
                0
            ]
        }
    ],
    "scene": 0,
    "nodes": [
        {
            "children": [
                1
            ],
            "name": "Y_UP"
        },
        {
            "children": [
                54,
                2
            ],
            "name": "CHARACTER"
        },
        {
            "children": [
                7,
                3
            ],
            "name": "Root"
        },
        {
            "children": [
                5,
                4
            ],
            "translation": [
                0.31142300367355349,
                0.0,
                -0.006864999886602163
            ],
            "rotation": [
                -0.17199395596981049,
                -0.0015993710840120912,
                -0.009227140806615353,
                -0.9850526452064514
            ],
            "scale": [
                0.9999996423721314,
                0.9999971389770508,
                0.9999967217445374
            ],
            "name": "drillRoot_s"
        },
        {
            "translation": [
                -0.0,
                1.47878098487854,
                -0.0
            ],
            "rotation": [
                -0.0,
                -0.0,
                -0.0,
                -1.045786738395691
            ],
            "scale": [
                1.1873400211334229,
                1.0,
                1.1873400211334229
            ],
            "name": "drill_s"
        },
        {
            "children": [
                6
            ],
            "translation": [
                0.0,
                1.6169309616088868,
                -0.0
            ],
            "rotation": [
                -0.0,
                -0.0,
                -0.0,
                -1.0
            ],
            "name": "drillBodys"
        },
        {
            "translation": [
                -0.000056000000768108296,
                2.154002904891968,
                -0.02809000015258789
            ],
            "rotation": [
                0.0036908856127411129,
                0.00003075738641200587,
                0.0000922721592360176,
                -0.999993085861206
            ],
            "scale": [
                1.0,
                0.9999995231628418,
                0.9999995231628418
            ],
            "name": "drillHandle_s"
        },
        {
            "children": [
                16,
                12,
                8
            ],
            "translation": [
                0.3572329878807068,
                3.418454885482788,
                -1.514704942703247
            ],
            "rotation": [
                0.15735505521297456,
                0.0014763573417440057,
                -0.008519807830452919,
                -0.9875038266181946
            ],
            "scale": [
                1.0000001192092896,
                0.9999977946281432,
                0.9999986290931702
            ],
            "name": "hips_s"
        },
        {
            "children": [
                9
            ],
            "translation": [
                -0.678803026676178,
                -0.1083270013332367,
                0.15904299914836884
            ],
            "rotation": [
                0.2211192846298218,
                0.904039204120636,
                -0.35740795731544497,
                0.07775627076625824
            ],
            "scale": [
                0.999938189983368,
                0.9999882578849793,
                0.99994295835495
            ],
            "name": "R_upperLeg_s"
        },
        {
            "children": [
                10
            ],
            "translation": [
                0.0,
                -1.4343639612197877,
                -0.0
            ],
            "rotation": [
                0.469326376914978,
                -0.0,
                -0.0,
                -0.8830195069313049
            ],
            "scale": [
                1.0,
                0.9999855160713196,
                0.9999855160713196
            ],
            "name": "R_lowerLeg_s"
        },
        {
            "children": [
                11
            ],
            "translation": [
                0.0,
                -1.4534729719161988,
                0.0
            ],
            "rotation": [
                0.07566467672586441,
                0.007874047383666039,
                0.9870857000350952,
                0.1408100873231888
            ],
            "scale": [
                0.9999077320098876,
                0.9999076724052428,
                0.9999998211860656
            ],
            "name": "R_ankle_s"
        },
        {
            "matrix": [
                -0.999763011932373,
                0.000003011896296811756,
                0.017311327159404756,
                0.0,
                0.017311327159404756,
                0.00039136403938755393,
                0.9998064637184144,
                0.0,
                -0.0000030118972063064577,
                0.999956488609314,
                -0.00030457970569841564,
                0.0,
                -0.0019389999797567728,
                0.2560400068759918,
                -0.7475389838218689,
                1.0
            ],
            "name": "R_toes_s"
        },
        {
            "children": [
                13
            ],
            "translation": [
                0.678803026676178,
                -0.10832300037145616,
                0.15904299914836884
            ],
            "rotation": [
                0.046905938535928729,
                0.3834599256515503,
                0.9047158360481262,
                -0.1795036345720291
            ],
            "scale": [
                0.9999496936798096,
                0.9999572038650512,
                0.9999922513961792
            ],
            "name": "L_upperLeg_s"
        },
        {
            "children": [
                14
            ],
            "translation": [
                0.0,
                1.4343639612197877,
                0.0
            ],
            "rotation": [
                0.479450523853302,
                -0.0,
                -0.0,
                -0.8775660991668701
            ],
            "scale": [
                1.0,
                0.9999924302101136,
                0.9999924302101136
            ],
            "name": "L_lowerLeg_s"
        },
        {
            "children": [
                15
            ],
            "translation": [
                -0.0,
                1.4534770250320437,
                -0.0
            ],
            "rotation": [
                0.0669601708650589,
                0.013072147965431214,
                0.9904382824897766,
                0.11980240792036057
            ],
            "scale": [
                0.9999516606330872,
                0.9999511241912842,
                0.999999225139618
            ],
            "name": "L_ankle_s"
        },
        {
            "matrix": [
                -0.9997631311416626,
                0.0000030118967515591068,
                0.017311327159404756,
                0.0,
                0.017311329022049905,
                0.00039136403938755393,
                0.9998065233230592,
                0.0,
                -0.0000030118972063064577,
                0.999956488609314,
                -0.00030457970569841564,
                0.0,
                0.0019389999797567728,
                -0.2560400068759918,
                0.7475389838218689,
                1.0
            ],
            "name": "L_toes_s"
        },
        {
            "children": [
                17
            ],
            "translation": [
                -0.00100899999961257,
                0.2227109968662262,
                0.03370700031518936
            ],
            "rotation": [
                -0.1943557858467102,
                -0.0013225666480138898,
                -0.003321794793009758,
                -0.9809237122535706
            ],
            "scale": [
                0.9999997615814208,
                0.9999966621398926,
                0.9999969601631165
            ],
            "name": "spine_lower_s"
        },
        {
            "children": [
                18
            ],
            "translation": [
                -0.0001469999988330528,
                0.2676149904727936,
                0.013023000210523606
            ],
            "rotation": [
                -0.12367716431617736,
                0.0013841013424098492,
                0.0010150076122954488,
                -0.992320954799652
            ],
            "scale": [
                1.0,
                0.9999998807907105,
                0.9999995827674866
            ],
            "name": "spine_mid_s"
        },
        {
            "children": [
                19
            ],
            "translation": [
                -0.00009000000136438757,
                0.25755998492240908,
                0.002453000051900745
            ],
            "rotation": [
                -0.0833214595913887,
                0.0013225632719695569,
                0.0011687768856063486,
                -0.9965209364891052
            ],
            "scale": [
                1.0000003576278689,
                0.9999990463256836,
                0.999998927116394
            ],
            "name": "spine_upper_s"
        },
        {
            "children": [
                44,
                32,
                20
            ],
            "translation": [
                -0.00008499999967170879,
                0.2601439952850342,
                0.007185999769717455
            ],
            "rotation": [
                -0.0350334569811821,
                -7.280427996581018e-12,
                0.0004306133487261832,
                -0.9993860125541688
            ],
            "scale": [
                1.0000003576278689,
                0.9999998211860656,
                0.9999994039535524
            ],
            "name": "chest_s"
        },
        {
            "children": [
                21
            ],
            "translation": [
                -0.09425900131464005,
                0.4979229867458344,
                0.6536399722099304
            ],
            "rotation": [
                0.9983432292938232,
                0.0013533525634557009,
                -0.050381600856781009,
                -0.02731309644877911
            ],
            "scale": [
                1.000000238418579,
                0.9999505281448364,
                0.9999505281448364
            ],
            "name": "R_clavicle_s"
        },
        {
            "children": [
                23,
                22
            ],
            "translation": [
                -1.0277060270309449,
                -0.0,
                0.511201024055481
            ],
            "rotation": [
                0.472289115190506,
                0.6198967695236206,
                0.573452353477478,
                -0.2525230944156647
            ],
            "scale": [
                0.9999204874038696,
                0.9999387264251708,
                0.999932825565338
            ],
            "name": "R_shoulder_s"
        },
        {
            "translation": [
                9.999999974752428e-7,
                -0.04000899940729141,
                0.0
            ],
            "rotation": [
                -0.0,
                -0.05711624026298523,
                -0.0,
                -0.9983676075935364
            ],
            "scale": [
                1.0000001192092896,
                1.0,
                1.0000001192092896
            ],
            "name": "R_shoulder_twist_s"
        },
        {
            "children": [
                31,
                24
            ],
            "translation": [
                0.0,
                -1.2380640506744385,
                -0.0
            ],
            "rotation": [
                -0.05920756608247757,
                0.028757940977811818,
                0.5565204620361328,
                -0.828212320804596
            ],
            "scale": [
                0.9999769926071168,
                0.9999772906303406,
                0.9999994039535524
            ],
            "name": "R_elbow_s"
        },
        {
            "children": [
                29,
                27,
                25
            ],
            "translation": [
                -0.0,
                -1.1101160049438477,
                0.0
            ],
            "rotation": [
                -0.2050638645887375,
                -0.10445428639650344,
                -0.03020438365638256,
                -0.9726900458335877
            ],
            "scale": [
                0.9999997615814208,
                1.0000003576278689,
                1.000000238418579
            ],
            "name": "R_wrist_s"
        },
        {
            "children": [
                26
            ],
            "matrix": [
                -0.21582059562206269,
                0.9756450057029724,
                0.03677482157945633,
                0.0,
                0.6858992576599121,
                0.1784452348947525,
                -0.7053890824317932,
                0.0,
                -0.6948217153549194,
                -0.1270774751901627,
                -0.7076806426048279,
                0.0,
                -0.3043549954891205,
                -0.3566640019416809,
                0.10271800309419632,
                1.0
            ],
            "name": "R_thumb_01_s"
        },
        {
            "matrix": [
                0.9979528188705444,
                0.013187052682042122,
                0.06257837265729904,
                0.0,
                -0.06361408531665802,
                0.3052801489830017,
                0.950103998184204,
                0.0,
                -0.006572470534592867,
                -0.952139973640442,
                0.30549418926239016,
                0.0,
                0.0,
                -0.5480909943580627,
                -0.0,
                1.0
            ],
            "name": "R_thumb_02_s"
        },
        {
            "children": [
                28
            ],
            "matrix": [
                -0.97681725025177,
                0.1885581612586975,
                -0.1004914715886116,
                0.0,
                0.2132095992565155,
                0.8909672498703003,
                -0.4008850455284119,
                0.0,
                0.01394062303006649,
                -0.413053423166275,
                -0.9105069041252136,
                0.0,
                -0.2844559848308563,
                -0.8189610242843628,
                -0.07909700274467468,
                1.0
            ],
            "name": "R_index_01_s"
        },
        {
            "matrix": [
                0.99863463640213,
                -0.025705834850668908,
                0.04548368602991104,
                0.0,
                -0.04163365066051483,
                0.1344052106142044,
                0.9900323152542114,
                0.0,
                -0.03156252205371857,
                -0.9905735850334168,
                0.13315138220787049,
                0.0,
                -0.0,
                -0.3424449861049652,
                -0.0,
                1.0
            ],
            "name": "R_index_02_s"
        },
        {
            "children": [
                30
            ],
            "matrix": [
                -0.950536012649536,
                -0.3044096529483795,
                -0.06124735251069069,
                0.0,
                -0.114862322807312,
                0.5279849171638489,
                -0.8414410948753357,
                0.0,
                0.2884843945503235,
                -0.7928124666213989,
                -0.5368197560310364,
                0.0,
                0.17002999782562257,
                -0.8023390173912048,
                -0.05094100162386894,
                1.0
            ],
            "name": "R_middle_01_s"
        },
        {
            "matrix": [
                0.9997791051864624,
                -0.004386076238006353,
                0.020553991198539739,
                0.0,
                -0.012464620172977448,
                0.6636821627616882,
                0.747893214225769,
                0.0,
                -0.01692149788141251,
                -0.7479842305183411,
                0.6634809374809265,
                0.0,
                -0.0,
                -0.3305160105228424,
                -0.0,
                1.0
            ],
            "name": "R_middle_02_s"
        },
        {
            "translation": [
                0.0,
                -0.3700389862060547,
                0.0
            ],
            "rotation": [
                -0.0,
                -0.046167489141225818,
                -0.0,
                -0.998933732509613
            ],
            "scale": [
                1.0000001192092896,
                1.0,
                1.0000001192092896
            ],
            "name": "R_forearm_twist_s"
        },
        {
            "children": [
                33
            ],
            "translation": [
                0.10430499911308289,
                0.4996939897537232,
                0.650210976600647
            ],
            "rotation": [
                -0.023283736780285836,
                0.08769077807664871,
                0.010119348764419556,
                -0.9958241581916808
            ],
            "scale": [
                0.999999701976776,
                1.0000001192092896,
                0.9999999403953552
            ],
            "name": "L_clavicle_s"
        },
        {
            "children": [
                35,
                34
            ],
            "translation": [
                1.0277099609375,
                -0.0,
                -0.5112019777297974
            ],
            "rotation": [
                0.4996328949928284,
                0.6051636934280396,
                0.548322856426239,
                -0.2888484001159668
            ],
            "scale": [
                0.999930202960968,
                0.9999420642852784,
                0.9999354481697084
            ],
            "name": "L_shoulder_s"
        },
        {
            "translation": [
                0.0,
                0.03999999910593033,
                -0.0
            ],
            "rotation": [
                -0.0,
                -0.07314077764749527,
                -0.0,
                -0.9973215460777284
            ],
            "scale": [
                0.9999997615814208,
                1.0,
                0.9999997615814208
            ],
            "name": "L_shoulder_twist_s"
        },
        {
            "children": [
                43,
                36
            ],
            "translation": [
                0.0,
                1.2380620241165162,
                -0.0
            ],
            "rotation": [
                -0.06554242223501206,
                0.04428955540060997,
                0.6615753769874573,
                -0.7456684112548828
            ],
            "scale": [
                0.9999563694000244,
                0.9999569058418274,
                0.9999991655349731
            ],
            "name": "L_elbow_s"
        },
        {
            "children": [
                41,
                39,
                37
            ],
            "translation": [
                0.0,
                1.1101160049438477,
                0.0
            ],
            "rotation": [
                -0.171996608376503,
                -0.1445300281047821,
                -0.1382247507572174,
                -0.9645830392837524
            ],
            "scale": [
                0.9999980330467224,
                0.999998152256012,
                0.9999974966049194
            ],
            "name": "L_wrist_s"
        },
        {
            "children": [
                38
            ],
            "matrix": [
                -0.21590976417064668,
                0.9757064580917358,
                0.03672806918621063,
                0.0,
                0.6859968304634094,
                0.17837472259998322,
                -0.7053869962692261,
                0.0,
                -0.6948102116584778,
                -0.12711484730243684,
                -0.7078403234481812,
                0.0,
                0.30435699224472048,
                0.3566589951515198,
                -0.10272199660539629,
                1.0
            ],
            "name": "L_thumb_01_s"
        },
        {
            "matrix": [
                0.9979559779167176,
                0.013223285786807536,
                0.06252872198820114,
                0.0,
                -0.06357789039611817,
                0.30528026819229128,
                0.9501059055328368,
                0.0,
                -0.006522797048091888,
                -0.952138900756836,
                0.3054969310760498,
                0.0,
                -0.0,
                0.5480899810791016,
                0.0,
                1.0
            ],
            "name": "L_thumb_02_s"
        },
        {
            "children": [
                40
            ],
            "matrix": [
                -0.9768173694610596,
                0.1885582059621811,
                -0.1004914864897728,
                0.0,
                0.21320971846580506,
                0.8909677863121033,
                -0.40088528394699099,
                0.0,
                0.01394061464816332,
                -0.4130531549453736,
                -0.910506308078766,
                0.0,
                0.2844559848308563,
                0.8189569711685181,
                0.07909999787807465,
                1.0
            ],
            "name": "L_index_01_s"
        },
        {
            "matrix": [
                0.9986339211463928,
                -0.02570581436157227,
                0.045483656227588657,
                0.0,
                -0.04163363575935364,
                0.13440515100955964,
                0.990031898021698,
                0.0,
                -0.03156251087784767,
                -0.990573227405548,
                0.1331513375043869,
                0.0,
                0.0,
                0.3424470126628876,
                0.0,
                1.0
            ],
            "name": "L_index_02_s"
        },
        {
            "children": [
                42
            ],
            "matrix": [
                -0.9505364298820496,
                -0.30440977215766909,
                -0.06124737858772278,
                0.0,
                -0.1148623526096344,
                0.5279850363731384,
                -0.8414413332939148,
                0.0,
                0.2884842157363892,
                -0.7928118109703064,
                -0.536819338798523,
                0.0,
                -0.17003099620342256,
                0.8023390173912048,
                0.05093500018119812,
                1.0
            ],
            "name": "L_middle_01_s"
        },
        {
            "matrix": [
                0.9997791051864624,
                -0.0043854438699781899,
                0.02055385522544384,
                0.0,
                -0.012463996186852456,
                0.6637330651283264,
                0.7478376626968384,
                0.0,
                -0.01692164316773415,
                -0.7479286193847656,
                0.6635318398475647,
                0.0,
                0.0,
                0.33051401376724245,
                0.0,
                1.0
            ],
            "name": "L_middle_02_s"
        },
        {
            "translation": [
                -0.0,
                0.3700389862060547,
                0.0
            ],
            "rotation": [
                -0.0,
                -0.0753561332821846,
                -0.0,
                -0.9971566796302797
            ],
            "name": "L_forearm_twist_s"
        },
        {
            "children": [
                45
            ],
            "matrix": [
                1.0,
                0.0,
                -0.0,
                0.0,
                -0.0,
                0.9930317401885986,
                -0.1178426668047905,
                0.0,
                0.0,
                0.1178426668047905,
                0.9930317401885986,
                0.0,
                0.0,
                1.004606008529663,
                0.02269200049340725,
                1.0
            ],
            "name": "neck_s"
        },
        {
            "children": [
                53,
                50,
                47,
                46
            ],
            "translation": [
                -0.008698999881744385,
                1.052104949951172,
                -0.1637360006570816
            ],
            "rotation": [
                0.25777456164360049,
                0.000522869115229696,
                0.001630121492780745,
                -0.9662013649940492
            ],
            "scale": [
                0.9999999403953552,
                0.9999918341636658,
                0.9999923706054688
            ],
            "name": "head_s"
        },
        {
            "matrix": [
                1.0,
                0.0,
                0.0,
                0.0,
                0.0,
                1.0,
                0.0,
                0.0,
                0.0,
                0.0,
                1.0,
                0.0,
                0.0,
                0.930765986442566,
                1.8798699378967288,
                1.0
            ],
            "name": "headGlass_s"
        },
        {
            "children": [
                48
            ],
            "translation": [
                0.9417380094528198,
                0.30494099855422976,
                -0.8117949962615967
            ],
            "rotation": [
                0.24276287853717805,
                -0.5564504265785217,
                0.04638105258345604,
                -0.7932508587837219
            ],
            "scale": [
                0.9999670386314392,
                0.9999939799308776,
                0.9999611377716065
            ],
            "name": "L_hair_01_s"
        },
        {
            "children": [
                49
            ],
            "translation": [
                0.9893499612808228,
                -0.02814600057899952,
                -0.008763999678194523
            ],
            "rotation": [
                -0.0934118553996086,
                -0.06185420602560043,
                -0.12632280588150025,
                -0.9856423139572144
            ],
            "scale": [
                0.999999463558197,
                0.9999998807907105,
                1.000000238418579
            ],
            "name": "L_hair_02_s"
        },
        {
            "translation": [
                0.6221339702606201,
                -0.014948000200092793,
                0.025279998779296876
            ],
            "rotation": [
                -0.020915303379297258,
                0.07194250077009201,
                0.16689184308052064,
                -0.9831244349479676
            ],
            "scale": [
                0.999999463558197,
                0.9999992847442628,
                0.9999998807907105
            ],
            "name": "L_hair_03_s"
        },
        {
            "children": [
                51
            ],
            "translation": [
                -0.9417380094528198,
                0.3049429953098297,
                -0.8117949962615967
            ],
            "rotation": [
                0.7932180166244507,
                0.04638297110795975,
                0.5564734935760498,
                0.2427729368209839
            ],
            "scale": [
                0.9999670386314392,
                0.9999026656150818,
                0.9999337792396544
            ],
            "name": "R_hair_01_s"
        },
        {
            "children": [
                52
            ],
            "translation": [
                -0.9893530011177064,
                0.02814600057899952,
                0.008762000128626824
            ],
            "rotation": [
                -0.06748192757368088,
                -0.04641305282711983,
                -0.0650520995259285,
                -0.9945149421691896
            ],
            "scale": [
                0.9999998211860656,
                0.9999994039535524,
                0.9999993443489076
            ],
            "name": "R_hair_02_s"
        },
        {
            "translation": [
                -0.6221330165863037,
                0.014956999570131302,
                -0.025276999920606618
            ],
            "rotation": [
                -0.014548367820680142,
                0.07209594547748566,
                0.16529162228107453,
                -0.9834980368614196
            ],
            "scale": [
                0.9999985098838806,
                0.9999985098838806,
                0.9999996423721314
            ],
            "name": "R_hair_03_s"
        },
        {
            "translation": [
                -0.003234999952837825,
                2.1117019653320314,
                -0.07020799815654755
            ],
            "rotation": [
                0.17999109625816346,
                0.0011995306704193354,
                -0.00018454318342264744,
                -0.9836665987968444
            ],
            "scale": [
                1.0000001192092896,
                0.9999966621398926,
                0.999996542930603
            ],
            "name": "hat_01_s"
        },
        {
            "children": [
                62,
                61,
                60,
                59,
                58,
                57,
                56,
                55
            ],
            "name": "GEO"
        },
        {
            "mesh": 0,
            "skin": 0,
            "name": "drill_Geo"
        },
        {
            "mesh": 1,
            "skin": 1,
            "name": "suspendersGeo"
        },
        {
            "mesh": 2,
            "skin": 2,
            "name": "bodyGeo"
        },
        {
            "mesh": 3,
            "skin": 3,
            "name": "stichesGeo"
        },
        {
            "mesh": 4,
            "skin": 4,
            "name": "boots_GEO"
        },
        {
            "mesh": 5,
            "skin": 5,
            "name": "hand_GEO"
        },
        {
            "mesh": 6,
            "skin": 6,
            "name": "glasses_GEO"
        },
        {
            "mesh": 7,
            "skin": 7,
            "name": "hat_GEO"
        }
    ],
    "meshes": [
        {
            "primitives": [
                {
                    "attributes": {
                        "JOINTS_0": 1,
                        "NORMAL": 2,
                        "POSITION": 3,
                        "WEIGHTS_0": 4
                    },
                    "indices": 0,
                    "mode": 4,
                    "material": 0
                },
                {
                    "attributes": {
                        "JOINTS_0": 6,
                        "NORMAL": 7,
                        "POSITION": 8,
                        "WEIGHTS_0": 9
                    },
                    "indices": 5,
                    "mode": 4,
                    "material": 1
                },
                {
                    "attributes": {
                        "JOINTS_0": 11,
                        "NORMAL": 12,
                        "POSITION": 13,
                        "WEIGHTS_0": 14
                    },
                    "indices": 10,
                    "mode": 4,
                    "material": 2
                }
            ],
            "name": "drill_Geo-mesh"
        },
        {
            "primitives": [
                {
                    "attributes": {
                        "JOINTS_0": 16,
                        "NORMAL": 17,
                        "POSITION": 18,
                        "WEIGHTS_0": 19
                    },
                    "indices": 15,
                    "mode": 4,
                    "material": 0
                },
                {
                    "attributes": {
                        "JOINTS_0": 21,
                        "NORMAL": 22,
                        "POSITION": 23,
                        "WEIGHTS_0": 24
                    },
                    "indices": 20,
                    "mode": 4,
                    "material": 1
                }
            ],
            "name": "suspendersGeo-mesh"
        },
        {
            "primitives": [
                {
                    "attributes": {
                        "JOINTS_0": 26,
                        "NORMAL": 27,
                        "POSITION": 28,
                        "WEIGHTS_0": 29
                    },
                    "indices": 25,
                    "mode": 4,
                    "material": 0
                }
            ],
            "name": "bodyGeo-mesh"
        },
        {
            "primitives": [
                {
                    "attributes": {
                        "JOINTS_0": 31,
                        "NORMAL": 32,
                        "POSITION": 33,
                        "WEIGHTS_0": 34
                    },
                    "indices": 30,
                    "mode": 4,
                    "material": 0
                }
            ],
            "name": "stichesGeo-mesh"
        },
        {
            "primitives": [
                {
                    "attributes": {
                        "JOINTS_0": 36,
                        "NORMAL": 37,
                        "POSITION": 38,
                        "WEIGHTS_0": 39
                    },
                    "indices": 35,
                    "mode": 4,
                    "material": 0
                }
            ],
            "name": "boots_GEO-mesh"
        },
        {
            "primitives": [
                {
                    "attributes": {
                        "JOINTS_0": 41,
                        "NORMAL": 42,
                        "POSITION": 43,
                        "WEIGHTS_0": 44
                    },
                    "indices": 40,
                    "mode": 4,
                    "material": 0
                }
            ],
            "name": "hand_GEO-mesh"
        },
        {
            "primitives": [
                {
                    "attributes": {
                        "JOINTS_0": 46,
                        "NORMAL": 47,
                        "POSITION": 48,
                        "WEIGHTS_0": 49
                    },
                    "indices": 45,
                    "mode": 4,
                    "material": 0
                },
                {
                    "attributes": {
                        "JOINTS_0": 51,
                        "NORMAL": 52,
                        "POSITION": 53,
                        "WEIGHTS_0": 54
                    },
                    "indices": 50,
                    "mode": 4,
                    "material": 3
                }
            ],
            "name": "glasses_GEO-mesh"
        },
        {
            "primitives": [
                {
                    "attributes": {
                        "JOINTS_0": 56,
                        "NORMAL": 57,
                        "POSITION": 58,
                        "WEIGHTS_0": 59
                    },
                    "indices": 55,
                    "mode": 4,
                    "material": 0
                }
            ],
            "name": "hat_GEO-mesh"
        }
    ],
    "animations": [
        {
            "channels": [
                {
                    "sampler": 0,
                    "target": {
                        "node": 7,
                        "path": "translation"
                    }
                },
                {
                    "sampler": 1,
                    "target": {
                        "node": 7,
                        "path": "rotation"
                    }
                },
                {
                    "sampler": 2,
                    "target": {
                        "node": 7,
                        "path": "scale"
                    }
                },
                {
                    "sampler": 3,
                    "target": {
                        "node": 16,
                        "path": "translation"
                    }
                },
                {
                    "sampler": 4,
                    "target": {
                        "node": 16,
                        "path": "rotation"
                    }
                },
                {
                    "sampler": 5,
                    "target": {
                        "node": 16,
                        "path": "scale"
                    }
                },
                {
                    "sampler": 6,
                    "target": {
                        "node": 17,
                        "path": "translation"
                    }
                },
                {
                    "sampler": 7,
                    "target": {
                        "node": 17,
                        "path": "rotation"
                    }
                },
                {
                    "sampler": 8,
                    "target": {
                        "node": 17,
                        "path": "scale"
                    }
                },
                {
                    "sampler": 9,
                    "target": {
                        "node": 18,
                        "path": "translation"
                    }
                },
                {
                    "sampler": 10,
                    "target": {
                        "node": 18,
                        "path": "rotation"
                    }
                },
                {
                    "sampler": 11,
                    "target": {
                        "node": 18,
                        "path": "scale"
                    }
                },
                {
                    "sampler": 12,
                    "target": {
                        "node": 19,
                        "path": "translation"
                    }
                },
                {
                    "sampler": 13,
                    "target": {
                        "node": 19,
                        "path": "rotation"
                    }
                },
                {
                    "sampler": 14,
                    "target": {
                        "node": 19,
                        "path": "scale"
                    }
                },
                {
                    "sampler": 15,
                    "target": {
                        "node": 45,
                        "path": "translation"
                    }
                },
                {
                    "sampler": 16,
                    "target": {
                        "node": 45,
                        "path": "rotation"
                    }
                },
                {
                    "sampler": 17,
                    "target": {
                        "node": 45,
