{
    "asset": {
        "generator": "COLLADA2GLTF",
        "version": "2.0"
    },
    "scenes": [
        {
            "nodes": [
                0
            ]
        }
    ],
    "scene": 0,
    "nodes": [
        {
            "children": [
                1
            ],
            "name": "Y_UP"
        },
        {
            "children": [
                54,
                2
            ],
            "name": "CHARACTER"
        },
        {
            "children": [
                7,
                3
            ],
            "name": "Root"
        },
        {
            "children": [
                5,
                4
            ],
            "translation": [
                0.1567399948835373,
                0.0,
                1.240209937095642
            ],
            "rotation": [
                -0.2062264084815979,
                0.3262714743614197,
                -0.09377838671207428,
                -0.9177221059799194
            ],
            "scale": [
                0.9999886751174928,
                0.999994456768036,
                0.9999854564666748
            ],
            "name": "drillRoot_s"
        },
        {
            "matrix": [
                1.0,
                0.0,
                0.0,
                0.0,
                0.0,
                1.0,
                0.0,
                0.0,
                0.0,
                0.0,
                1.0,
                0.0,
                -0.0,
                1.6266809701919556,
                -0.0,
                1.0
            ],
            "name": "drill_s"
        },
        {
            "children": [
                6
            ],
            "matrix": [
                1.0,
                0.0,
                0.0,
                0.0,
                0.0,
                1.0,
                0.0,
                0.0,
                0.0,
                0.0,
                1.0,
                0.0,
                -0.0,
                1.8638699054718016,
                0.0,
                1.0
            ],
            "name": "drillBodys"
        },
        {
            "matrix": [
                1.0,
                0.0,
                0.0,
                0.0,
                0.0,
                1.0,
                0.0,
                0.0,
                0.0,
                0.0,
                1.0,
                0.0,
                -0.0,
                2.13086199760437,
                -0.0010779999429360033,
                1.0
            ],
            "name": "drillHandle_s"
        },
        {
            "children": [
                16,
                12,
                8
            ],
            "translation": [
                0.5567219853401184,
                3.26578688621521,
                -0.6626240015029907
            ],
            "rotation": [
                0.01230302732437849,
                0.08473710715770722,
                -0.0005228788359090686,
                -0.9963271617889404
            ],
            "scale": [
                0.9999996423721314,
                1.0,
                0.9999995827674866
            ],
            "name": "hips_s"
        },
        {
            "children": [
                9
            ],
            "translation": [
                -0.678803026676178,
                -0.1083270013332367,
                0.15904299914836884
            ],
            "rotation": [
                0.18427108228206638,
                0.7256119847297669,
                -0.5736058354377747,
                0.3323402106761933
            ],
            "scale": [
                0.9999014735221864,
                0.9999577403068544,
                0.9999354481697084
            ],
            "name": "R_upperLeg_s"
        },
        {
            "children": [
                10
            ],
            "translation": [
                -0.0,
                -1.4343639612197877,
                -0.0
            ],
            "rotation": [
                0.7229060530662537,
                -0.0,
                -0.0,
                -0.6909471154212952
            ],
            "scale": [
                1.0,
                1.000001072883606,
                1.000001072883606
            ],
            "name": "R_lowerLeg_s"
        },
        {
            "children": [
                11
            ],
            "translation": [
                0.0,
                -1.4534729719161988,
                0.0
            ],
            "rotation": [
                -0.008089356124401093,
                -0.0752955973148346,
                0.9970821738243104,
                -0.009104367345571518
            ],
            "scale": [
                0.9999809861183168,
                0.9999810457229614,
                1.000000238418579
            ],
            "name": "R_ankle_s"
        },
        {
            "matrix": [
                -0.999763011932373,
                0.000003011896296811756,
                0.017311327159404756,
                0.0,
                0.017311327159404756,
                0.00039136403938755393,
                0.9998064637184144,
                0.0,
                -0.0000030118972063064577,
                0.999956488609314,
                -0.00030457970569841564,
                0.0,
                -0.0019389999797567728,
                0.2560400068759918,
                -0.7475389838218689,
                1.0
            ],
            "name": "R_toes_s"
        },
        {
            "children": [
                13
            ],
            "translation": [
                0.678803026676178,
                -0.10832300037145616,
                0.15904299914836884
            ],
            "rotation": [
                0.08593785017728806,
                -0.09005945920944214,
                0.9919148087501526,
                0.023714417591691018
            ],
            "scale": [
                0.9999070167541504,
                0.999907612800598,
                0.9999990463256836
            ],
            "name": "L_upperLeg_s"
        },
        {
            "children": [
                14
            ],
            "matrix": [
                1.0,
                0.0,
                0.0,
                0.0,
                0.0,
                1.0,
                0.0,
                0.0,
                0.0,
                0.0,
                1.0,
                0.0,
                0.0,
                1.4469690322875977,
                0.0,
                1.0
            ],
            "name": "L_lowerLeg_s"
        },
        {
            "children": [
                15
            ],
            "matrix": [
                -0.9993849992752076,
                -0.03319115564227104,
                -0.00005529495683731511,
                0.0,
                0.03278046473860741,
                -0.9867546558380128,
                -0.15847273170948029,
                0.0,
                0.00520549388602376,
                -0.1583871692419052,
                0.9873626828193665,
                0.0,
                -0.0,
                1.466249942779541,
                -0.0,
                1.0
            ],
            "name": "L_ankle_s"
        },
        {
            "matrix": [
                -0.9997631311416626,
                0.0000030118967515591068,
                0.017311327159404756,
                0.0,
                0.017311329022049905,
                0.00039136403938755393,
                0.9998065233230592,
                0.0,
                -0.0000030118972063064577,
                0.999956488609314,
                -0.00030457970569841564,
                0.0,
                0.0019389999797567728,
                -0.2560400068759918,
                0.7475389838218689,
                1.0
            ],
            "name": "L_toes_s"
        },
        {
            "children": [
                17
            ],
            "translation": [
                -0.0013810000382363797,
                0.20902299880981449,
                0.014971000142395497
            ],
            "rotation": [
                -0.015686433762311937,
                0.0012303085532039404,
                -0.012487633153796196,
                -0.99979829788208
            ],
            "scale": [
                1.000000238418579,
                1.000000238418579,
                1.0000001192092896
            ],
            "name": "spine_lower_s"
        },
        {
            "children": [
                18
            ],
            "translation": [
                0.00006099999882280827,
                0.2309979945421219,
                0.011241000145673752
            ],
            "rotation": [
                0.020607462152838708,
                -0.004121494013816118,
                0.011257211677730084,
                -0.9997158646583556
            ],
            "scale": [
                1.0000003576278689,
                0.9999997615814208,
                1.0000003576278689
            ],
            "name": "spine_mid_s"
        },
        {
            "children": [
                19
            ],
            "translation": [
                -0.000022000000171829016,
                0.22188800573349,
                0.002113000024110079
            ],
            "rotation": [
                0.017593437805771829,
                -0.004029265604913235,
                0.014271600171923638,
                -0.9997352361679076
            ],
            "scale": [
                0.999999701976776,
                1.000000238418579,
                0.9999999403953552
            ],
            "name": "spine_upper_s"
        },
        {
            "children": [
                44,
                32,
                20
            ],
            "translation": [
                0.0015669999411329628,
                0.2362629920244217,
                0.006463999859988689
            ],
            "rotation": [
                0.007197209633886814,
                -0.004367538262158632,
                0.013533215038478377,
                -0.9998731017112732
            ],
            "scale": [
                1.0000003576278689,
                1.0,
                1.0000004768371585
            ],
            "name": "chest_s"
        },
        {
            "children": [
                21
            ],
            "translation": [
                -0.0993340015411377,
                0.5716310143470764,
                0.5058879852294922
            ],
            "rotation": [
                0.9826257228851318,
                -0.0031065582297742368,
                -0.18547071516513825,
                0.000461370131233707
            ],
            "scale": [
                0.9999971985816956,
                0.9999255537986757,
                0.9999276995658876
            ],
            "name": "R_clavicle_s"
        },
        {
            "children": [
                23,
                22
            ],
            "translation": [
                -1.0277060270309449,
                0.0,
                0.511201024055481
            ],
            "rotation": [
                0.5790194869041443,
                0.4143410325050354,
                0.6457334756851196,
                -0.275776207447052
            ],
            "scale": [
                0.9999604225158693,
                0.9999491572380066,
                0.9999657273292542
            ],
            "name": "R_shoulder_s"
        },
        {
            "translation": [
                9.999999974752428e-7,
                -0.04000899940729141,
                0.0
            ],
            "rotation": [
                -0.0,
                -0.00289118685759604,
                -0.0,
                -0.999995768070221
            ],
            "scale": [
                0.9999998211860656,
                1.0,
                0.9999998211860656
            ],
            "name": "R_shoulder_twist_s"
        },
        {
            "children": [
                31,
                24
            ],
            "translation": [
                -0.0,
                -1.2380640506744385,
                -0.0
            ],
            "rotation": [
                -0.031095843762159349,
                0.004613628145307303,
                0.2646991908550263,
                -0.9638173580169678
            ],
            "scale": [
                0.9999961256980896,
                0.9999955892562866,
                1.0000001192092896
            ],
            "name": "R_elbow_s"
        },
        {
            "children": [
                29,
                27,
                25
            ],
            "translation": [
                -0.0,
                -1.1101160049438477,
                0.0
            ],
            "rotation": [
                -0.03432580083608627,
                -0.12223183363676073,
                -0.11531133949756624,
                -0.9851821660995485
            ],
            "scale": [
                0.999999463558197,
                0.9999994039535524,
                0.9999992847442628
            ],
            "name": "R_wrist_s"
        },
        {
            "children": [
                26
            ],
            "matrix": [
                0.4963577687740326,
                0.8274335265159607,
                0.2625792920589447,
                0.0,
                0.8058950901031494,
                -0.3267086744308472,
                -0.4936612844467163,
                0.0,
                -0.3226869702339173,
                0.4566425085067749,
                -0.8289887309074402,
                0.0,
                -0.2708719968795777,
                -0.17742499709129334,
                0.08623900264501572,
                1.0
            ],
            "name": "R_thumb_01_s"
        },
        {
            "matrix": [
                0.9979521036148072,
                0.013126329518854618,
                0.06260334700345993,
                0.0,
                -0.016009049490094186,
                0.9988232851028442,
                0.04576895013451576,
                0.0,
                -0.0619288869202137,
                -0.04667747020721436,
                0.9969879388809204,
                0.0,
                0.0,
                -0.5480909943580627,
                -0.0,
                1.0
            ],
            "name": "R_thumb_02_s"
        },
        {
            "children": [
                28
            ],
            "matrix": [
                -0.97681725025177,
                0.1885581612586975,
                -0.1004914715886116,
                0.0,
                0.2132095992565155,
                0.8909672498703003,
                -0.4008850455284119,
                0.0,
                0.01394062303006649,
                -0.413053423166275,
                -0.9105069041252136,
                0.0,
                -0.2844559848308563,
                -0.8189610242843628,
                -0.07909700274467468,
                1.0
            ],
            "name": "R_index_01_s"
        },
        {
            "matrix": [
                0.9986351728439332,
                -0.025658227503299714,
                0.04549625888466835,
                0.0,
                -0.022826170548796658,
                0.5690930485725403,
                0.8219350576400757,
                0.0,
                -0.04698101431131363,
                -0.8218509554862976,
                0.5677301287651062,
                0.0,
                0.0,
                -0.3424449861049652,
                -0.0,
                1.0
            ],
            "name": "R_index_02_s"
        },
        {
            "children": [
                30
            ],
            "matrix": [
                -0.9505164623260498,
                -0.3043614327907562,
                -0.06126468628644943,
                0.0,
                -0.16106994450092317,
                0.6521735787391663,
                -0.7407453656196594,
                0.0,
                0.2654162049293518,
                -0.6942698359489441,
                -0.6689042448997498,
                0.0,
                0.17002999782562257,
                -0.8023390173912048,
                -0.05094100162386894,
                1.0
            ],
            "name": "R_middle_01_s"
        },
        {
            "matrix": [
                0.9997791051864624,
                -0.004386076238006353,
                0.020553991198539739,
                0.0,
                -0.012464620172977448,
                0.6636821627616882,
                0.747893214225769,
                0.0,
                -0.01692149788141251,
                -0.7479842305183411,
                0.6634809374809265,
                0.0,
                -0.0,
                -0.3305160105228424,
                -0.0,
                1.0
            ],
            "name": "R_middle_02_s"
        },
        {
            "translation": [
                0.0,
                -0.3700389862060547,
                0.0
            ],
            "rotation": [
                -0.0,
                -0.020515579730272298,
                -0.0,
                -0.9997896552085877
            ],
            "scale": [
                1.0000004768371585,
                1.0,
                1.0000004768371585
            ],
            "name": "R_forearm_twist_s"
        },
        {
            "children": [
                33
            ],
            "translation": [
                0.0993340015411377,
                0.5716279745101929,
                0.5058879852294922
            ],
            "rotation": [
                -0.01630144566297531,
                -0.15572500228881837,
                -0.10276065021753313,
                -0.9823048114776612
            ],
            "scale": [
                0.999997615814209,
                0.9999988079071044,
                0.9999980926513672
            ],
            "name": "L_clavicle_s"
        },
        {
            "children": [
                35,
                34
            ],
            "translation": [
                1.0277099609375,
                -0.0,
                -0.5112019777297974
            ],
            "rotation": [
                0.4692133367061615,
                0.05527216196060181,
                0.7433902025222778,
                -0.4733963906764984
            ],
            "scale": [
                0.9999434947967528,
                0.9999216794967653,
                0.9999775886535645
            ],
            "name": "L_shoulder_s"
        },
        {
            "translation": [
                0.0,
                0.03999999910593033,
                -0.0
            ],
            "rotation": [
                -0.0,
                0.3150526285171509,
                -0.0,
                -0.9490736722946168
            ],
            "scale": [
                0.9999982118606569,
                1.0,
                0.9999982118606569
            ],
            "name": "L_shoulder_twist_s"
        },
        {
            "children": [
                43,
                36
            ],
            "translation": [
                -0.0,
                1.2380620241165162,
                -0.0
            ],
            "rotation": [
                0.24435725808143617,
                -0.1774318665266037,
                0.6684224009513855,
                -0.6796708106994629
            ],
            "scale": [
                0.9999452233314514,
                0.9999423623085022,
                0.9999892711639404
            ],
            "name": "L_elbow_s"
        },
        {
            "children": [
                41,
                39,
                37
            ],
            "translation": [
                0.0,
                1.1101160049438477,
                0.0
            ],
            "rotation": [
                -0.3647442758083344,
                -0.0975603312253952,
                0.334417998790741,
                -0.8634740114212036
            ],
            "scale": [
                0.9999849200248718,
                0.999970018863678,
                0.9999830722808838
            ],
            "name": "L_wrist_s"
        },
        {
            "children": [
                38
            ],
            "matrix": [
                0.367237001657486,
                0.8971593379974365,
                -0.2453138828277588,
                0.0,
                0.6514023542404175,
                -0.4362617433071137,
                -0.6206510663032532,
                0.0,
                -0.6638889908790588,
                0.06810048222541809,
                -0.7446069121360779,
                0.0,
                0.30435699224472048,
                0.3566589951515198,
                -0.10272199660539629,
                1.0
            ],
            "name": "L_thumb_01_s"
        },
        {
            "matrix": [
                0.9979555010795592,
                0.013189227320253848,
                0.0625433400273323,
                0.0,
                -0.01606910675764084,
                0.9988230466842653,
                0.045767515897750857,
                0.0,
                -0.06186602264642716,
                -0.04667895287275314,
                0.9969922304153442,
                0.0,
                -0.0,
                0.5480899810791016,
                0.0,
                1.0
            ],
            "name": "L_thumb_02_s"
        },
        {
            "children": [
                40
            ],
            "matrix": [
                -0.94336998462677,
                0.2905285656452179,
                -0.15941374003887177,
                0.0,
                0.2918417155742645,
                0.9563359022140504,
                0.01564023829996586,
                0.0,
                0.15699702501296998,
                -0.031770046800374988,
                -0.9869678020477296,
                0.0,
                0.2844559848308563,
                0.8189569711685181,
                0.07909999787807465,
                1.0
            ],
            "name": "L_index_01_s"
        },
        {
            "matrix": [
                0.9986336827278136,
                -0.025699371472001077,
                0.045491453260183337,
                0.0,
                -0.011832174845039845,
                0.7368277311325073,
                0.675961434841156,
                0.0,
                -0.05089139565825462,
                -0.675576388835907,
                0.7355172038078308,
                0.0,
                0.0,
                0.3424470126628876,
                0.0,
                1.0
            ],
            "name": "L_index_02_s"
        },
        {
            "children": [
                42
            ],
            "matrix": [
                -0.9505364298820496,
                -0.30440977215766909,
                -0.06124737858772278,
                0.0,
                -0.1148623526096344,
                0.5279850363731384,
                -0.8414413332939148,
                0.0,
                0.2884842157363892,
                -0.7928118109703064,
                -0.536819338798523,
                0.0,
                -0.17003099620342256,
                0.8023390173912048,
                0.05093500018119812,
                1.0
            ],
            "name": "L_middle_01_s"
        },
        {
            "matrix": [
                0.9997791051864624,
                -0.0043854438699781899,
                0.02055385522544384,
                0.0,
                -0.012463996186852456,
                0.6637330651283264,
                0.7478376626968384,
                0.0,
                -0.01692164316773415,
                -0.7479286193847656,
                0.6635318398475647,
                0.0,
                0.0,
                0.33051401376724245,
                0.0,
                1.0
            ],
            "name": "L_middle_02_s"
        },
        {
            "translation": [
                0.0,
                0.3700389862060547,
                -0.0
            ],
            "rotation": [
                -0.0,
                0.1474202275276184,
                -0.0,
                -0.9890735745429992
            ],
            "scale": [
                0.9999984502792358,
                1.0,
                0.9999984502792358
            ],
            "name": "L_forearm_twist_s"
        },
        {
            "children": [
                45
            ],
            "matrix": [
                0.9862167239189148,
                0.16545531153678898,
                0.0,
                0.0,
                -0.16545531153678898,
                0.9862167239189148,
                0.0,
                0.0,
                0.0,
                0.0,
                1.0,
                0.0,
                0.0,
                1.004606008529663,
                0.02269200049340725,
                1.0
            ],
            "name": "neck_s"
        },
        {
            "children": [
                53,
                50,
                47,
                46
            ],
            "translation": [
                0.0,
                0.9562029838562012,
                -0.04314799979329109
            ],
            "rotation": [
                0.013718074187636376,
                -0.1641862988471985,
                0.04306121915578842,
                -0.985393524169922
            ],
            "scale": [
                0.9999998211860656,
                1.0,
                1.000000238418579
            ],
            "name": "head_s"
        },
        {
            "matrix": [
                1.0,
                0.0,
                0.0,
                0.0,
                0.0,
                1.0,
                0.0,
                0.0,
                0.0,
                0.0,
                1.0,
                0.0,
                0.0,
                0.930765986442566,
                1.8798699378967288,
                1.0
            ],
            "name": "headGlass_s"
        },
        {
            "children": [
                48
            ],
            "translation": [
                0.9417380094528198,
                0.30494099855422976,
                -0.8117949962615967
            ],
            "rotation": [
                0.3735150694847107,
                -0.39553725719451907,
                0.1768229752779007,
                -0.820215106010437
            ],
            "scale": [
                0.999986469745636,
                0.999987542629242,
                0.9999787211418152
            ],
            "name": "L_hair_01_s"
        },
        {
            "children": [
                49
            ],
            "translation": [
                0.9893499612808228,
                -0.02814600057899952,
                -0.008763999678194523
            ],
            "rotation": [
                -0.0990089401602745,
                -0.04816650971770287,
                0.19466526806354524,
                -0.974669873714447
            ],
            "scale": [
                0.9999980926513672,
                0.9999977350234984,
                0.9999993443489076
            ],
            "name": "L_hair_02_s"
        },
        {
            "translation": [
                0.6221339702606201,
                -0.014948000200092793,
                0.025279998779296876
            ],
            "rotation": [
                -0.008642843924462796,
                -0.00738178938627243,
                0.008550570346415043,
                -0.9998987913131714
            ],
            "scale": [
                0.9999997615814208,
                0.999999701976776,
                1.000000238418579
            ],
            "name": "L_hair_03_s"
        },
        {
            "children": [
                51
            ],
            "translation": [
                -0.9417380094528198,
                0.3049429953098297,
                -0.8117949962615967
            ],
            "rotation": [
                0.8201929330825806,
                0.17682772874832154,
                0.395548015832901,
                0.3735252022743225
            ],
            "scale": [
                0.9999862909317016,
                0.9999396204948424,
                0.9999493956565856
            ],
            "name": "R_hair_01_s"
        },
        {
            "children": [
                52
            ],
            "translation": [
                -0.9893530011177064,
                0.02814600057899952,
                0.008762000128626824
            ],
            "rotation": [
                -0.09171999990940094,
                -0.0310962051153183,
                0.1907603889703751,
                -0.976847231388092
            ],
            "scale": [
                0.9999990463256836,
                0.9999998807907105,
                0.999999463558197
            ],
            "name": "R_hair_02_s"
        },
        {
            "translation": [
                -0.6221330165863037,
                0.014956999570131302,
                -0.025276999920606618
            ],
            "rotation": [
                -0.009258052334189417,
                -0.007166531402617693,
                0.008827445097267628,
                -0.9998924732208252
            ],
            "scale": [
                0.9999998211860656,
                0.9999999403953552,
                0.9999999403953552
            ],
            "name": "R_hair_03_s"
        },
        {
            "matrix": [
                0.997593104839325,
                -0.02058914676308632,
                0.06621340662240982,
                0.0,
                0.04589926078915596,
                0.9118273854255676,
                -0.4080014228820801,
                0.0,
                -0.051974862813949588,
                0.41005855798721316,
                0.9105778336524965,
                0.0,
                -0.0,
                1.657842993736267,
                0.03858599811792374,
                1.0
            ],
            "name": "hat_01_s"
        },
        {
            "children": [
                62,
                61,
                60,
                59,
                58,
                57,
                56,
                55
            ],
            "name": "GEO"
        },
        {
            "mesh": 0,
            "skin": 0,
            "name": "drill_Geo"
        },
        {
            "mesh": 1,
            "skin": 1,
            "name": "suspendersGeo"
        },
        {
            "mesh": 2,
            "skin": 2,
            "name": "bodyGeo"
        },
        {
            "mesh": 3,
            "skin": 3,
            "name": "stichesGeo"
        },
        {
            "mesh": 4,
            "skin": 4,
            "name": "boots_GEO"
        },
        {
            "mesh": 5,
            "skin": 5,
            "name": "hand_GEO"
        },
        {
            "mesh": 6,
            "skin": 6,
            "name": "glasses_GEO"
        },
        {
            "mesh": 7,
            "skin": 7,
            "name": "hat_GEO"
        }
    ],
    "meshes": [
        {
            "primitives": [
                {
                    "attributes": {
                        "JOINTS_0": 1,
                        "NORMAL": 2,
                        "POSITION": 3,
                        "WEIGHTS_0": 4
                    },
                    "indices": 0,
                    "mode": 4,
                    "material": 0
                },
                {
                    "attributes": {
                        "JOINTS_0": 6,
                        "NORMAL": 7,
                        "POSITION": 8,
                        "WEIGHTS_0": 9
                    },
                    "indices": 5,
                    "mode": 4,
                    "material": 1
                },
                {
                    "attributes": {
                        "JOINTS_0": 11,
                        "NORMAL": 12,
                        "POSITION": 13,
                        "WEIGHTS_0": 14
                    },
                    "indices": 10,
                    "mode": 4,
                    "material": 2
                }
            ],
            "name": "drill_Geo-mesh"
        },
        {
            "primitives": [
                {
                    "attributes": {
                        "JOINTS_0": 16,
                        "NORMAL": 17,
                        "POSITION": 18,
                        "WEIGHTS_0": 19
                    },
                    "indices": 15,
                    "mode": 4,
                    "material": 0
                },
                {
                    "attributes": {
                        "JOINTS_0": 21,
                        "NORMAL": 22,
                        "POSITION": 23,
                        "WEIGHTS_0": 24
                    },
                    "indices": 20,
                    "mode": 4,
                    "material": 1
                }
            ],
            "name": "suspendersGeo-mesh"
        },
        {
            "primitives": [
                {
                    "attributes": {
                        "JOINTS_0": 26,
                        "NORMAL": 27,
                        "POSITION": 28,
                        "WEIGHTS_0": 29
                    },
                    "indices": 25,
                    "mode": 4,
                    "material": 0
                }
            ],
            "name": "bodyGeo-mesh"
        },
        {
            "primitives": [
                {
                    "attributes": {
                        "JOINTS_0": 31,
                        "NORMAL": 32,
                        "POSITION": 33,
                        "WEIGHTS_0": 34
                    },
                    "indices": 30,
                    "mode": 4,
                    "material": 0
                }
            ],
            "name": "stichesGeo-mesh"
        },
        {
            "primitives": [
                {
                    "attributes": {
                        "JOINTS_0": 36,
                        "NORMAL": 37,
                        "POSITION": 38,
                        "WEIGHTS_0": 39
                    },
                    "indices": 35,
                    "mode": 4,
                    "material": 0
                }
            ],
            "name": "boots_GEO-mesh"
        },
        {
            "primitives": [
                {
                    "attributes": {
                        "JOINTS_0": 41,
                        "NORMAL": 42,
                        "POSITION": 43,
                        "WEIGHTS_0": 44
                    },
                    "indices": 40,
                    "mode": 4,
                    "material": 0
                }
            ],
            "name": "hand_GEO-mesh"
        },
        {
            "primitives": [
                {
                    "attributes": {
                        "JOINTS_0": 46,
                        "NORMAL": 47,
                        "POSITION": 48,
                        "WEIGHTS_0": 49
                    },
                    "indices": 45,
                    "mode": 4,
                    "material": 0
                },
                {
                    "attributes": {
                        "JOINTS_0": 51,
                        "NORMAL": 52,
                        "POSITION": 53,
                        "WEIGHTS_0": 54
                    },
                    "indices": 50,
                    "mode": 4,
                    "material": 3
                }
            ],
            "name": "glasses_GEO-mesh"
        },
        {
            "primitives": [
                {
                    "attributes": {
                        "JOINTS_0": 56,
                        "NORMAL": 57,
                        "POSITION": 58,
                        "WEIGHTS_0": 59
                    },
                    "indices": 55,
                    "mode": 4,
                    "material": 0
                }
            ],
            "name": "hat_GEO-mesh"
        }
    ],
    "animations": [
        {
            "channels": [
                {
                    "sampler": 0,
                    "target": {
                        "node": 7,
                        "path": "translation"
                    }
                },
                {
                    "sampler": 1,
                    "target": {
                        "node": 7,
                        "path": "rotation"
                    }
                },
                {
                    "sampler": 2,
                    "target": {
                        "node": 7,
                        "path": "scale"
                    }
                },
                {
                    "sampler": 3,
                    "target": {
                        "node": 16,
                        "path": "translation"
                    }
                },
                {
                    "sampler": 4,
                    "target": {
                        "node": 16,
                        "path": "rotation"
                    }
                },
                {
                    "sampler": 5,
                    "target": {
                        "node": 16,
                        "path": "scale"
                    }
                },
                {
                    "sampler": 6,
                    "target": {
                        "node": 17,
                        "path": "translation"
                    }
                },
                {
                    "sampler": 7,
                    "target": {
                        "node": 17,
                        "path": "rotation"
                    }
                },
                {
                    "sampler": 8,
                    "target": {
                        "node": 17,
                        "path": "scale"
                    }
                },
                {
                    "sampler": 9,
                    "target": {
                        "node": 18,
                        "path": "translation"
                    }
                },
                {
                    "sampler": 10,
                    "target": {
                        "node": 18,
                        "path": "rotation"
                    }
                },
                {
                    "sampler": 11,
                    "target": {
                        "node": 18,
                        "path": "scale"
                    }
                },
                {
                    "sampler": 12,
                    "target": {
                        "node": 19,
                        "path": "translation"
                    }
                },
                {
                    "sampler": 13,
                    "target": {
                        "node": 19,
                        "path": "rotation"
                    }
                },
                {
                    "sampler": 14,
                    "target": {
                        "node": 19,
                        "path": "scale"
                    }
                },
                {
                    "sampler": 15,
                    "target": {
                        "node": 45,
                        "path": "translation"
                    }
                },
                {
                    "sampler": 16,
