{
    "asset": {
        "generator": "COLLADA2GLTF",
        "version": "2.0"
    },
    "scenes": [
        {
            "nodes": [
                0
            ]
        }
    ],
    "scene": 0,
    "nodes": [
        {
            "children": [
                1
            ],
            "name": "Y_UP"
        },
        {
            "children": [
                19,
                2
            ],
            "name": "CHARACTER"
        },
        {
            "children": [
                18,
                17,
                16,
                15,
                14,
                13,
                12,
                11,
                10,
                3
            ],
            "name": "geoGrp"
        },
        {
            "children": [
                9,
                8,
                7,
                6,
                5,
                4
            ],
            "name": "transformGrp"
        },
        {
            "mesh": 0,
            "skin": 0,
            "name": "transform_shoulder_geo"
        },
        {
            "mesh": 1,
            "skin": 1,
            "name": "transform_vine3_GEO"
        },
        {
            "mesh": 2,
            "skin": 2,
            "name": "transform_vine2_GEO"
        },
        {
            "mesh": 3,
            "skin": 3,
            "name": "transform_vine1_GEO"
        },
        {
            "mesh": 4,
            "skin": 4,
            "name": "transform_hair_GEO"
        },
        {
            "mesh": 5,
            "skin": 5,
            "name": "transform_hat_GEO"
        },
        {
            "mesh": 6,
            "skin": 6,
            "name": "bag_straps_geo"
        },
        {
            "mesh": 7,
            "skin": 7,
            "name": "hair_bunch_geo"
        },
        {
            "mesh": 8,
            "skin": 8,
            "name": "hair_geo"
        },
        {
            "mesh": 9,
            "skin": 9,
            "name": "gloves_geo"
        },
        {
            "mesh": 10,
            "skin": 10,
            "name": "eyebrows_geo"
        },
        {
            "mesh": 11,
            "skin": 11,
            "name": "plant_pot_geo"
        },
        {
            "mesh": 12,
            "skin": 12,
            "name": "plant_geo"
        },
        {
            "mesh": 13,
            "skin": 13,
            "name": "glasses_geo"
        },
        {
            "mesh": 14,
            "skin": 14,
            "name": "base_geo"
        },
        {
            "children": [
                20
            ],
            "name": "Root"
        },
        {
            "children": [
                32,
                27,
                21
            ],
            "translation": [
                -0.12318699806928636,
                4.570755958557129,
                -0.8695240020751953
            ],
            "rotation": [
                0.08565866947174072,
                -0.226864755153656,
                -0.03324848413467407,
                -0.9695804715156556
            ],
            "scale": [
                0.999994456768036,
                0.9999993443489076,
                0.9999940395355224
            ],
            "name": "hips_s"
        },
        {
            "children": [
                23,
                22
            ],
            "translation": [
                -0.9788079857826232,
                -0.11424800008535384,
                0.0
            ],
            "rotation": [
                0.14465488493442536,
                0.9486383199691773,
                -0.19454431533813477,
                0.20321810245513917
            ],
            "scale": [
                0.999971568584442,
                0.9999984502792358,
                0.9999716281890868
            ],
            "name": "R_upperLeg_s"
        },
        {
            "matrix": [
                0.0,
                0.0,
                0.0,
                0.0,
                0.0,
                0.0,
                0.0,
                0.0,
                0.0,
                0.0,
                0.0,
                0.0,
                -0.07104100286960602,
                -0.6918579936027527,
                0.02558699995279312,
                1.0
            ],
            "name": "upper_leg_vine_s"
        },
        {
            "children": [
                25,
                24
            ],
            "translation": [
                0.0,
                -2.445122003555298,
                -0.0
            ],
            "rotation": [
                0.36229756474494936,
                -0.0,
                -0.0,
                -0.9320620894432068
            ],
            "scale": [
                1.0,
                0.9999988079071044,
                0.9999988079071044
            ],
            "name": "R_lowerLeg_s"
        },
        {
            "matrix": [
                0.0,
                0.0,
                0.0,
                0.0,
                0.0,
                0.0,
                0.0,
                0.0,
                0.0,
                0.0,
                0.0,
                0.0,
                -0.03477500006556511,
                -1.2089229822158814,
                0.14987200498580934,
                1.0
            ],
            "name": "R_leg_vine_s"
        },
        {
            "children": [
                26
            ],
            "translation": [
                0.0,
                -2.02203106880188,
                -0.0
            ],
            "rotation": [
                0.01716296188533306,
                -0.0291585773229599,
                0.998496949672699,
                0.04318422079086304
            ],
            "scale": [
                1.0000115633010865,
                1.0000115633010865,
                0.9999998807907105
            ],
            "name": "R_ankle_s"
        },
        {
            "translation": [
                -0.0019389999797567728,
                0.29927799105644228,
                -0.9580659866333008
            ],
            "rotation": [
                0.004306120797991753,
                0.6966381669044495,
                0.7173689007759094,
                -0.0035371717531234028
            ],
            "scale": [
                0.999907374382019,
                0.9999526739120485,
                0.9999551773071288
            ],
            "name": "R_toes_s"
        },
        {
            "children": [
                28
            ],
            "translation": [
                0.9788079857826232,
                -0.1142439991235733,
                -0.0
            ],
            "rotation": [
                -0.04435302317142487,
                0.004090815782546997,
                0.9938524961471558,
                -0.10116305947303772
            ],
            "scale": [
                0.9999221563339232,
                0.9999226331710817,
                0.9999994039535524
            ],
            "name": "L_upperLeg_s"
        },
        {
            "children": [
                30,
                29
            ],
            "translation": [
                0.0,
                2.4451260566711427,
                0.0
            ],
            "rotation": [
                0.3452512621879578,
                -0.0,
                -0.0,
                -0.9385074973106384
            ],
            "scale": [
                1.0,
                0.999990701675415,
                0.999990701675415
            ],
            "name": "L_lowerLeg_s"
        },
        {
            "matrix": [
                0.0,
                0.0,
                0.0,
                0.0,
                0.0,
                0.0,
                0.0,
                0.0,
                0.0,
                0.0,
                0.0,
                0.0,
                0.03477400168776512,
                1.2089240550994874,
                -0.14987100660800937,
                1.0
            ],
            "name": "L_leg_vine_s"
        },
        {
            "children": [
                31
            ],
            "translation": [
                0.0,
                2.02203106880188,
                -0.0
            ],
            "rotation": [
                0.02131530083715916,
                -0.20758576691150666,
                0.9706302881240844,
                0.11949482560157776
            ],
            "scale": [
                0.999898374080658,
                0.9999022483825684,
                0.999995768070221
            ],
            "name": "L_ankle_s"
        },
        {
            "translation": [
                0.0019389999797567728,
                -0.29927799105644228,
                0.9580659866333008
            ],
            "rotation": [
                0.004306120797991753,
                0.7019280195236206,
                0.7122015953063965,
                -0.0035064094699919225
            ],
            "scale": [
                0.9999307990074158,
                0.99996417760849,
                0.9999654293060304
            ],
            "name": "L_toes_s"
        },
        {
            "children": [
                33
            ],
            "translation": [
                0.002185000106692314,
                0.4309059977531433,
                0.014557000249624253
            ],
            "rotation": [
                -0.02645154483616352,
                -0.000984243117272854,
                0.027220474556088449,
                -0.999278962612152
            ],
            "scale": [
                0.9999997615814208,
                1.0000001192092896,
                1.000000238418579
            ],
            "name": "spine_lower_s"
        },
        {
            "children": [
                34
            ],
            "translation": [
                0.0002370000001974404,
                0.4840059876441956,
                0.016356000676751138
            ],
            "rotation": [
                -0.09851516783237456,
                -0.0019992152228951456,
                -0.01036516297608614,
                -0.9950792789459229
            ],
            "scale": [
                1.0000003576278689,
                0.9999987483024596,
                0.9999986886978148
            ],
            "name": "spine_mid_s"
        },
        {
            "children": [
                35
            ],
            "translation": [
                0.00017299999308306724,
                0.4872489869594574,
                0.0028639999218285085
            ],
            "rotation": [
                -0.11266577243804932,
                -0.001660920330323279,
                -0.0167322363704443,
                -0.9934906959533693
            ],
            "scale": [
                1.0000003576278689,
                0.9999999403953552,
                0.9999998807907105
            ],
            "name": "spine_upper_s"
        },
        {
            "children": [
                63,
                52,
                47,
                36
            ],
            "translation": [
                -0.005388000048696995,
                0.4379259943962097,
                0.005289999768137932
            ],
            "rotation": [
                -0.08710414171218872,
                -0.012733444571495057,
                -0.02026893012225628,
                -0.9959112405776978
            ],
            "scale": [
                0.999999463558197,
                0.9999985694885254,
                0.999999225139618
            ],
            "name": "chest_s"
        },
        {
            "children": [
                38,
                37
            ],
            "matrix": [
                0.9765338897705078,
                -0.20996935665607453,
                -0.04789290204644203,
                0.0,
                -0.21144483983516697,
                -0.9769726991653442,
                -0.028101423755288125,
                0.0,
                -0.04089019075036049,
                0.03756873309612274,
                -0.9984431862831116,
                0.0,
                -0.20061400532722474,
                0.9427459836006165,
                0.191881999373436,
                1.0
            ],
            "name": "R_clavicle_s"
        },
        {
            "matrix": [
                0.0,
                0.0,
                0.0,
                0.0,
                0.0,
                0.0,
                0.0,
                0.0,
                0.0,
                0.0,
                0.0,
                0.0,
                -1.7993860244750977,
                -0.4309619963169098,
                0.6159840226173401,
                1.0
            ],
            "name": "R_shoulderPad_s"
        },
        {
            "children": [
                39
            ],
            "translation": [
                -1.2354660034179688,
                0.0,
                0.6647909879684448
            ],
            "rotation": [
                0.753878653049469,
                0.5181801915168762,
                0.29949072003364565,
                0.2709779739379883
            ],
            "scale": [
                0.9999771118164064,
                0.9999567866325378,
                0.9999454617500304
            ],
            "name": "R_shoulder_s"
        },
        {
            "children": [
                46,
                41,
                40
            ],
            "translation": [
                -0.0,
                -2.222354888916016,
                0.0
            ],
            "rotation": [
                -0.07344717532396317,
                0.03398621454834938,
                0.6982095241546631,
                -0.711276650428772
            ],
            "scale": [
                0.9999602437019348,
                0.9999603033065796,
                0.999999225139618
            ],
            "name": "R_elbow_s"
        },
        {
            "matrix": [
                0.0,
                0.0,
                0.0,
                0.0,
                0.0,
                0.0,
                0.0,
                0.0,
                0.0,
                0.0,
                0.0,
                0.0,
                -0.12810300290584565,
                -0.8553079962730408,
                -0.08016499876976013,
                1.0
            ],
            "name": "R_vine_s"
        },
        {
            "children": [
                44,
                42
            ],
            "matrix": [
                0.7070605158805847,
                0.078730508685112,
                0.7027519345283508,
                0.0,
                0.1591748148202896,
                0.9505608677864076,
                -0.26663994789123537,
                0.0,
                -0.6890006065368652,
                0.30039116740226748,
                0.659571647644043,
                0.0,
                -0.0,
                -1.4972009658813477,
                -0.0,
                1.0
            ],
            "name": "R_wrist_s"
        },
        {
            "children": [
                43
            ],
            "matrix": [
                0.030453674495220186,
                0.6392373442649841,
                0.7683621048927307,
                0.0,
                0.1659696102142334,
                0.7548502087593079,
                -0.634537935256958,
                0.0,
                -0.9856266379356384,
                0.14683182537555698,
                -0.0831015408039093,
                0.0,
                -0.7145980000495911,
                -0.1560740023851395,
                -0.17039300501346589,
                1.0
            ],
            "name": "R_thumb_01_s"
        },
        {
            "matrix": [
                0.99988055229187,
                0.0035596939269453289,
                -0.015020824037492276,
                0.0,
                0.013851732015609742,
                0.22263860702514649,
                0.9747639298439026,
                0.0,
                0.006813677959144116,
                -0.9748554825782776,
                0.22256265580654145,
                0.0,
                -0.0,
                -0.7719449996948242,
                0.0,
                1.0
            ],
            "name": "R_thumb_02_s"
        },
        {
            "children": [
                45
            ],
            "matrix": [
                -0.9995034337043762,
                -0.019639043137431146,
                -0.02081260457634926,
                0.0,
                -0.001091360580176115,
                0.7529608607292175,
                -0.6580487489700317,
                0.0,
                0.02859484776854515,
                -0.6577560901641846,
                -0.7525864243507385,
                0.0,
                0.017903000116348268,
                -0.8726230263710022,
                -0.2423750013113022,
                1.0
            ],
            "name": "R_index_01_s"
        },
        {
            "matrix": [
                0.9883849620819092,
                -0.03537535667419434,
                0.14779704809188844,
                0.0,
                -0.12299641221761704,
                0.38501518964767458,
                0.914663016796112,
                0.0,
                -0.08925940096378327,
                -0.922217845916748,
                0.37619227170944216,
                0.0,
                0.0,
                -0.7188119888305664,
                0.0,
                1.0
            ],
            "name": "R_index_02_s"
        },
        {
            "translation": [
                0.0,
                -0.4990670084953308,
                0.0
            ],
            "rotation": [
                -0.0,
                0.1038697510957718,
                -0.0,
                -0.994590938091278
            ],
            "scale": [
                1.0000001192092896,
                1.0,
                1.0000001192092896
            ],
            "name": "R_forearm_twist_s"
        },
        {
            "children": [
                48
            ],
            "matrix": [
                0.9908983111381532,
                -0.12634247541427613,
                0.04645673930644989,
                0.0,
                0.12479563057422638,
                0.7328187227249146,
                -0.6688735485076904,
                0.0,
                0.05046484619379044,
                0.6685826182365418,
                0.7419155836105347,
                0.0,
                -0.2393530011177063,
                0.2356089949607849,
                -1.7053420543670657,
                1.0
            ],
            "name": "back_item_01_s"
        },
        {
            "children": [
                49
            ],
            "translation": [
                0.24443799257278446,
                0.6522699594497681,
                -1.673688054084778
            ],
            "rotation": [
                0.004582894034683704,
                -6.366567863180794e-12,
                -0.003414103761315346,
                -0.9999836087226868
            ],
            "scale": [
                1.0000003576278689,
                0.9999998807907105,
                0.999999463558197
            ],
            "name": "back_item_02_s"
        },
        {
            "children": [
                50
            ],
            "translation": [
                -0.12110999971628188,
                0.5302050113677979,
                -0.05857399851083756
            ],
            "rotation": [
                0.03558602184057236,
                -0.024544205516576768,
                -0.13671548664569856,
                -0.9896660447120668
            ],
            "scale": [
                0.9999977350234984,
                0.9999972581863404,
                1.0
            ],
            "name": "back_item_03_s"
        },
        {
            "children": [
                51
            ],
            "translation": [
                0.012095999903976918,
                0.461558997631073,
                0.11516699939966202
            ],
            "rotation": [
                -0.2538403868675232,
                0.010734315030276776,
                0.02479042112827301,
                -0.9668672680854796
            ],
            "scale": [
                0.9999998211860656,
                0.9999943971633912,
                0.999994695186615
            ],
            "name": "back_item_04_s"
        },
        {
            "translation": [
                0.028595000505447389,
                0.4990679919719696,
                0.005142999812960625
            ],
            "rotation": [
                0.12355180829763413,
                0.004182987846434116,
                0.10602020472288132,
                -0.986648678779602
            ],
            "scale": [
                0.999998927116394,
                0.9999969005584716,
                0.999998152256012
            ],
            "name": "back_item_05_s"
        },
        {
            "children": [
                54,
                53
            ],
            "matrix": [
                0.9161394238471984,
                0.306861937046051,
                0.257906049489975,
                0.0,
                -0.3080098628997803,
                0.9506611824035645,
                -0.03699731826782227,
                0.0,
                -0.25653424859046938,
                -0.0455472357571125,
                0.9654597043991088,
                0.0,
                0.20061400532722474,
                0.9427449703216552,
                0.191881999373436,
                1.0
            ],
            "name": "L_clavicle_s"
        },
        {
            "matrix": [
                0.0,
                0.0,
                0.0,
                0.0,
                0.0,
                0.0,
                0.0,
                0.0,
                0.0,
                0.0,
                0.0,
                0.0,
                1.7993860244750977,
                0.43096300959587099,
                -0.6159840226173401,
                1.0
            ],
            "name": "L_shoulderPad_s"
        },
        {
            "children": [
                55
            ],
            "translation": [
                1.2354689836502076,
                -0.0,
                -0.6647909879684448
            ],
            "rotation": [
                0.7087873816490173,
                0.4592784345149994,
                0.4530346393585205,
                0.28531119227409365
            ],
            "scale": [
                0.9999659061431884,
                0.9999420046806336,
                0.9999417662620544
            ],
            "name": "L_shoulder_s"
        },
        {
            "children": [
                62,
                57,
                56
            ],
            "translation": [
                0.0,
                2.22235107421875,
                -0.0
            ],
            "rotation": [
                -0.004275006242096424,
                -0.003752165473997593,
                0.7472957968711853,
                -0.6643972992897034
            ],
            "scale": [
                0.9999182820320128,
                0.99991774559021,
                0.9999999403953552
            ],
            "name": "L_elbow_s"
        },
        {
            "matrix": [
                0.0,
                0.0,
                0.0,
                0.0,
                0.0,
                0.0,
                0.0,
                0.0,
                0.0,
                0.0,
                0.0,
                0.0,
                0.12014400213956832,
                0.855309009552002,
                0.09166199713945388,
                1.0
            ],
            "name": "L_vine_s"
        },
        {
            "children": [
                60,
                58
            ],
            "matrix": [
                0.6997184157371521,
                -0.024277374148368837,
                0.7139891386032105,
                0.0,
                0.07535278797149658,
                0.9963553547859192,
                -0.03996522352099419,
                0.0,
                -0.7104165554046631,
                0.08176720887422562,
                0.6989977359771729,
                0.0,
                0.0,
                1.4972009658813477,
                -0.0,
                1.0
            ],
            "name": "L_wrist_s"
        },
        {
            "children": [
                59
            ],
            "matrix": [
                0.03045367076992989,
                0.6392372846603394,
                0.7683619260787964,
                0.0,
                0.165969654917717,
                0.754850447177887,
                -0.6345380544662476,
                0.0,
                -0.9856266379356384,
                0.14683182537555698,
                -0.0831015408039093,
                0.0,
                0.7145980000495911,
                0.1560799926519394,
                0.1703909933567047,
                1.0
            ],
            "name": "L_thumb_01_s"
        },
        {
            "matrix": [
                0.9998806118965148,
                0.003559694392606616,
                -0.01502082496881485,
                0.0,
                0.01385173574090004,
                0.22263868153095249,
                0.9747641682624816,
                0.0,
                0.006813680287450552,
                -0.9748558402061462,
                0.22256271541118625,
                0.0,
                0.0,
                0.7719370126724243,
                -0.0,
                1.0
            ],
            "name": "L_thumb_02_s"
        },
        {
            "children": [
                61
            ],
            "matrix": [
                -0.999503254890442,
                -0.01963903941214085,
                -0.02081260271370411,
                0.0,
                -0.0010913603473454714,
                0.7529606819152832,
                -0.6580486297607422,
                0.0,
                0.02859485894441605,
                -0.6577563285827637,
                -0.7525867223739624,
                0.0,
                -0.017903000116348268,
                0.8726289868354797,
                0.24237899482250217,
                1.0
            ],
            "name": "L_index_01_s"
        },
        {
            "matrix": [
                0.9883843660354614,
                -0.03537094220519066,
                0.14779533445835114,
                0.0,
                -0.12299206852912904,
                0.3850834965705872,
                0.9146124124526978,
                0.0,
                -0.08926104754209519,
                -0.9221670627593994,
                0.37626051902771,
                0.0,
                0.0,
                0.7188059687614441,
                -0.0,
                1.0
            ],
            "name": "L_index_02_s"
        },
        {
            "matrix": [
                0.955125331878662,
                0.0,
                0.29620248079299929,
                0.0,
                -0.0,
                1.0,
                0.0,
                0.0,
                -0.29620248079299929,
                -0.0,
                0.955125331878662,
                0.0,
                0.0,
                0.4990670084953308,
                -0.0,
                1.0
            ],
            "name": "L_forearm_twist_s"
        },
        {
            "children": [
                64
            ],
            "translation": [
                0.0,
                1.4483020305633546,
                -0.3144850134849549
            ],
            "rotation": [
                0.100056029856205,
                0.007597245741635561,
                0.01067305263131857,
                -0.9948954582214356
            ],
            "scale": [
                0.9999997615814208,
                0.9999995231628418,
                0.9999999403953552
            ],
            "name": "neck_s"
        },
        {
            "children": [
                73,
                72,
                69,
                66,
                65
            ],
            "translation": [
                0.0,
                1.9437599182128909,
                0.09655799716711045
            ],
            "rotation": [
                0.04382889345288277,
                0.1369307041168213,
                -0.03035727515816689,
                -0.989144206047058
            ],
            "scale": [
                0.9999980330467224,
                0.9999997615814208,
                0.9999976754188538
            ],
            "name": "head_s"
        },
        {
            "matrix": [
                1.0,
                0.0,
                0.0,
                0.0,
                0.0,
                1.0,
                0.0,
                0.0,
                0.0,
                0.0,
                1.0,
                0.0,
                -0.0,
                0.4075999855995178,
                0.22648100554943088,
                1.0
            ],
            "name": "glasses_s"
        },
        {
            "children": [
                68,
                67
            ],
            "matrix": [
                0.0,
                0.0,
                0.0,
                0.0,
                0.0,
                0.0,
                0.0,
                0.0,
                0.0,
                0.0,
                0.0,
                0.0,
                -0.0,
                -1.6555699110031129,
                -0.5341759920120239,
                1.0
            ],
            "name": "hat_s"
        },
        {
            "translation": [
                0.07885400205850601,
                8.138046264648438,
                -0.6902430057525635
            ],
            "rotation": [
                0.5,
                0.0,
                0.0,
                -0.0
            ],
            "scale": [
                0.0,
                0.0,
                0.0
            ],
            "name": "hatMouth_s"
        },
        {
            "translation": [
                0.07885400205850601,
                8.138046264648438,
                -0.6902430057525635
            ],
            "rotation": [
                0.5,
                0.0,
                0.0,
                -0.0
            ],
            "scale": [
                0.0,
                0.0,
                0.0
            ],
            "name": "hair_s"
        },
        {
            "children": [
                70
            ],
            "matrix": [
                0.5441787242889404,
                -0.8353093862533569,
                -0.07813422381877899,
                0.0,
                0.7990145683288574,
                0.5444136261940002,
                -0.255281537771225,
                0.0,
                0.25578051805496218,
                0.07648404687643051,
                0.9637032151222228,
                0.0,
                1.1442639827728272,
                0.4900589883327484,
                -1.2492810487747193,
                1.0
            ],
            "name": "hair_01_s"
        },
        {
            "children": [
                71
            ],
            "matrix": [
                0.992345690727234,
                0.07990704476833344,
                -0.09414876252412796,
                0.0,
                -0.07997086644172669,
                0.9967924356460572,
                0.003101218957453966,
                0.0,
                0.09409460425376892,
                0.004451953805983067,
                0.9955532550811768,
                0.0,
                0.966579020023346,
                -0.0,
                0.0,
                1.0
            ],
            "name": "hair_02_s"
        },
        {
            "matrix": [
                0.9848144054412842,
                0.0,
                -0.17361092567443849,
                0.0,
                0.0,
                1.0,
                0.0,
                0.0,
                0.17361092567443849,
                0.0,
                0.9848144054412842,
                0.0,
                1.1349730491638184,
                -0.0,
                -0.0,
                1.0
            ],
            "name": "hair_03_s"
        },
        {
            "matrix": [
                0.93047297000885,
                -0.23884424567222596,
                0.27780064940452578,
                0.0,
                -0.22221463918685914,
                -0.9707857370376588,
                -0.0903712660074234,
                0.0,
                0.29127344489097597,
                0.02235613390803337,
                -0.9563630223274232,
                0.0,
                -0.7037420272827148,
                1.0004550218582154,
                1.8511550426483157,
                1.0
            ],
            "name": "R_eyebrow_s"
        },
        {
            "matrix": [
                0.93047297000885,
                0.23884424567222596,
                -0.27780064940452578,
                0.0,
                -0.22221463918685914,
                0.9708003401756288,
                0.0903712660074234,
                0.0,
                0.29127344489097597,
                -0.02235613390803337,
                0.9563776850700378,
                0.0,
                0.7037420272827148,
                1.0004240274429322,
                1.8511580228805545,
                1.0
            ],
            "name": "L_eyebrow_s"
        }
    ],
    "meshes": [
        {
            "primitives": [
                {
                    "attributes": {
                        "JOINTS_0": 1,
                        "NORMAL": 2,
                        "POSITION": 3,
                        "WEIGHTS_0": 4
                    },
                    "indices": 0,
                    "mode": 4,
                    "material": 0
                }
            ],
            "name": "transform_shoulder_geo-mesh"
        },
        {
            "primitives": [
                {
                    "attributes": {
                        "JOINTS_0": 6,
                        "NORMAL": 7,
                        "POSITION": 8,
                        "WEIGHTS_0": 9
                    },
                    "indices": 5,
                    "mode": 4,
                    "material": 0
                }
            ],
            "name": "transform_vine3_GEO-mesh"
        },
        {
            "primitives": [
                {
                    "attributes": {
                        "JOINTS_0": 11,
                        "NORMAL": 12,
                        "POSITION": 13,
                        "WEIGHTS_0": 14
                    },
                    "indices": 10,
                    "mode": 4,
                    "material": 0
                }
            ],
            "name": "transform_vine2_GEO-mesh"
        },
        {
            "primitives": [
                {
                    "attributes": {
                        "JOINTS_0": 16,
                        "NORMAL": 17,
                        "POSITION": 18,
                        "WEIGHTS_0": 19
                    },
                    "indices": 15,
                    "mode": 4,
                    "material": 0
                }
            ],
            "name": "transform_vine1_GEO-mesh"
        },
        {
            "primitives": [
                {
                    "attributes": {
                        "JOINTS_0": 21,
                        "NORMAL": 22,
                        "POSITION": 23,
                        "WEIGHTS_0": 24
                    },
                    "indices": 20,
                    "mode": 4,
                    "material": 0
                },
                {
                    "attributes": {
                        "JOINTS_0": 26,
                        "NORMAL": 27,
                        "POSITION": 28,
                        "WEIGHTS_0": 29
                    },
                    "indices": 25,
                    "mode": 4,
                    "material": 1
                }
            ],
            "name": "transform_hair_GEO-mesh"
        },
        {
            "primitives": [
                {
                    "attributes": {
                        "JOINTS_0": 31,
                        "NORMAL": 32,
                        "POSITION": 33,
                        "WEIGHTS_0": 34
                    },
                    "indices": 30,
                    "mode": 4,
                    "material": 0
                }
            ],
            "name": "transform_hat_GEO-mesh"
        },
        {
            "primitives": [
                {
                    "attributes": {
                        "JOINTS_0": 36,
                        "NORMAL": 37,
                        "POSITION": 38,
                        "WEIGHTS_0": 39
                    },
                    "indices": 35,
                    "mode": 4,
                    "material": 2
                }
            ],
            "name": "bag_straps_geo-mesh"
        },
        {
            "primitives": [
                {
                    "attributes": {
                        "JOINTS_0": 41,
                        "NORMAL": 42,
                        "POSITION": 43,
                        "WEIGHTS_0": 44
                    },
                    "indices": 40,
                    "mode": 4,
                    "material": 2
                }
            ],
            "name": "hair_bunch_geo-mesh"
        },
        {
            "primitives": [
                {
                    "attributes": {
                        "JOINTS_0": 46,
                        "NORMAL": 47,
                        "POSITION": 48,
                        "WEIGHTS_0": 49
                    },
                    "indices": 45,
                    "mode": 4,
                    "material": 2
                }
            ],
            "name": "hair_geo-mesh"
        },
        {
            "primitives": [
                {
                    "attributes": {
                        "JOINTS_0": 51,
                        "NORMAL": 52,
                        "POSITION": 53,
                        "WEIGHTS_0": 54
                    },
                    "indices": 50,
                    "mode": 4,
                    "material": 2
                }
            ],
            "name": "gloves_geo-mesh"
        },
        {
            "primitives": [
                {
                    "attributes": {
                        "JOINTS_0": 56,
                        "NORMAL": 57,
                        "POSITION": 58,
                        "WEIGHTS_0": 59
                    },
                    "indices": 55,
                    "mode": 4,
                    "material": 2
                }
            ],
            "name": "eyebrows_geo-mesh"
        },
        {
            "primitives": [
                {
                    "attributes": {
                        "JOINTS_0": 61,
                        "NORMAL": 62,
                        "POSITION": 63,
                        "WEIGHTS_0": 64
                    },
                    "indices": 60,
                    "mode": 4,
                    "material": 2
                }
            ],
            "name": "plant_pot_geo-mesh"
        },
        {
            "primitives": [
                {
                    "attributes": {
                        "JOINTS_0": 66,
