{
    "asset": {
        "generator": "COLLADA2GLTF",
        "version": "2.0"
    },
    "scenes": [
        {
            "nodes": [
                0
            ]
        }
    ],
    "scene": 0,
    "nodes": [
        {
            "children": [
                1
            ],
            "name": "Y_UP"
        },
        {
            "children": [
                19,
                2
            ],
            "name": "CHARACTER"
        },
        {
            "children": [
                18,
                17,
                16,
                15,
                14,
                13,
                12,
                11,
                10,
                3
            ],
            "name": "geoGrp"
        },
        {
            "children": [
                9,
                8,
                7,
                6,
                5,
                4
            ],
            "name": "transformGrp"
        },
        {
            "mesh": 0,
            "skin": 0,
            "name": "transform_shoulder_geo"
        },
        {
            "mesh": 1,
            "skin": 1,
            "name": "transform_vine3_GEO"
        },
        {
            "mesh": 2,
            "skin": 2,
            "name": "transform_vine2_GEO"
        },
        {
            "mesh": 3,
            "skin": 3,
            "name": "transform_vine1_GEO"
        },
        {
            "mesh": 4,
            "skin": 4,
            "name": "transform_hair_GEO"
        },
        {
            "mesh": 5,
            "skin": 5,
            "name": "transform_hat_GEO"
        },
        {
            "mesh": 6,
            "skin": 6,
            "name": "bag_straps_geo"
        },
        {
            "mesh": 7,
            "skin": 7,
            "name": "hair_bunch_geo"
        },
        {
            "mesh": 8,
            "skin": 8,
            "name": "hair_geo"
        },
        {
            "mesh": 9,
            "skin": 9,
            "name": "gloves_geo"
        },
        {
            "mesh": 10,
            "skin": 10,
            "name": "eyebrows_geo"
        },
        {
            "mesh": 11,
            "skin": 11,
            "name": "plant_pot_geo"
        },
        {
            "mesh": 12,
            "skin": 12,
            "name": "plant_geo"
        },
        {
            "mesh": 13,
            "skin": 13,
            "name": "glasses_geo"
        },
        {
            "mesh": 14,
            "skin": 14,
            "name": "base_geo"
        },
        {
            "children": [
                20
            ],
            "name": "Root"
        },
        {
            "children": [
                32,
                27,
                21
            ],
            "translation": [
                -0.0,
                4.636088848114014,
                -0.8743999600410461
            ],
            "rotation": [
                -0.04235263913869858,
                0.05357900634407997,
                0.002276031766086817,
                -0.9976623058319092
            ],
            "scale": [
                0.9999997615814208,
                1.0,
                0.9999990463256836
            ],
            "name": "hips_s"
        },
        {
            "children": [
                23,
                22
            ],
            "translation": [
                -0.9788079857826232,
                -0.11424800008535384,
                0.0
            ],
            "rotation": [
                0.02168438956141472,
                0.9607877135276794,
                0.2699321508407593,
                -0.05951673164963722
            ],
            "scale": [
                0.9999778866767884,
                0.9999982118606569,
                0.9999794363975524
            ],
            "name": "R_upperLeg_s"
        },
        {
            "matrix": [
                0.0,
                0.0,
                0.0,
                0.0,
                0.0,
                0.0,
                0.0,
                0.0,
                0.0,
                0.0,
                0.0,
                0.0,
                -0.07104100286960602,
                -0.6918579936027527,
                0.02558699995279312,
                1.0
            ],
            "name": "upper_leg_vine_s"
        },
        {
            "children": [
                25,
                24
            ],
            "translation": [
                0.0,
                -2.445122003555298,
                -0.0
            ],
            "rotation": [
                0.6481686234474182,
                -0.0,
                -0.0,
                -0.761475145816803
            ],
            "scale": [
                1.0,
                0.9999616742134094,
                0.9999616742134094
            ],
            "name": "R_lowerLeg_s"
        },
        {
            "matrix": [
                0.0,
                0.0,
                0.0,
                0.0,
                0.0,
                0.0,
                0.0,
                0.0,
                0.0,
                0.0,
                0.0,
                0.0,
                -0.03477500006556511,
                -1.2089229822158814,
                0.14987200498580934,
                1.0
            ],
            "name": "R_leg_vine_s"
        },
        {
            "children": [
                26
            ],
            "translation": [
                0.0,
                -2.02203106880188,
                -0.0
            ],
            "rotation": [
                0.010088625364005566,
                0.11549630761146546,
                0.9932066798210144,
                0.007966320961713791
            ],
            "scale": [
                0.9999279379844666,
                0.9999291896820068,
                0.9999995231628418
            ],
            "name": "R_ankle_s"
        },
        {
            "matrix": [
                -0.9998739361763,
                -0.000007377473593805917,
                0.011151873506605626,
                0.0,
                0.011084563098847866,
                -0.11032834649086,
                0.9937978386878968,
                0.0,
                0.0012234322493895889,
                0.9938596487045288,
                0.11038568615913393,
                0.0,
                -0.0019389999797567728,
                0.29927799105644228,
                -0.9580659866333008,
                1.0
            ],
            "name": "R_toes_s"
        },
        {
            "children": [
                28
            ],
            "translation": [
                0.9788079857826232,
                -0.1142439991235733,
                -0.0
            ],
            "rotation": [
                0.0588708259165287,
                0.3548242747783661,
                0.9330440163612366,
                -0.00492127425968647
            ],
            "scale": [
                0.9999231696128844,
                0.9999321699142456,
                0.9999902248382568
            ],
            "name": "L_upperLeg_s"
        },
        {
            "children": [
                30,
                29
            ],
            "translation": [
                0.0,
                2.4451260566711427,
                0.0
            ],
            "rotation": [
                0.2219499945640564,
                -0.0,
                -0.0,
                -0.9750580787658693
            ],
            "scale": [
                1.0,
                1.0000001192092896,
                1.0000001192092896
            ],
            "name": "L_lowerLeg_s"
        },
        {
            "matrix": [
                0.0,
                0.0,
                0.0,
                0.0,
                0.0,
                0.0,
                0.0,
                0.0,
                0.0,
                0.0,
                0.0,
                0.0,
                0.03477400168776512,
                1.2089240550994874,
                -0.14987100660800937,
                1.0
            ],
            "name": "L_leg_vine_s"
        },
        {
            "children": [
                31
            ],
            "translation": [
                -0.0,
                2.02203106880188,
                -0.0
            ],
            "rotation": [
                -0.002245334442704916,
                -0.09430401772260666,
                0.9954212307929992,
                -0.014917631633579733
            ],
            "scale": [
                0.9999687671661376,
                0.9999685287475586,
                0.999999701976776
            ],
            "name": "L_ankle_s"
        },
        {
            "matrix": [
                -0.9998739361763,
                -0.000007377473593805917,
                0.011151873506605626,
                0.0,
                0.011084563098847866,
                -0.11032834649086,
                0.9937978386878968,
                0.0,
                0.0012234322493895889,
                0.9938596487045288,
                0.11038568615913393,
                0.0,
                0.0019389999797567728,
                -0.29927799105644228,
                0.9580659866333008,
                1.0
            ],
            "name": "L_toes_s"
        },
        {
            "children": [
                33
            ],
            "translation": [
                -0.006581000052392483,
                0.4265730082988739,
                0.021119000390172009
            ],
            "rotation": [
                -0.006028495728969574,
                -0.0001845457882154733,
                -0.010765168815851212,
                -0.999923825263977
            ],
            "scale": [
                0.9999998807907105,
                0.9999998807907105,
                1.0000001192092896
            ],
            "name": "spine_lower_s"
        },
        {
            "children": [
                34
            ],
            "translation": [
                -0.000004999999873689376,
                0.47731098532676699,
                0.016130000352859498
            ],
            "rotation": [
                -0.05597895756363869,
                5.24797261203247e-10,
                0.02002323791384697,
                -0.9982311129570008
            ],
            "scale": [
                0.9999995827674866,
                0.9999998211860656,
                1.0000003576278689
            ],
            "name": "spine_mid_s"
        },
        {
            "children": [
                35
            ],
            "translation": [
                -0.00009699999645818024,
                0.48146098852157595,
                0.0028299998957663776
            ],
            "rotation": [
                -0.07086560130119324,
                0.001599396811798215,
                0.026789899915456773,
                -0.99712473154068
            ],
            "scale": [
                0.9999996423721314,
                1.0,
                0.9999998211860656
            ],
            "name": "spine_upper_s"
        },
        {
            "children": [
                63,
                52,
                47,
                36
            ],
            "translation": [
                0.0011709999525919557,
                0.4354180097579956,
                0.006525000091642141
            ],
            "rotation": [
                -0.06117701902985573,
                -0.1626773178577423,
                0.01018078811466694,
                -0.98472797870636
            ],
            "scale": [
                0.9999986290931702,
                0.9999998807907105,
                0.9999991059303284
            ],
            "name": "chest_s"
        },
        {
            "children": [
                38,
                37
            ],
            "translation": [
                -0.20061400532722474,
                0.9427459836006165,
                0.191881999373436
            ],
            "rotation": [
                0.989023506641388,
                -0.1389339119195938,
                -0.04096965491771698,
                -0.02854342572391033
            ],
            "scale": [
                0.9999985694885254,
                0.9999284148216248,
                0.9999266266822816
            ],
            "name": "R_clavicle_s"
        },
        {
            "matrix": [
                0.0,
                0.0,
                0.0,
                0.0,
                0.0,
                0.0,
                0.0,
                0.0,
                0.0,
                0.0,
                0.0,
                0.0,
                -1.7993860244750977,
                -0.4309619963169098,
                0.6159840226173401,
                1.0
            ],
            "name": "R_shoulderPad_s"
        },
        {
            "children": [
                39
            ],
            "translation": [
                -1.2354660034179688,
                0.0,
                0.6647909879684448
            ],
            "rotation": [
                0.7046350836753845,
                0.5108595490455627,
                0.3536863327026367,
                0.342582643032074
            ],
            "scale": [
                0.9999572038650512,
                0.9999316334724426,
                0.9999170303344728
            ],
            "name": "R_shoulder_s"
        },
        {
            "children": [
                46,
                41,
                40
            ],
            "translation": [
                0.0,
                -2.222354888916016,
                0.0
            ],
            "rotation": [
                -0.07344717532396317,
                0.03398621454834938,
                0.6982095241546631,
                -0.711276650428772
            ],
            "scale": [
                0.9999602437019348,
                0.9999603033065796,
                0.999999225139618
            ],
            "name": "R_elbow_s"
        },
        {
            "translation": [
                -0.12694700062274934,
                -0.8553079962730408,
                -0.08198399841785431
            ],
            "rotation": [
                0.5,
                0.0,
                0.0,
                -0.0
            ],
            "scale": [
                0.0,
                0.0,
                0.0
            ],
            "name": "R_vine_s"
        },
        {
            "children": [
                44,
                42
            ],
            "translation": [
                -0.0,
                -1.4972020387649537,
                0.0
            ],
            "rotation": [
                0.10897514969110488,
                0.39791470766067507,
                0.13056719303131104,
                -0.901520311832428
            ],
            "scale": [
                0.999997854232788,
                0.9999991655349731,
                0.99999737739563
            ],
            "name": "R_wrist_s"
        },
        {
            "children": [
                43
            ],
            "matrix": [
                0.030453674495220186,
                0.6392373442649841,
                0.7683621048927307,
                0.0,
                0.1659696102142334,
                0.7548502087593079,
                -0.634537935256958,
                0.0,
                -0.9856266379356384,
                0.14683182537555698,
                -0.0831015408039093,
                0.0,
                -0.7145980000495911,
                -0.1560740023851395,
                -0.17039300501346589,
                1.0
            ],
            "name": "R_thumb_01_s"
        },
        {
            "matrix": [
                0.99988055229187,
                0.0035596939269453289,
                -0.015020824037492276,
                0.0,
                0.013851732015609742,
                0.22263860702514649,
                0.9747639298439026,
                0.0,
                0.006813677959144116,
                -0.9748554825782776,
                0.22256265580654145,
                0.0,
                -0.0,
                -0.7719449996948242,
                0.0,
                1.0
            ],
            "name": "R_thumb_02_s"
        },
        {
            "children": [
                45
            ],
            "matrix": [
                -0.9995034337043762,
                -0.019639043137431146,
                -0.02081260457634926,
                0.0,
                -0.001091360580176115,
                0.7529608607292175,
                -0.6580487489700317,
                0.0,
                0.02859484776854515,
                -0.6577560901641846,
                -0.7525864243507385,
                0.0,
                0.017903000116348268,
                -0.8726230263710022,
                -0.2423750013113022,
                1.0
            ],
            "name": "R_index_01_s"
        },
        {
            "matrix": [
                0.9883849620819092,
                -0.03537535667419434,
                0.14779704809188844,
                0.0,
                -0.12299641221761704,
                0.38501518964767458,
                0.914663016796112,
                0.0,
                -0.08925940096378327,
                -0.922217845916748,
                0.37619227170944216,
                0.0,
                0.0,
                -0.7188119888305664,
                0.0,
                1.0
            ],
            "name": "R_index_02_s"
        },
        {
            "translation": [
                0.0,
                -0.4990670084953308,
                0.0
            ],
            "rotation": [
                -0.0,
                0.11097470670938492,
                -0.0,
                -0.9938231706619264
            ],
            "scale": [
                0.9999998211860656,
                1.0,
                0.9999998211860656
            ],
            "name": "R_forearm_twist_s"
        },
        {
            "children": [
                48
            ],
            "translation": [
                -0.2393530011177063,
                0.2356089949607849,
                -1.7053420543670657
            ],
            "rotation": [
                0.3581978678703308,
                -0.026912514120340349,
                0.0003075706772506237,
                -0.9332538843154908
            ],
            "scale": [
                0.9999998807907105,
                0.999987781047821,
                0.999987542629242
            ],
            "name": "back_item_01_s"
        },
        {
            "children": [
                49
            ],
            "matrix": [
                0.9999990463256836,
                0.0009842293802648785,
                -0.000004843797796638683,
                0.0,
                -0.000984230195172131,
                0.999951422214508,
                -0.009842301718890669,
                0.0,
                -0.000004843799160880735,
                0.00984229613095522,
                0.9999513626098632,
                0.0,
                0.24444499611854554,
                0.6522840261459351,
                -1.673688054084778,
                1.0
            ],
            "name": "back_item_02_s"
        },
        {
            "children": [
                50
            ],
            "matrix": [
                0.9998877048492432,
                0.01486943569034338,
                -0.0019249848555773497,
                0.0,
                -0.014987923204898836,
                0.9947493672370912,
                -0.10123594850301744,
                0.0,
                0.00040954144787974656,
                0.1012534648180008,
                0.9948606491088868,
                0.0,
                -0.01019699964672327,
                0.6383479833602905,
                -0.08063499629497528,
                1.0
            ],
            "name": "back_item_03_s"
        },
        {
            "children": [
                51
            ],
            "matrix": [
                0.9993366599082948,
                -0.03543339669704437,
                -0.008403579704463482,
                0.0,
                0.03569700941443443,
                0.9075220823287964,
                0.418480783700943,
                0.0,
                -0.007202050648629665,
                -0.4185030460357666,
                0.9081845879554749,
                0.0,
                0.009651999920606614,
                0.5364329814910889,
                0.11303699761629105,
                1.0
            ],
            "name": "back_item_04_s"
        },
        {
            "matrix": [
                0.9997982382774352,
                0.02010713890194893,
                -0.00005836402851855382,
                0.0,
                -0.019881809130311017,
                0.98815256357193,
                -0.15218129754066468,
                0.0,
                -0.003002334851771593,
                0.1521517038345337,
                0.9883525371551514,
                0.0,
                0.00007200000254670158,
                0.5959129929542542,
                0.011536000296473505,
                1.0
            ],
            "name": "back_item_05_s"
        },
        {
            "children": [
                54,
                53
            ],
            "translation": [
                0.20061400532722474,
                0.9427449703216552,
                0.191881999373436
            ],
            "rotation": [
                0.026513224467635156,
                0.07794030010700226,
                -0.10869809985160828,
                -0.9906597137451172
            ],
            "scale": [
                0.999999701976776,
                0.9999991059303284,
                0.9999995827674866
            ],
            "name": "L_clavicle_s"
        },
        {
            "matrix": [
                0.0,
                0.0,
                0.0,
                0.0,
                0.0,
                0.0,
                0.0,
                0.0,
                0.0,
                0.0,
                0.0,
                0.0,
                1.7993860244750977,
                0.43096300959587099,
                -0.6159840226173401,
                1.0
            ],
            "name": "L_shoulderPad_s"
        },
        {
            "children": [
                55
            ],
            "translation": [
                1.2354689836502076,
                -0.0,
                -0.6647909879684448
            ],
            "rotation": [
                0.7464659214019775,
                0.3689423203468323,
                0.5509372353553772,
                0.05554903298616409
            ],
            "scale": [
                0.9999539256095886,
                0.9999096989631652,
                0.999926745891571
            ],
            "name": "L_shoulder_s"
        },
        {
            "children": [
                62,
                57,
                56
            ],
            "translation": [
                -0.0,
                2.22235107421875,
                -0.0
            ],
            "rotation": [
                -0.00529024749994278,
                -0.002060735365375877,
                0.4714778959751129,
                -0.881853461265564
            ],
            "scale": [
                0.9999830722808838,
                0.999983251094818,
                0.9999999403953552
            ],
            "name": "L_elbow_s"
        },
        {
            "translation": [
                0.1296910047531128,
                0.855309009552002,
                0.07756699621677399
            ],
            "rotation": [
                0.5,
                0.0,
                0.0,
                -0.0
            ],
            "scale": [
                0.0,
                0.0,
                0.0
            ],
            "name": "L_vine_s"
        },
        {
            "children": [
                60,
                58
            ],
            "translation": [
                0.0,
                1.4972009658813477,
                0.0
            ],
            "rotation": [
                0.0700027197599411,
                0.2261248528957367,
                0.1194598376750946,
                -0.9642050862312316
            ],
            "scale": [
                0.9999913573265076,
                0.9999969601631165,
                0.9999925494194032
            ],
            "name": "L_wrist_s"
        },
        {
            "children": [
                59
            ],
            "matrix": [
                0.03045367076992989,
                0.6392372846603394,
                0.7683619260787964,
                0.0,
                0.165969654917717,
                0.754850447177887,
                -0.6345380544662476,
                0.0,
                -0.9856266379356384,
                0.14683182537555698,
                -0.0831015408039093,
                0.0,
                0.7145980000495911,
                0.1560799926519394,
                0.1703909933567047,
                1.0
            ],
            "name": "L_thumb_01_s"
        },
        {
            "matrix": [
                0.9998806118965148,
                0.003559694392606616,
                -0.01502082496881485,
                0.0,
                0.01385173574090004,
                0.22263868153095249,
                0.9747641682624816,
                0.0,
                0.006813680287450552,
                -0.9748558402061462,
                0.22256271541118625,
                0.0,
                0.0,
                0.7719370126724243,
                0.0,
                1.0
            ],
            "name": "L_thumb_02_s"
        },
        {
            "children": [
                61
            ],
            "matrix": [
                -0.999503254890442,
                -0.01963903941214085,
                -0.02081260271370411,
                0.0,
                -0.0010913603473454714,
                0.7529606819152832,
                -0.6580486297607422,
                0.0,
                0.02859485894441605,
                -0.6577563285827637,
                -0.7525867223739624,
                0.0,
                -0.017903000116348268,
                0.8726289868354797,
                0.24237899482250217,
                1.0
            ],
            "name": "L_index_01_s"
        },
        {
            "matrix": [
                0.9883843660354614,
                -0.03537094220519066,
                0.14779533445835114,
                0.0,
                -0.12299206852912904,
                0.3850834965705872,
                0.9146124124526978,
                0.0,
                -0.08926104754209519,
                -0.9221670627593994,
                0.37626051902771,
                0.0,
                0.0,
                0.7188059687614441,
                -0.0,
                1.0
            ],
            "name": "L_index_02_s"
        },
        {
            "translation": [
                0.0,
                0.4990670084953308,
                0.0
            ],
            "rotation": [
                -0.0,
                0.0938415378332138,
                -0.0,
                -0.9955870509147644
            ],
            "scale": [
                0.9999995827674866,
                1.0,
                0.9999995827674866
            ],
            "name": "L_forearm_twist_s"
        },
        {
            "children": [
                64
            ],
            "translation": [
                0.0,
                1.4483020305633546,
                -0.3144850134849549
            ],
            "rotation": [
                0.063453309237957,
                0.09128911793231964,
                -0.03992360457777977,
                -0.992998480796814
            ],
            "scale": [
                0.9999999403953552,
                0.9999998211860656,
                0.9999998211860656
            ],
            "name": "neck_s"
        },
        {
            "children": [
                73,
                72,
                69,
                66,
                65
            ],
            "translation": [
                0.0,
                1.9437599182128909,
                0.09655799716711045
            ],
            "rotation": [
                0.1454528272151947,
                -0.027589594945311548,
                -0.015993967652320867,
                -0.9888508319854736
            ],
            "scale": [
                1.0,
                0.9999989867210388,
                0.9999989867210388
            ],
            "name": "head_s"
        },
        {
            "matrix": [
                1.0,
                0.0,
                0.0,
                0.0,
                0.0,
                1.0,
                0.0,
                0.0,
                0.0,
                0.0,
                1.0,
                0.0,
                -0.0,
                0.4075999855995178,
                0.22648100554943088,
                1.0
            ],
            "name": "glasses_s"
        },
        {
            "children": [
                68,
                67
            ],
            "matrix": [
                0.0,
                0.0,
                0.0,
                0.0,
                0.0,
                0.0,
                0.0,
                0.0,
                0.0,
                0.0,
                0.0,
                0.0,
                -0.0,
                -1.6555699110031129,
                -0.5341759920120239,
                1.0
            ],
            "name": "hat_s"
        },
        {
            "translation": [
                0.07125800102949143,
                8.007965087890625,
                0.027811000123620034
            ],
            "rotation": [
                0.5,
                0.0,
                0.0,
                -0.0
            ],
            "scale": [
                0.0,
                0.0,
                0.0
            ],
            "name": "hatMouth_s"
        },
        {
            "translation": [
                0.07125800102949143,
                8.007965087890625,
                0.027811000123620034
            ],
            "rotation": [
                0.5,
                0.0,
                0.0,
                -0.0
            ],
            "scale": [
                0.0,
                0.0,
                0.0
            ],
            "name": "hair_s"
        },
        {
            "children": [
                70
            ],
            "matrix": [
                0.5441787242889404,
                -0.8353093862533569,
                -0.07813422381877899,
                0.0,
                0.7990145683288574,
                0.5444136261940002,
                -0.255281537771225,
                0.0,
                0.25578051805496218,
                0.07648404687643051,
                0.9637032151222228,
                0.0,
                1.1442639827728272,
                0.4900589883327484,
                -1.2492810487747193,
                1.0
            ],
            "name": "hair_01_s"
        },
        {
            "children": [
                71
            ],
            "matrix": [
                0.992345690727234,
                0.07990704476833344,
                -0.09414876252412796,
                0.0,
                -0.07997086644172669,
                0.9967924356460572,
                0.003101218957453966,
                0.0,
                0.09409460425376892,
                0.004451953805983067,
                0.9955532550811768,
                0.0,
                0.966579020023346,
                -0.0,
                0.0,
                1.0
            ],
            "name": "hair_02_s"
        },
        {
            "matrix": [
                0.9848144054412842,
                0.0,
                -0.17361092567443849,
                0.0,
                0.0,
                1.0,
                0.0,
                0.0,
                0.17361092567443849,
                0.0,
                0.9848144054412842,
                0.0,
                1.1349730491638184,
                -0.0,
                -0.0,
                1.0
            ],
            "name": "hair_03_s"
        },
        {
            "matrix": [
                0.93047297000885,
                -0.23884424567222596,
                0.27780064940452578,
                0.0,
                -0.22221463918685914,
                -0.9707857370376588,
                -0.0903712660074234,
                0.0,
                0.29127344489097597,
                0.02235613390803337,
                -0.9563630223274232,
                0.0,
                -0.7037420272827148,
                1.0004550218582154,
                1.8511550426483157,
                1.0
            ],
            "name": "R_eyebrow_s"
        },
        {
            "matrix": [
                0.93047297000885,
                0.23884424567222596,
                -0.27780064940452578,
                0.0,
                -0.22221463918685914,
                0.9708003401756288,
                0.0903712660074234,
                0.0,
                0.29127344489097597,
                -0.02235613390803337,
                0.9563776850700378,
                0.0,
                0.7037420272827148,
                1.0004240274429322,
                1.8511580228805545,
                1.0
            ],
            "name": "L_eyebrow_s"
        }
    ],
    "meshes": [
        {
            "primitives": [
                {
                    "attributes": {
                        "JOINTS_0": 1,
                        "NORMAL": 2,
                        "POSITION": 3,
                        "WEIGHTS_0": 4
                    },
                    "indices": 0,
                    "mode": 4,
                    "material": 0
                }
            ],
            "name": "transform_shoulder_geo-mesh"
        },
        {
            "primitives": [
                {
                    "attributes": {
                        "JOINTS_0": 6,
                        "NORMAL": 7,
                        "POSITION": 8,
                        "WEIGHTS_0": 9
                    },
                    "indices": 5,
                    "mode": 4,
                    "material": 0
                }
            ],
            "name": "transform_vine3_GEO-mesh"
        },
        {
            "primitives": [
                {
                    "attributes": {
                        "JOINTS_0": 11,
                        "NORMAL": 12,
                        "POSITION": 13,
                        "WEIGHTS_0": 14
                    },
                    "indices": 10,
                    "mode": 4,
                    "material": 0
                }
            ],
            "name": "transform_vine2_GEO-mesh"
        },
        {
            "primitives": [
                {
                    "attributes": {
                        "JOINTS_0": 16,
                        "NORMAL": 17,
                        "POSITION": 18,
                        "WEIGHTS_0": 19
                    },
                    "indices": 15,
                    "mode": 4,
                    "material": 0
                }
            ],
            "name": "transform_vine1_GEO-mesh"
        },
        {
            "primitives": [
                {
                    "attributes": {
                        "JOINTS_0": 21,
                        "NORMAL": 22,
                        "POSITION": 23,
                        "WEIGHTS_0": 24
                    },
                    "indices": 20,
                    "mode": 4,
                    "material": 0
                },
                {
                    "attributes": {
                        "JOINTS_0": 26,
                        "NORMAL": 27,
                        "POSITION": 28,
                        "WEIGHTS_0": 29
                    },
                    "indices": 25,
                    "mode": 4,
                    "material": 1
                }
            ],
            "name": "transform_hair_GEO-mesh"
        },
        {
            "primitives": [
                {
                    "attributes": {
                        "JOINTS_0": 31,
                        "NORMAL": 32,
                        "POSITION": 33,
                        "WEIGHTS_0": 34
                    },
                    "indices": 30,
                    "mode": 4,
                    "material": 0
                }
            ],
            "name": "transform_hat_GEO-mesh"
        },
        {
            "primitives": [
                {
                    "attributes": {
                        "JOINTS_0": 36,
                        "NORMAL": 37,
                        "POSITION": 38,
                        "WEIGHTS_0": 39
                    },
                    "indices": 35,
                    "mode": 4,
                    "material": 2
                }
            ],
            "name": "bag_straps_geo-mesh"
        },
        {
            "primitives": [
                {
                    "attributes": {
                        "JOINTS_0": 41,
                        "NORMAL": 42,
                        "POSITION": 43,
                        "WEIGHTS_0": 44
                    },
                    "indices": 40,
                    "mode": 4,
                    "material": 2
                }
            ],
            "name": "hair_bunch_geo-mesh"
        },
        {
            "primitives": [
                {
                    "attributes": {
                        "JOINTS_0": 46,
                        "NORMAL": 47,
                        "POSITION": 48,
                        "WEIGHTS_0": 49
                    },
                    "indices": 45,
                    "mode": 4,
                    "material": 2
                }
            ],
            "name": "hair_geo-mesh"
        },
        {
            "primitives": [
                {
                    "attributes": {
                        "JOINTS_0": 51,
                        "NORMAL": 52,
                        "POSITION": 53,
                        "WEIGHTS_0": 54
                    },
                    "indices": 50,
                    "mode": 4,
                    "material": 2
                }
            ],
            "name": "gloves_geo-mesh"
        },
        {
            "primitives": [
                {
                    "attributes": {
                        "JOINTS_0": 56,
                        "NORMAL": 57,
                        "POSITION": 58,
                        "WEIGHTS_0": 59
                    },
                    "indices": 55,
                    "mode": 4,
                    "material": 2
                }
            ],
            "name": "eyebrows_geo-mesh"
        },
        {
            "primitives": [
                {
                    "attributes": {
                        "JOINTS_0": 61,
                        "NORMAL": 62,
                        "POSITION": 63,
                        "WEIGHTS_0": 64
                    },
                    "indices": 60,
                    "mode": 4,
                    "material": 2
                }
            ],
            "name": "plant_pot_geo-mesh"
        },
        {
            "primitives": [
                {
                    "attributes": {
                        "JOINTS_0": 66,
                        "NORMAL": 67,
                        "POSITION": 68,
