{
    "asset": {
        "generator": "COLLADA2GLTF",
        "version": "2.0"
    },
    "scenes": [
        {
            "nodes": [
                0
            ]
        }
    ],
    "scene": 0,
    "nodes": [
        {
            "children": [
                1
            ],
            "name": "Y_UP"
        },
        {
            "children": [
                44,
                2
            ],
            "name": "CHARACTER"
        },
        {
            "children": [
                3
            ],
            "name": "Root"
        },
        {
            "children": [
                12,
                8,
                4
            ],
            "translation": [
                0.8357309699058533,
                4.160714149475098,
                0.7358239889144898
            ],
            "rotation": [
                -0.008119991980493069,
                0.0000307574518956244,
                -0.07154204696416855,
                -0.997404396533966
            ],
            "scale": [
                0.9999991059303284,
                0.9999999403953552,
                0.9999997615814208
            ],
            "name": "hips_s"
        },
        {
            "children": [
                5
            ],
            "translation": [
                -1.3253799676895142,
                -0.11859999597072602,
                -0.0
            ],
            "rotation": [
                0.1878084242343903,
                0.8278517127037048,
                -0.32861852645874026,
                0.4139104783535004
            ],
            "scale": [
                0.9998769760131836,
                0.9999781847000122,
                0.9998879432678224
            ],
            "name": "R_upperLeg_s"
        },
        {
            "children": [
                6
            ],
            "translation": [
                0.0,
                -1.4550420045852662,
                -0.0
            ],
            "rotation": [
                0.2332618087530136,
                -0.0,
                -0.0,
                -0.972412407398224
            ],
            "scale": [
                1.0,
                0.9999942183494568,
                0.9999942183494568
            ],
            "name": "R_lowerLeg_s"
        },
        {
            "children": [
                7
            ],
            "translation": [
                -0.0,
                -2.159039974212647,
                0.0
            ],
            "rotation": [
                -0.004705973900854588,
                0.08938273787498474,
                0.995851755142212,
                -0.016517043113708497
            ],
            "scale": [
                1.0000098943710328,
                1.0000096559524537,
                1.0
            ],
            "name": "R_ankle_s"
        },
        {
            "matrix": [
                -0.999897301197052,
                0.00002938834404631052,
                0.009721762500703337,
                0.0,
                0.00963812693953514,
                -0.12789848446846009,
                0.991709291934967,
                0.0,
                0.0012728467117995024,
                0.9917557239532472,
                0.12794724106788636,
                0.0,
                -0.001939999987371266,
                0.4931130111217499,
                -1.3501839637756348,
                1.0
            ],
            "name": "R_toes_s"
        },
        {
            "children": [
                9
            ],
            "translation": [
                1.3253819942474366,
                -0.1186020001769066,
                0.0
            ],
            "rotation": [
                0.1255541443824768,
                -0.1092831939458847,
                0.9833639860153198,
                0.07240433990955353
            ],
            "scale": [
                0.9999093413352966,
                0.9999094605445862,
                0.99999737739563
            ],
            "name": "L_upperLeg_s"
        },
        {
            "children": [
                10
            ],
            "translation": [
                0.0,
                1.5084689855575562,
                0.0
            ],
            "rotation": [
                -0.0,
                -0.0,
                -0.0,
                -1.0
            ],
            "name": "L_lowerLeg_s"
        },
        {
            "children": [
                11
            ],
            "translation": [
                0.0,
                2.238327980041504,
                -0.0
            ],
            "rotation": [
                -0.001476384000852704,
                -0.10716086626052857,
                0.9941293001174928,
                0.013841100968420506
            ],
            "scale": [
                0.9999405741691588,
                0.9999414086341858,
                0.9999991059303284
            ],
            "name": "L_ankle_s"
        },
        {
            "matrix": [
                -0.9998973608016968,
                -0.000016807576685096138,
                0.009762384928762913,
                0.0,
                0.009684321470558644,
                -0.1278984695672989,
                0.9917089343070984,
                0.0,
                0.0012322263792157174,
                0.9917557239532472,
                0.12794721126556397,
                0.0,
                0.0019389999797567728,
                -0.4931130111217499,
                1.3501839637756348,
                1.0
            ],
            "name": "L_toes_s"
        },
        {
            "children": [
                13
            ],
            "translation": [
                -0.009157000109553336,
                0.5857920050621033,
                0.07165300101041794
            ],
            "rotation": [
                -0.03884676471352577,
                0.004921205807477236,
                0.012241494841873646,
                -0.9991580247879028
            ],
            "scale": [
                0.9999996423721314,
                0.9999995231628418,
                1.000000238418579
            ],
            "name": "spine_lower_s"
        },
        {
            "children": [
                14
            ],
            "translation": [
                -0.000011000000085914508,
                0.7088220119476318,
                0.01691100001335144
            ],
            "rotation": [
                0.04705849289894104,
                -0.0015686159022152424,
                0.04142994433641434,
                -0.9980313181877136
            ],
            "scale": [
                1.0000003576278689,
                0.9999998211860656,
                0.9999995231628418
            ],
            "name": "spine_mid_s"
        },
        {
            "children": [
                15
            ],
            "translation": [
                -0.0001320000010309741,
                0.7383970022201538,
                0.0030109998770058157
            ],
            "rotation": [
                0.05994749814271927,
                -0.0021223078947514297,
                0.04247689247131348,
                -0.9972951412200928
            ],
            "scale": [
                0.9999998211860656,
                1.0,
                1.0000003576278689
            ],
            "name": "spine_upper_s"
        },
        {
            "children": [
                42,
                29,
                16
            ],
            "translation": [
                -0.00017499999376013875,
                0.6261849999427795,
                0.006752000190317631
            ],
            "rotation": [
                0.04982740059494972,
                0.1119578406214714,
                0.025252029299736024,
                -0.9921414852142334
            ],
            "scale": [
                0.999999225139618,
                0.9999999403953552,
                0.999999701976776
            ],
            "name": "chest_s"
        },
        {
            "children": [
                17
            ],
            "translation": [
                -1.1474260091781617,
                1.3785200119018558,
                -0.11241599917411804
            ],
            "rotation": [
                0.9901307821273804,
                -0.14016416668891908,
                0.0,
                0.0
            ],
            "scale": [
                0.9999997615814208,
                1.000009536743164,
                1.000010371208191
            ],
            "name": "R_clavicle_s"
        },
        {
            "children": [
                20,
                18
            ],
            "translation": [
                -1.6419479846954346,
                0.0906670019030571,
                0.7114189863204956
            ],
            "rotation": [
                0.08867533504962921,
                -0.09436554461717606,
                0.9105599522590636,
                -0.39250290393829348
            ],
            "scale": [
                0.99990975856781,
                0.9999094605445862,
                0.9999984502792358
            ],
            "name": "R_shoulder_s"
        },
        {
            "children": [
                19
            ],
            "translation": [
                0.0,
                -0.03999999910593033,
                0.0
            ],
            "rotation": [
                -0.0,
                0.6793058514595032,
                -0.0,
                -0.733841061592102
            ],
            "scale": [
                0.9999774694442748,
                1.0,
                0.9999774694442748
            ],
            "name": "R_shoulder_twist_s"
        },
        {
            "name": "upperArm_R_spline_sub00_twist_guide"
        },
        {
            "children": [
                28,
                21
            ],
            "translation": [
                0.0,
                -2.710345983505249,
                0.0
            ],
            "rotation": [
                -0.0,
                -0.0,
                0.7611055374145508,
                -0.6485905647277832
            ],
            "scale": [
                0.999959111213684,
                0.999959111213684,
                1.0
            ],
            "name": "R_elbow_s"
        },
        {
            "children": [
                26,
                24,
                22
            ],
            "translation": [
                0.359389990568161,
                -2.8479878902435304,
                0.2153349965810776
            ],
            "rotation": [
                -0.1661505103111267,
                0.04512084648013115,
                0.20791885256767274,
                -0.9628728628158568
            ],
            "scale": [
                0.9999961853027344,
                0.9999930262565612,
                0.9999971985816956
            ],
            "name": "R_wrist_s"
        },
        {
            "children": [
                23
            ],
            "matrix": [
                0.7025232315063477,
                0.589745044708252,
                0.3982925117015839,
                0.0,
                0.4702377915382385,
                0.03543810918927193,
                -0.881780207157135,
                0.0,
                -0.5341458916664124,
                0.8067596554756165,
                -0.25242379307746889,
                0.0,
                -0.7559710144996643,
                -0.6665890216827393,
                0.07212799787521362,
                1.0
            ],
            "name": "R_thumb_01_s"
        },
        {
            "matrix": [
                0.979695737361908,
                -0.1402983516454697,
                0.14322221279144288,
                0.0,
                0.1002730205655098,
                0.9614775776863098,
                0.25593674182891848,
                0.0,
                -0.17361316084861756,
                -0.23637841641902924,
                0.9560242295265198,
                0.0,
                0.0,
                -0.6783499717712402,
                0.0,
                1.0
            ],
            "name": "R_thumb_02_s"
        },
        {
            "children": [
                25
            ],
            "matrix": [
                -0.994644284248352,
                0.09991402179002762,
                -0.026304462924599649,
                0.0,
                0.0675748810172081,
                0.8216975331306458,
                0.5659027099609375,
                0.0,
                0.0781560018658638,
                0.5610965490341187,
                -0.8240472078323364,
                0.0,
                -0.7671639919281006,
                -1.3724329471588138,
                -0.32040998339653017,
                1.0
            ],
            "name": "R_index_01_s"
        },
        {
            "matrix": [
                0.9944247007369996,
                0.04016738384962082,
                -0.09749797731637956,
                0.0,
                -0.005864538252353668,
                0.9442459344863892,
                0.3291809856891632,
                0.0,
                0.1052846908569336,
                -0.32677364349365237,
                0.9392163753509522,
                0.0,
                0.0,
                -0.7885739803314209,
                -0.0,
                1.0
            ],
            "name": "R_index_02_s"
        },
        {
            "children": [
                27
            ],
            "matrix": [
                -0.9897491335868836,
                -0.14173388481140138,
                -0.014771555550396445,
                0.0,
                -0.1422078013420105,
                0.9757795333862304,
                0.16622543334960938,
                0.0,
                -0.00914653018116951,
                0.16662955284118653,
                -0.9859318137168884,
                0.0,
                0.23849299550056456,
                -1.4141210317611697,
                -0.3260450065135956,
                1.0
            ],
            "name": "R_middle_01_s"
        },
        {
            "matrix": [
                0.99899023771286,
                0.012510493397712708,
                -0.04315266758203507,
                0.0,
                0.009047896601259709,
                0.8847640156745911,
                0.4659373462200165,
                0.0,
                0.04400908574461937,
                -0.4658573567867279,
                0.8837575316429138,
                0.0,
                0.0,
                -0.6565030217170715,
                -0.0,
                1.0
            ],
            "name": "R_middle_02_s"
        },
        {
            "translation": [
                0.1197969987988472,
                -0.9493290185928344,
                0.07177799940109253
            ],
            "rotation": [
                0.03358720615506172,
                0.06102290377020836,
                -0.06474454700946808,
                -0.9954676032066344
            ],
            "scale": [
                0.9999989867210388,
                0.9999995231628418,
                0.9999995827674866
            ],
            "name": "R_forearm_twist_s"
        },
        {
            "children": [
                30
            ],
            "translation": [
                1.1464250087738038,
                1.385696053504944,
                -0.1261509954929352
            ],
            "rotation": [
                -0.0,
                -0.0,
                -0.16387704014778138,
                -0.9864805936813356
            ],
            "scale": [
                0.9999992847442628,
                0.9999992847442628,
                1.0
            ],
            "name": "L_clavicle_s"
        },
        {
            "children": [
                33,
                31
            ],
            "translation": [
                1.6360260248184205,
                -0.16799700260162354,
                -0.7110239863395691
            ],
            "rotation": [
                0.050750695168972018,
                -0.029650723561644559,
                0.8996407985687256,
                -0.4326114058494568
            ],
            "scale": [
                0.999936819076538,
                0.9999368786811828,
                0.999999225139618
            ],
            "name": "L_shoulder_s"
        },
        {
            "children": [
                32
            ],
            "translation": [
                0.0,
                0.03999999910593033,
                -0.0
            ],
            "rotation": [
                -0.0,
                0.6840276122093201,
                -0.0,
                -0.729427695274353
            ],
            "scale": [
                0.9999558925628662,
                1.0,
                0.9999558925628662
            ],
            "name": "L_shoulder_twist_s"
        },
        {
            "name": "upperArm_L_spline_sub00_twist_guide"
        },
        {
            "children": [
                41,
                34
            ],
            "translation": [
                0.0,
                2.710344076156616,
                -0.0
            ],
            "rotation": [
                -0.0,
                -0.0,
                0.7611051201820374,
                -0.648590624332428
            ],
            "scale": [
                0.999958634376526,
                0.999958634376526,
                1.0
            ],
            "name": "L_elbow_s"
        },
        {
            "children": [
                39,
                37,
                35
            ],
            "translation": [
                -0.3424220085144043,
                2.842568874359131,
                -0.2239079922437668
            ],
            "rotation": [
                -0.1418200731277466,
                0.040722139179706576,
                0.2504225671291352,
                -0.956823468208313
            ],
            "scale": [
                0.9999908804893494,
                0.9999890327453612,
                0.99999737739563
            ],
            "name": "L_wrist_s"
        },
        {
            "children": [
                36
            ],
            "matrix": [
                0.6114118695259094,
                0.7007972598075867,
                0.3674829602241516,
                0.0,
                0.5423464179039002,
                -0.03293025493621826,
                -0.8394872546195984,
                0.0,
                -0.5762127637863159,
                0.712573230266571,
                -0.4002084732055664,
                0.0,
                0.7559670209884644,
                0.6665909886360169,
                -0.07212799787521362,
                1.0
            ],
            "name": "L_thumb_01_s"
        },
        {
            "matrix": [
                0.9797040820121764,
                -0.1402583122253418,
                0.14320345222949985,
                0.0,
                0.15844836831092838,
                0.97946298122406,
                -0.12467991560697556,
                0.0,
                -0.12277504056692124,
                0.14484000205993653,
                0.981808304786682,
                0.0,
                -0.0,
                0.6783509850502014,
                -0.0,
                1.0
            ],
            "name": "L_thumb_02_s"
        },
        {
            "children": [
                38
            ],
            "matrix": [
                -0.9935160875320436,
                0.10305824875831604,
                -0.04528814181685448,
                0.0,
                0.05898158252239227,
                0.8193109035491943,
                0.570287823677063,
                0.0,
                0.09588111937046053,
                0.5639910101890564,
                -0.820054292678833,
                0.0,
                0.7671650052070618,
                1.3724340200424197,
                0.3204190135002136,
                1.0
            ],
            "name": "L_index_01_s"
        },
        {
            "matrix": [
                0.9944262504577636,
                0.04010681807994843,
                -0.09750822931528092,
                0.0,
                -0.005803972017019987,
                0.9442476034164428,
                0.3291779160499573,
                0.0,
                0.10527445375919342,
                -0.32677680253982546,
                0.9392164945602416,
                0.0,
                -0.0,
                0.7885779738426209,
                -0.0,
                1.0
            ],
            "name": "L_index_02_s"
        },
        {
            "children": [
                40
            ],
            "matrix": [
                -0.9897596836090088,
                -0.1417161077260971,
                -0.014765781350433829,
                0.0,
                -0.13557833433151246,
                0.9686293005943298,
                -0.2082645148038864,
                0.0,
                0.04381756857037544,
                -0.20413771271705628,
                -0.9779233932495116,
                0.0,
                -0.2384900003671646,
                1.4141210317611697,
                0.3260599970817566,
                1.0
            ],
            "name": "L_middle_01_s"
        },
        {
            "matrix": [
                0.9989900588989258,
                0.012510489672422408,
                -0.04315266013145447,
                0.0,
                0.009047898463904858,
                0.8847642540931702,
                0.4659374952316284,
                0.0,
                0.04400908946990967,
                -0.4658574461936951,
                0.8837575912475586,
                0.0,
                -0.0,
                0.6565049886703491,
                -0.0,
                1.0
            ],
            "name": "L_middle_02_s"
        },
        {
            "translation": [
                -0.11414100229740144,
                0.94752299785614,
                -0.07463599741458893
            ],
            "rotation": [
                0.03534051403403282,
                0.06090011447668076,
                -0.06203814223408699,
                -0.9955868124961852
            ],
            "scale": [
                0.9999995827674866,
                0.9999993443489076,
                0.999999463558197
            ],
            "name": "L_forearm_twist_s"
        },
        {
            "children": [
                43
            ],
            "matrix": [
                0.999862790107727,
                0.01654714532196522,
                -0.00001839697506511584,
                0.0,
                -0.01654655486345291,
                0.9998162388801576,
                -0.0096579659730196,
                0.0,
                -0.00014142192958388478,
                0.00965694896876812,
                0.9999533891677856,
                0.0,
                0.0,
                2.08442497253418,
                -0.4661499857902527,
                1.0
            ],
            "name": "neck_s"
        },
        {
            "translation": [
                -0.0,
                1.86020302772522,
                0.09114599972963332
            ],
            "rotation": [
                -0.0000922707113204524,
                0.19826170802116398,
                0.04893489554524422,
                -0.9789258241653442
            ],
            "scale": [
                0.999996542930603,
                0.9999995231628418,
                0.9999966621398926
            ],
            "name": "head_s"
        },
        {
            "children": [
                48,
                47,
                46,
                45
            ],
            "name": "GEO"
        },
        {
            "mesh": 0,
            "skin": 0,
            "name": "beltGeo"
        },
        {
            "mesh": 1,
            "skin": 1,
            "name": "legsGeo"
        },
        {
            "mesh": 2,
            "skin": 2,
            "name": "braceletGeo"
        },
        {
            "mesh": 3,
            "skin": 3,
            "name": "torsoGeo"
        }
    ],
    "meshes": [
        {
            "primitives": [
                {
                    "attributes": {
                        "JOINTS_0": 1,
                        "NORMAL": 2,
                        "POSITION": 3,
                        "WEIGHTS_0": 4
                    },
                    "indices": 0,
                    "mode": 4,
                    "material": 0
                }
            ],
            "name": "beltGeo-mesh"
        },
        {
            "primitives": [
                {
                    "attributes": {
                        "JOINTS_0": 6,
                        "NORMAL": 7,
                        "POSITION": 8,
                        "WEIGHTS_0": 9
                    },
                    "indices": 5,
                    "mode": 4,
                    "material": 0
                }
            ],
            "name": "legsGeo-mesh"
        },
        {
            "primitives": [
                {
                    "attributes": {
                        "JOINTS_0": 11,
                        "NORMAL": 12,
                        "POSITION": 13,
                        "WEIGHTS_0": 14
                    },
                    "indices": 10,
                    "mode": 4,
                    "material": 0
                }
            ],
            "name": "braceletGeo-mesh"
        },
        {
            "primitives": [
                {
                    "attributes": {
                        "JOINTS_0": 16,
                        "NORMAL": 17,
                        "POSITION": 18,
                        "WEIGHTS_0": 19
                    },
                    "indices": 15,
                    "mode": 4,
                    "material": 0
                }
            ],
            "name": "torsoGeo-mesh"
        }
    ],
    "animations": [
        {
            "channels": [
                {
                    "sampler": 0,
                    "target": {
                        "node": 3,
                        "path": "translation"
                    }
                },
                {
                    "sampler": 1,
                    "target": {
                        "node": 3,
                        "path": "rotation"
                    }
                },
                {
                    "sampler": 2,
                    "target": {
                        "node": 3,
                        "path": "scale"
                    }
                },
                {
                    "sampler": 3,
                    "target": {
                        "node": 12,
                        "path": "translation"
                    }
                },
                {
                    "sampler": 4,
                    "target": {
                        "node": 12,
                        "path": "rotation"
                    }
                },
                {
                    "sampler": 5,
                    "target": {
                        "node": 12,
                        "path": "scale"
                    }
                },
                {
                    "sampler": 6,
                    "target": {
                        "node": 13,
                        "path": "translation"
                    }
                },
                {
                    "sampler": 7,
                    "target": {
                        "node": 13,
                        "path": "rotation"
                    }
                },
                {
                    "sampler": 8,
                    "target": {
                        "node": 13,
                        "path": "scale"
                    }
                },
                {
                    "sampler": 9,
                    "target": {
                        "node": 14,
                        "path": "translation"
                    }
                },
                {
                    "sampler": 10,
                    "target": {
                        "node": 14,
                        "path": "rotation"
                    }
                },
                {
                    "sampler": 11,
                    "target": {
                        "node": 14,
                        "path": "scale"
                    }
                },
                {
                    "sampler": 12,
                    "target": {
                        "node": 15,
                        "path": "translation"
                    }
                },
                {
                    "sampler": 13,
                    "target": {
                        "node": 15,
                        "path": "rotation"
                    }
                },
                {
                    "sampler": 14,
                    "target": {
                        "node": 15,
                        "path": "scale"
                    }
                },
                {
                    "sampler": 15,
                    "target": {
                        "node": 43,
                        "path": "translation"
                    }
                },
                {
                    "sampler": 16,
                    "target": {
                        "node": 43,
                        "path": "rotation"
                    }
                },
                {
                    "sampler": 17,
                    "target": {
                        "node": 43,
                        "path": "scale"
                    }
                },
                {
                    "sampler": 18,
                    "target": {
                        "node": 29,
                        "path": "translation"
                    }
                },
                {
                    "sampler": 19,
                    "target": {
                        "node": 29,
                        "path": "rotation"
                    }
                },
                {
                    "sampler": 20,
                    "target": {
                        "node": 29,
                        "path": "scale"
                    }
                },
                {
                    "sampler": 21,
                    "target": {
                        "node": 30,
                        "path": "translation"
                    }
                },
                {
                    "sampler": 22,
                    "target": {
                        "node": 30,
                        "path": "rotation"
                    }
                },
                {
                    "sampler": 23,
                    "target": {
                        "node": 30,
                        "path": "scale"
                    }
                },
                {
                    "sampler": 24,
                    "target": {
                        "node": 33,
                        "path": "translation"
                    }
                },
                {
                    "sampler": 25,
                    "target": {
                        "node": 33,
                        "path": "rotation"
                    }
                },
                {
                    "sampler": 26,
                    "target": {
                        "node": 33,
                        "path": "scale"
                    }
                },
                {
                    "sampler": 27,
                    "target": {
                        "node": 41,
                        "path": "translation"
                    }
                },
                {
                    "sampler": 28,
                    "target": {
                        "node": 41,
                        "path": "rotation"
                    }
                },
                {
                    "sampler": 29,
                    "target": {
                        "node": 41,
                        "path": "scale"
                    }
                },
                {
                    "sampler": 30,
                    "target": {
                        "node": 34,
                        "path": "translation"
                    }
                },
                {
                    "sampler": 31,
                    "target": {
                        "node": 34,
                        "path": "rotation"
                    }
                },
                {
                    "sampler": 32,
                    "target": {
                        "node": 34,
                        "path": "scale"
                    }
                },
                {
                    "sampler": 33,
                    "target": {
                        "node": 31,
                        "path": "translation"
                    }
                },
                {
                    "sampler": 34,
                    "target": {
                        "node": 31,
                        "path": "rotation"
                    }
                },
                {
                    "sampler": 35,
                    "target": {
                        "node": 31,
                        "path": "scale"
                    }
                },
                {
                    "sampler": 36,
                    "target": {
                        "node": 16,
                        "path": "translation"
                    }
                },
                {
                    "sampler": 37,
                    "target": {
                        "node": 16,
                        "path": "rotation"
                    }
                },
                {
                    "sampler": 38,
                    "target": {
                        "node": 16,
                        "path": "scale"
                    }
                },
                {
                    "sampler": 39,
                    "target": {
                        "node": 17,
                        "path": "translation"
                    }
                },
                {
                    "sampler": 40,
                    "target": {
                        "node": 17,
                        "path": "rotation"
                    }
                },
                {
                    "sampler": 41,
                    "target": {
                        "node": 17,
                        "path": "scale"
                    }
                },
                {
                    "sampler": 42,
                    "target": {
                        "node": 20,
                        "path": "translation"
                    }
                },
                {
                    "sampler": 43,
                    "target": {
                        "node": 20,
                        "path": "rotation"
                    }
                },
                {
                    "sampler": 44,
                    "target": {
                        "node": 20,
                        "path": "scale"
                    }
                },
                {
                    "sampler": 45,
                    "target": {
                        "node": 28,
                        "path": "translation"
                    }
                },
                {
                    "sampler": 46,
                    "target": {
                        "node": 28,
                        "path": "rotation"
                    }
                },
                {
                    "sampler": 47,
                    "target": {
                        "node": 28,
                        "path": "scale"
                    }
                },
                {
                    "sampler": 48,
                    "target": {
                        "node": 21,
                        "path": "translation"
                    }
                },
                {
                    "sampler": 49,
                    "target": {
                        "node": 21,
                        "path": "rotation"
                    }
                },
                {
                    "sampler": 50,
                    "target": {
                        "node": 21,
                        "path": "scale"
                    }
                },
                {
                    "sampler": 51,
                    "target": {
                        "node": 18,
                        "path": "translation"
                    }
                },
                {
                    "sampler": 52,
                    "target": {
                        "node": 18,
                        "path": "rotation"
                    }
                },
                {
                    "sampler": 53,
                    "target": {
                        "node": 18,
                        "path": "scale"
                    }
                },
                {
                    "sampler": 54,
                    "target": {
                        "node": 8,
                        "path": "translation"
                    }
                },
                {
                    "sampler": 55,
                    "target": {
                        "node": 8,
                        "path": "rotation"
                    }
                },
                {
                    "sampler": 56,
                    "target": {
                        "node": 8,
                        "path": "scale"
                    }
                },
                {
                    "sampler": 57,
                    "target": {
                        "node": 9,
                        "path": "translation"
                    }
                },
                {
                    "sampler": 58,
                    "target": {
                        "node": 9,
                        "path": "rotation"
                    }
                },
                {
                    "sampler": 59,
                    "target": {
                        "node": 9,
                        "path": "scale"
                    }
                },
                {
                    "sampler": 60,
                    "target": {
                        "node": 10,
                        "path": "translation"
                    }
                },
                {
                    "sampler": 61,
                    "target": {
                        "node": 10,
                        "path": "rotation"
                    }
                },
                {
                    "sampler": 62,
                    "target": {
                        "node": 10,
                        "path": "scale"
                    }
                },
                {
                    "sampler": 63,
                    "target": {
                        "node": 4,
                        "path": "translation"
                    }
                },
                {
                    "sampler": 64,
                    "target": {
                        "node": 4,
                        "path": "rotation"
                    }
                },
                {
                    "sampler": 65,
                    "target": {
                        "node": 4,
                        "path": "scale"
                    }
                },
                {
                    "sampler": 66,
                    "target": {
                        "node": 5,
