{
    "asset": {
        "generator": "COLLADA2GLTF",
        "version": "2.0"
    },
    "scenes": [
        {
            "nodes": [
                0
            ]
        }
    ],
    "scene": 0,
    "nodes": [
        {
            "children": [
                1
            ],
            "name": "Y_UP"
        },
        {
            "children": [
                9,
                2
            ],
            "name": "CHARACTER"
        },
        {
            "children": [
                8,
                7,
                6,
                5,
                4,
                3
            ],
            "name": "GEO"
        },
        {
            "mesh": 0,
            "skin": 0,
            "name": "wristbandGeo"
        },
        {
            "mesh": 1,
            "skin": 1,
            "name": "backpackGeo"
        },
        {
            "mesh": 2,
            "skin": 2,
            "name": "bodyGeo"
        },
        {
            "mesh": 3,
            "skin": 3,
            "name": "zipperGeo"
        },
        {
            "mesh": 4,
            "skin": 4,
            "name": "eyebrowsGeo1"
        },
        {
            "mesh": 5,
            "skin": 5,
            "name": "hatGeo"
        },
        {
            "children": [
                10
            ],
            "name": "Root"
        },
        {
            "children": [
                19,
                15,
                11
            ],
            "matrix": [
                0.9812985062599182,
                0.01620173454284668,
                -0.1918091177940369,
                0.0,
                -0.019920947030186658,
                0.999649167060852,
                -0.01747753471136093,
                0.0,
                0.19145865738391877,
                0.020971694961190225,
                0.9812769889831544,
                0.0,
                -0.0,
                2.594916105270386,
                -0.5264130234718323,
                1.0
            ],
            "name": "hips_s"
        },
        {
            "children": [
                12
            ],
            "matrix": [
                -0.9402213096618652,
                0.23709632456302644,
                0.24398283660411836,
                0.0,
                0.1354127824306488,
                0.918746829032898,
                -0.37088775634765627,
                0.0,
                -0.3120986223220825,
                -0.315720796585083,
                -0.895922839641571,
                0.0,
                -0.739421010017395,
                -0.08645699918270111,
                -0.0,
                1.0
            ],
            "name": "R_upperLeg_s"
        },
        {
            "children": [
                13
            ],
            "matrix": [
                -0.999886989593506,
                0.0,
                -0.0,
                0.0,
                0.0,
                0.6557762026786804,
                -0.7549302577972412,
                0.0,
                0.0,
                -0.7549302577972412,
                -0.6556631922721863,
                0.0,
                -0.0,
                -1.2676810026168824,
                0.0,
                1.0
            ],
            "name": "R_lowerLeg_s"
        },
        {
            "children": [
                14
            ],
            "matrix": [
                0.9822596311569214,
                0.16574843227863313,
                -0.08771402388811112,
                0.0,
                0.1875111609697342,
                -0.8741217851638794,
                0.4480105936527252,
                0.0,
                -0.002416589530184865,
                -0.4565102458000183,
                -0.889694333076477,
                0.0,
                -0.0,
                -0.9770039916038512,
                0.0,
                1.0
            ],
            "name": "R_ankle_s"
        },
        {
            "matrix": [
                -0.9999369978904724,
                6.20493494807306e-7,
                0.007133620325475931,
                0.0,
                0.007133620325475931,
                0.0001926421537064016,
                0.9999555945396425,
                0.0,
                -6.204936653375626e-7,
                0.9999812841415404,
                -0.00015532970428466797,
                0.0,
                -0.0019389999797567728,
                0.26852500438690188,
                -0.5925419926643372,
                1.0
            ],
            "name": "R_toes_s"
        },
        {
            "children": [
                16
            ],
            "matrix": [
                -0.9590731859207152,
                -0.20160654187202457,
                -0.19826914370059968,
                0.0,
                0.1296437382698059,
                -0.9365814328193665,
                0.3252508044242859,
                0.0,
                -0.2512931823730469,
                0.2862695157527924,
                0.9246039390563964,
                0.0,
                0.739421010017395,
                -0.08646100014448166,
                0.0,
                1.0
            ],
            "name": "L_upperLeg_s"
        },
        {
            "children": [
                17
            ],
            "matrix": [
                -0.9999516010284424,
                0.0,
                -0.0,
                0.0,
                0.0,
                0.6937634944915772,
                -0.7201927304267883,
                0.0,
                0.0,
                -0.7201927304267883,
                -0.6937150955200195,
                0.0,
                -0.0,
                1.2676819562911988,
                -0.0,
                1.0
            ],
            "name": "L_lowerLeg_s"
        },
        {
            "children": [
                18
            ],
            "matrix": [
                0.9751845002174376,
                0.19866663217544557,
                -0.09769465029239656,
                0.0,
                0.22127534449100498,
                -0.8604746460914612,
                0.4587168693542481,
                0.0,
                0.00706311222165823,
                -0.4689517319202423,
                -0.8830817341804504,
                0.0,
                -0.0,
                0.977000057697296,
                -0.0,
                1.0
            ],
            "name": "L_ankle_s"
        },
        {
            "matrix": [
                -0.9999369978904724,
                6.20493494807306e-7,
                0.007133620325475931,
                0.0,
                0.007133620325475931,
                0.0001926421537064016,
                0.9999555945396425,
                0.0,
                -6.204936653375626e-7,
                0.9999812841415404,
                -0.00015532970428466797,
                0.0,
                0.0019389999797567728,
                -0.26852500438690188,
                0.5925419926643372,
                1.0
            ],
            "name": "L_toes_s"
        },
        {
            "children": [
                20
            ],
            "translation": [
                -0.01295700017362833,
                0.3289180099964142,
                0.025722000747919084
            ],
            "rotation": [
                0.005628591869026423,
                0.0020299844909459354,
                -0.014855796471238137,
                -0.9998717308044434
            ],
            "scale": [
                1.0000003576278689,
                0.9999995231628418,
                0.9999998211860656
            ],
            "name": "spine_lower_s"
        },
        {
            "children": [
                27,
                21
            ],
            "translation": [
                0.00027600000612437725,
                0.3329080045223236,
                0.015971999615430833
            ],
            "rotation": [
                -0.030235162004828458,
                -0.006274641491472721,
                0.018239524215459825,
                -0.999356746673584
            ],
            "scale": [
                1.000000238418579,
                1.000000238418579,
                0.9999998211860656
            ],
            "name": "spine_mid_s"
        },
        {
            "children": [
                26,
                25,
                24,
                23,
                22
            ],
            "translation": [
                0.3037570118904114,
                0.41686299443244936,
                -1.332092046737671
            ],
            "rotation": [
                0.008889039978384972,
                0.10162415355443956,
                0.057548053562641147,
                -0.9931171536445618
            ],
            "scale": [
                0.9999993443489076,
                1.0000001192092896,
                1.000000238418579
            ],
            "name": "back_item_01_s_ncl1_1"
        },
        {
            "matrix": [
                0.9579361081123352,
                0.0,
                0.2869802117347718,
                0.0,
                -0.0,
                1.0,
                0.0,
                0.0,
                -0.2869802117347718,
                -0.0,
                0.9579361081123352,
                0.0,
                1.2009860277175904,
                -0.1634269952774048,
                -0.07884799689054489,
                1.0
            ],
            "name": "backpack_zipper_s"
        },
        {
            "matrix": [
                0.8088542222976685,
                0.5880048871040344,
                0.0,
                0.0,
                0.5880048871040344,
                -0.80882728099823,
                0.0,
                0.0,
                0.0,
                0.0,
                -0.9999730587005616,
                0.0,
                -0.17672599852085114,
                1.141538977622986,
                -0.4003089964389801,
                1.0
            ],
            "name": "R_backpack_antenna_s"
        },
        {
            "matrix": [
                0.6225714683532715,
                -0.6964167356491089,
                -0.3568732142448426,
                0.0,
                0.3703924417495728,
                -0.13941165804862977,
                0.918270707130432,
                0.0,
                -0.6893210411071777,
                -0.7038577198982239,
                0.17119961977005006,
                0.0,
                -0.794189989566803,
                0.7980489730834961,
                -0.16402900218963624,
                1.0
            ],
            "name": "R_backpack_wing_s"
        },
        {
            "matrix": [
                0.6225714683532715,
                0.6964167356491089,
                0.3568732142448426,
                0.0,
                0.3703924417495728,
                0.13954541087150577,
                -0.918270707130432,
                0.0,
                -0.6893210411071777,
                0.7038577198982239,
                -0.17106600105762485,
                0.0,
                0.794189989566803,
                0.7980449795722961,
                -0.1640309989452362,
                1.0
            ],
            "name": "L_backpack_wing_s"
        },
        {
            "matrix": [
                0.8088542222976685,
                -0.5880048871040344,
                -0.0,
                0.0,
                0.5880048871040344,
                0.8088542222976685,
                0.0,
                0.0,
                0.0,
                -0.0,
                1.0,
                0.0,
                0.17672599852085114,
                1.1415399312973025,
                -0.4003140032291413,
                1.0
            ],
            "name": "L_backpack_antenna_s"
        },
        {
            "children": [
                28
            ],
            "translation": [
                0.00019700000120792535,
                0.37072500586509707,
                0.002921999897807837
            ],
            "rotation": [
                -0.0545339435338974,
                -0.005813263356685638,
                0.029250862076878549,
                -0.9980666041374208
            ],
            "scale": [
                1.0000003576278689,
                1.0000003576278689,
                1.0000003576278689
            ],
            "name": "spine_upper_s"
        },
        {
            "children": [
                63,
                47,
                30,
                29
            ],
            "translation": [
                -0.002633000025525689,
                0.3341969847679138,
                0.006291999947279692
            ],
            "rotation": [
                -0.05385651811957359,
                0.000461363437352702,
                0.023806368932127954,
                -0.9982647895812988
            ],
            "scale": [
                1.000000238418579,
                1.0000001192092896,
                0.9999998211860656
            ],
            "name": "chest_s"
        },
        {
            "translation": [
                -0.0,
                -0.18476499617099766,
                1.07009494304657
            ],
            "rotation": [
                0.25454598665237429,
                -0.0,
                -0.0,
                -0.9670587182044984
            ],
            "scale": [
                1.0,
                0.9999929070472716,
                0.9999929070472716
            ],
            "name": "zipper_s"
        },
        {
            "children": [
                31
            ],
            "translation": [
                -0.0993340015411377,
                0.5716069936752319,
                0.1351529955863953
            ],
            "rotation": [
                0.996190071105957,
                0.012949119322001934,
                -0.018516315147280698,
                0.08424616605043411
            ],
            "scale": [
                0.9999997615814208,
                1.0000054836273194,
                1.000005125999451
            ],
            "name": "R_clavicle_s"
        },
        {
            "children": [
                33,
                32
            ],
            "translation": [
                -1.0276459455490113,
                -0.1657100021839142,
                0.293830007314682
            ],
            "rotation": [
                0.5958439707756043,
                0.7173689007759094,
                0.15206752717494965,
                0.3273574709892273
            ],
            "scale": [
                0.999930739402771,
                0.9999512434005736,
                0.999888241291046
            ],
            "name": "R_shoulder_s"
        },
        {
            "translation": [
                -0.0,
                -0.040001001209020618,
                -9.999999974752428e-7
            ],
            "rotation": [
                -0.0,
                -0.7142515182495117,
                -0.0,
                -0.6998467445373535
            ],
            "scale": [
                0.999941885471344,
                1.0,
                0.999941885471344
            ],
            "name": "R_shoulder_twist_s"
        },
        {
            "children": [
                46,
                35,
                34
            ],
            "translation": [
                -0.0,
                -1.411173939704895,
                -0.0
            ],
            "rotation": [
                -0.022667987272143365,
                -0.10740378499031068,
                0.20185887813568116,
                -0.9732422828674316
            ],
            "scale": [
                0.999993860721588,
                0.9999958872795104,
                0.9999988079071044
            ],
            "name": "R_elbow_s"
        },
        {
            "matrix": [
                -0.9777837991714478,
                -0.10419537127017976,
                -0.1818164587020874,
                0.0,
                -0.07221189886331558,
                0.9820196032524108,
                -0.1744239628314972,
                0.0,
                0.19672143459320069,
                -0.15742158889770509,
                -0.9677260518074036,
                0.0,
                0.09486600011587145,
                -0.7269989848136902,
                -0.615854024887085,
                1.0
            ],
            "name": "R_gunbone_01_s"
        },
        {
            "children": [
                44,
                42,
                40,
                38,
                36
            ],
            "translation": [
                0.0,
                -0.9798290133476256,
                0.0
            ],
            "rotation": [
                -0.1284748911857605,
                0.15627993643283845,
                0.3335979878902436,
                -0.920749843120575
            ],
            "scale": [
                0.999995768070221,
                0.9999953508377076,
                0.9999989867210388
            ],
            "name": "R_wrist_s"
        },
        {
            "children": [
                37
            ],
            "translation": [
                0.3440360128879547,
                -0.6275579929351807,
                0.295071005821228
            ],
            "rotation": [
                0.04152333736419678,
                -0.5746210217475891,
                0.7623371481895447,
                -0.2947539687156677
            ],
            "scale": [
                0.9999110698699952,
                0.9999433755874634,
                0.9999676942825316
            ],
            "name": "R_pinky_01_s"
        },
        {
            "translation": [
                0.0,
                -0.31758999824523928,
                -0.0
            ],
            "rotation": [
                -0.7806047201156616,
                0.026789074763655664,
                0.014978520572185517,
                -0.6242292523384094
            ],
            "scale": [
                1.0000001192092896,
                0.9999594688415529,
                0.9999595284461976
            ],
            "name": "R_pinky_02_s"
        },
        {
            "children": [
                39
            ],
            "translation": [
                0.18454699218273164,
                -0.7849770188331604,
                0.1693439930677414
            ],
            "rotation": [
                -0.008458482101559639,
                -0.6512390971183777,
                0.7193989753723145,
                -0.24129651486873628
            ],
            "scale": [
                0.99989253282547,
                0.9999406933784484,
                0.9999513626098632
            ],
            "name": "R_ring_01_s"
        },
        {
            "matrix": [
                0.9990122318267822,
                -0.04189284145832062,
                0.014840503223240376,
                0.0,
                -0.016118409112095834,
                -0.030290482565760617,
                0.9993683695793152,
                0.0,
                -0.041417934000492099,
                -0.9986197352409364,
                -0.030935754999518396,
                0.0,
                0.0,
                -0.3923690021038056,
                0.0,
                1.0
            ],
            "name": "R_ring_02_s"
        },
        {
            "children": [
                41
            ],
            "translation": [
                -0.28663399815559389,
                -0.0028329999186098577,
                0.09119199961423874
            ],
            "rotation": [
                0.2546762228012085,
                0.8322807550430298,
                -0.05597954243421555,
                -0.4891752302646637
            ],
            "scale": [
                0.9999685287475586,
                0.9999967217445374,
                0.9999656677246094
            ],
            "name": "R_thumb_01_s"
        },
        {
            "translation": [
                -0.0,
                -0.6838390231132507,
                -0.0
            ],
            "rotation": [
                0.06068562716245651,
                -0.010734562762081625,
                0.008335432969033718,
                -0.998064398765564
            ],
            "scale": [
                1.0000003576278689,
                0.999999701976776,
                0.9999996423721314
            ],
            "name": "R_thumb_02_s"
        },
        {
            "children": [
                43
            ],
            "translation": [
                -0.3180759847164154,
                -0.8009349703788757,
                0.10061399638652802
            ],
            "rotation": [
                0.09368889033794405,
                0.8580251336097717,
                -0.503631591796875,
                0.03617139533162117
            ],
            "scale": [
                0.9998766779899596,
                0.9999677538871764,
                0.9999073147773744
            ],
            "name": "R_index_01_s"
        },
        {
            "translation": [
                -0.0,
                -0.3884040117263794,
                0.0
            ],
            "rotation": [
                -0.717990517616272,
                0.0180228129029274,
                0.06329511851072312,
                -0.6928772926330566
            ],
            "scale": [
                0.9999995827674866,
                0.9999235272407532,
                0.9999242424964904
            ],
            "name": "R_index_02_s"
        },
        {
            "children": [
                45
            ],
            "translation": [
                -0.0586870014667511,
                -0.8418840169906616,
                0.10366400331258774
            ],
            "rotation": [
                -0.05379572510719299,
                -0.6604357957839966,
                0.7449895143508911,
                -0.07686423510313034
            ],
            "scale": [
                0.9999738931655884,
                0.9999852776527404,
                0.999988615512848
            ],
            "name": "R_middle_01_s"
        },
        {
            "matrix": [
                0.999668061733246,
                0.021784573793411256,
                0.01372924353927374,
                0.0,
                -0.017456267029047014,
                0.1813868433237076,
                0.9832393527030944,
                0.0,
                0.01892983913421631,
                -0.9831526875495912,
                0.181706964969635,
                0.0,
                0.0,
                -0.39610400795936587,
                -0.0,
                1.0
            ],
            "name": "R_middle_02_s"
        },
        {
            "translation": [
                0.0,
                -0.3266099989414215,
                0.0
            ],
            "rotation": [
                -0.0,
                0.04429157823324204,
                -0.0,
                -0.999018669128418
            ],
            "scale": [
                1.0000001192092896,
                1.0,
                1.0000001192092896
            ],
            "name": "R_forearm_twist_s"
        },
        {
            "children": [
                48
            ],
            "translation": [
                0.0993340015411377,
                0.5716059803962708,
                0.1351529955863953
            ],
            "rotation": [
                0.11143522709608078,
                0.09359575808048248,
                0.03164969384670258,
                -0.9888476729393004
            ],
            "scale": [
                0.999999463558197,
                0.9999991059303284,
                0.9999989867210388
            ],
            "name": "L_clavicle_s"
        },
        {
            "children": [
                50,
                49
            ],
            "translation": [
                1.0276479721069337,
                0.16571100056171418,
                -0.293830007314682
            ],
            "rotation": [
                0.7574465274810791,
                0.4314732849597931,
                0.3858284056186676,
                -0.3020128905773163
            ],
            "scale": [
                0.9999796748161316,
                0.99995619058609,
                0.9999542236328124
            ],
            "name": "L_shoulder_s"
        },
        {
            "translation": [
                0.0,
                0.03999999910593033,
                -0.0
            ],
            "rotation": [
                -0.0,
                -0.25169089436531069,
                -0.0,
                -0.967807114124298
            ],
            "scale": [
                0.9999980926513672,
                1.0,
                0.9999980926513672
            ],
            "name": "L_shoulder_twist_s"
        },
        {
            "children": [
                62,
                51
            ],
            "translation": [
                -0.0,
                1.4111770391464234,
                -0.0
            ],
            "rotation": [
                0.06517117470502854,
                -0.0918978676199913,
                0.8335086107254028,
                -0.5407978892326355
            ],
            "scale": [
                0.9999370574951172,
                0.999937117099762,
                0.9999989867210388
            ],
            "name": "L_elbow_s"
        },
        {
            "children": [
                60,
                58,
                56,
                54,
                52
            ],
            "translation": [
                -0.0,
                0.9798280000686646,
                -0.0
            ],
            "rotation": [
                -0.3041909635066986,
                -0.001937718247063458,
                0.04807386174798012,
                -0.9513934850692748
            ],
            "scale": [
                0.9999999403953552,
                0.9999936819076538,
                0.9999939203262328
            ],
            "name": "L_wrist_s"
        },
        {
            "children": [
                53
            ],
            "translation": [
                -0.1845480054616928,
                0.784974992275238,
                -0.1693429946899414
            ],
            "rotation": [
                0.0018454344244673849,
                -0.6814740896224976,
                0.6908554434776306,
                -0.241450309753418
            ],
            "scale": [
                0.99998140335083,
                0.999990463256836,
                0.999990463256836
            ],
            "name": "L_ring_01_s"
        },
        {
            "translation": [
                -0.0,
                0.3923650085926056,
                0.0
            ],
            "rotation": [
                -0.7803349494934082,
                0.02100617997348309,
                0.007319869939237833,
                -0.6248947381973267
            ],
            "scale": [
                1.0000001192092896,
                0.9999303221702576,
                0.999930500984192
            ],
            "name": "L_ring_02_s"
        },
        {
            "children": [
                55
            ],
            "translation": [
                -0.3440360128879547,
                0.6275579929351807,
                -0.2950739860534668
            ],
            "rotation": [
                0.03272645920515061,
                -0.5797266960144043,
                0.7584307193756104,
                -0.2959534525871277
            ],
            "scale": [
                0.999926745891571,
                0.9999536275863648,
                0.9999725818634032
            ],
            "name": "L_pinky_01_s"
        },
        {
            "translation": [
                -0.0,
                0.3175869882106781,
                -0.0
            ],
            "rotation": [
                -0.7994452714920044,
                0.03601686283946037,
                -0.024944216012954713,
                -0.5991169214248657
            ],
            "scale": [
                0.9999998211860656,
                0.9999807476997376,
                0.9999808669090272
            ],
            "name": "L_pinky_02_s"
        },
        {
            "children": [
                57
            ],
            "translation": [
                0.2866329848766327,
                0.002831999910995364,
                -0.09119100123643877
            ],
            "rotation": [
                0.2546762526035309,
                0.8322807550430298,
                -0.05597954988479614,
                -0.48917531967163088
            ],
            "scale": [
                0.9999687075614928,
                0.9999968409538268,
                0.9999659061431884
            ],
            "name": "L_thumb_01_s"
        },
        {
            "translation": [
                0.0,
                0.6838359832763672,
                -0.0
            ],
            "rotation": [
                0.0606856606900692,
                -0.010734560899436474,
                0.008335432037711144,
                -0.998064398765564
            ],
            "scale": [
                0.9999995231628418,
                1.0000001192092896,
                1.0000001192092896
            ],
            "name": "L_thumb_02_s"
        },
        {
            "children": [
                59
            ],
            "translation": [
                0.3180769979953766,
                0.800927996635437,
                -0.1006160005927086
            ],
            "rotation": [
                0.09368886798620224,
                0.8580251932144165,
                -0.5036316514015198,
                0.03617139533162117
            ],
            "scale": [
                0.9998769164085388,
                0.9999676942825316,
                0.9999076724052428
            ],
            "name": "L_index_01_s"
        },
        {
            "translation": [
                -0.0,
                0.38840600848197939,
                0.0
            ],
            "rotation": [
                -0.7180533409118652,
                0.01799284853041172,
                0.06329793483018875,
                -0.6928460597991943
            ],
            "scale": [
                0.9999992847442628,
                0.9999682903289796,
                0.9999677538871764
            ],
            "name": "L_index_02_s"
        },
        {
            "children": [
                61
            ],
            "translation": [
                0.058687999844551089,
                0.8418819904327393,
                -0.10367000102996826
            ],
            "rotation": [
                -0.05379574000835419,
                -0.6604358553886414,
                0.744958758354187,
                -0.07686421275138855
            ],
            "scale": [
                0.9998831152915956,
                0.9999337196350098,
                0.9999488592147828
            ],
            "name": "L_middle_01_s"
        },
        {
            "matrix": [
                0.9996682405471802,
                0.0217452235519886,
                0.013776520267128945,
                0.0,
                -0.017495619133114816,
                0.18138687312603,
                0.983238697052002,
                0.0,
                0.01888255961239338,
                -0.9831534028053284,
                0.18170709908008576,
                0.0,
                -0.0,
                0.3961020112037659,
                0.0,
                1.0
            ],
            "name": "L_middle_02_s"
        },
        {
            "translation": [
                0.0,
                0.3266089856624603,
                0.0
            ],
            "rotation": [
                -0.0,
                0.0008612012607045472,
                -0.0,
                -0.999999463558197
            ],
            "scale": [
                0.999999463558197,
                1.0,
                0.999999463558197
            ],
            "name": "L_forearm_twist_s"
        },
        {
            "children": [
                64
            ],
            "matrix": [
                1.0,
                0.0,
                0.0,
                0.0,
                0.0,
                1.0,
                0.0,
                0.0,
                0.0,
                0.0,
                1.0,
                0.0,
                0.0,
                1.046512007713318,
                -0.20503899455070496,
                1.0
            ],
            "name": "neck_s"
        },
        {
            "children": [
                68,
                67,
                66,
                65
            ],
            "translation": [
                0.0,
                0.7590569853782654,
                -0.18240299820899964
            ],
            "rotation": [
                0.06880541890859604,
                0.11897153407335282,
                -0.04219983518123627,
                -0.9896114468574524
            ],
            "scale": [
                1.0,
                1.0000003576278689,
                0.9999996423721314
            ],
            "name": "head_s"
        },
        {
            "matrix": [
                0.000012934210644743873,
                -0.7676579356193543,
                0.6408400535583496,
                0.0,
                0.0,
                0.6408529877662659,
                0.7676579356193543,
                0.0,
                -0.999987006187439,
                0.0,
                0.000012934207916259766,
                0.0,
                -0.0,
                1.9001929759979249,
                1.8605819940567017,
                1.0
            ],
            "name": "bangs_s"
        },
        {
            "matrix": [
                0.957273542881012,
                -0.1214023306965828,
                0.2624593675136566,
                0.0,
                -0.09497519582509996,
                -0.9891738891601564,
                -0.11117582023143769,
                0.0,
                0.2731359302997589,
                0.08149745315313339,
                -0.9584381580352784,
                0.0,
                -0.6832960247993469,
                1.5369709730148316,
                1.879207968711853,
                1.0
            ],
            "name": "R_eyebrow_s"
        },
        {
            "matrix": [
                0.9426517486572266,
                0.22142603993415833,
                -0.2497520446777344,
                0.0,
                -0.1918759793043137,
                0.9717614054679872,
                0.1373383402824402,
                0.0,
                0.27311018109321597,
                -0.0815398171544075,
                0.9585201144218444,
                0.0,
                0.6670259833335877,
                1.6068739891052249,
                1.8548359870910645,
                1.0
            ],
            "name": "L_eyebrow_s"
        },
        {
            "children": [
                72,
                71,
                70,
                69
            ],
            "matrix": [
                1.0,
                0.0,
                -0.0,
                0.0,
                -0.0,
                0.9544779062271118,
                -0.29827556014060976,
                0.0,
                0.0,
                0.29827556014060976,
                0.9544779062271118,
                0.0,
                -0.015103000216186049,
                1.7342510223388672,
                0.04666399955749512,
                1.0
            ],
            "name": "hat_01_s"
        },
        {
            "matrix": [
                -0.3677952289581299,
                0.8875308036804199,
                0.277369499206543,
                0.0,
                -0.9298630952835084,
                -0.35106050968170168,
                -0.10968583822250366,
                0.0,
                0.00003218651545466855,
                -0.29826974868774416,
                0.9544804096221924,
                0.0,
                -2.385817050933838,
                -0.631060004234314,
                -0.41261300444602969,
                1.0
            ],
            "name": "R_hat_earflap_s"
        },
        {
            "matrix": [
                -0.3677952289581299,
                -0.8875308036804199,
                -0.277369499206543,
                0.0,
                -0.9298630952835084,
                0.35112035274505618,
                0.10968583822250366,
                0.0,
                0.00003218651545466855,
                0.29826974868774416,
                -0.954420566558838,
                0.0,
                2.416019916534424,
                -0.6310589909553528,
                -0.41261300444602969,
                1.0
            ],
            "name": "L_hat_earflap_s"
        },
        {
            "matrix": [
                0.27317488193511965,
                -0.9487799406051636,
                -0.158321350812912,
                0.0,
                -0.00000843405541672837,
                0.16466285288333894,
                -0.9862759709358216,
                0.0,
                0.9618979692459106,
                0.26936474442481997,
                0.04502663761377335,
                0.0,
                -1.108886957168579,
                2.0517189502716066,
                -0.013460000045597554,
                1.0
            ],
            "name": "R_hat_antenna_s"
        },
        {
            "matrix": [
                0.27317488193511965,
                0.9487799406051636,
                0.158321350812912,
                0.0,
                -0.00000843405541672837,
                -0.16448874771595,
                0.9862759709358216,
                0.0,
                0.9618979692459106,
                -0.26936474442481997,
                -0.04485246911644936,
                0.0,
                1.1390939950942994,
                2.0517220497131349,
                -0.01345799956470728,
                1.0
            ],
            "name": "L_hat_antenna_s"
        }
    ],
    "meshes": [
        {
            "primitives": [
                {
                    "attributes": {
                        "JOINTS_0": 1,
                        "NORMAL": 2,
                        "POSITION": 3,
                        "WEIGHTS_0": 4
                    },
                    "indices": 0,
                    "mode": 4,
                    "material": 0
                },
                {
                    "attributes": {
                        "JOINTS_0": 6,
                        "NORMAL": 7,
                        "POSITION": 8,
                        "WEIGHTS_0": 9
                    },
                    "indices": 5,
                    "mode": 4,
                    "material": 1
                }
            ],
            "name": "wristbandGeo-mesh"
        },
        {
            "primitives": [
                {
                    "attributes": {
                        "JOINTS_0": 11,
                        "NORMAL": 12,
                        "POSITION": 13,
                        "WEIGHTS_0": 14
                    },
                    "indices": 10,
                    "mode": 4,
                    "material": 0
                },
                {
                    "attributes": {
                        "JOINTS_0": 16,
                        "NORMAL": 17,
