{
    "asset": {
        "generator": "COLLADA2GLTF",
        "version": "2.0"
    },
    "scenes": [
        {
            "nodes": [
                0
            ]
        }
    ],
    "scene": 0,
    "nodes": [
        {
            "children": [
                1
            ],
            "name": "Y_UP"
        },
        {
            "children": [
                11,
                2
            ],
            "name": "CHARACTER"
        },
        {
            "children": [
                10,
                9,
                8,
                7,
                6,
                5,
                4,
                3
            ],
            "name": "shelly_GEO"
        },
        {
            "mesh": 0,
            "skin": 0,
            "name": "eyebrowsGeo"
        },
        {
            "mesh": 1,
            "skin": 1,
            "name": "hair_bangsGeo"
        },
        {
            "mesh": 2,
            "skin": 2,
            "name": "gunGeo"
        },
        {
            "mesh": 3,
            "skin": 3,
            "name": "bandana_knotGeo"
        },
        {
            "mesh": 4,
            "skin": 4,
            "name": "bandanaGeo"
        },
        {
            "mesh": 5,
            "skin": 5,
            "name": "mainGeo"
        },
        {
            "mesh": 6,
            "skin": 6,
            "name": "armsGeo"
        },
        {
            "mesh": 7,
            "skin": 7,
            "name": "hairGeo"
        },
        {
            "children": [
                12
            ],
            "name": "Root"
        },
        {
            "children": [
                21,
                17,
                13
            ],
            "translation": [
                -0.27990201115608218,
                4.31119966506958,
                -0.4620159864425659
            ],
            "rotation": [
                0.04050726816058159,
                0.2822282612323761,
                0.11121813207864762,
                -0.952014684677124
            ],
            "scale": [
                0.9999912977218628,
                0.9999985694885254,
                0.9999923706054688
            ],
            "name": "hips_s"
        },
        {
            "children": [
                14
            ],
            "translation": [
                0.6804310083389282,
                -0.07795099914073944,
                0.21601499617099766
            ],
            "rotation": [
                0.3933947384357453,
                -0.0095042884349823,
                0.8680830597877502,
                -0.3025972843170166
            ],
            "scale": [
                0.9999747276306152,
                0.9999696016311646,
                0.9999940991401672
            ],
            "name": "L_upperLeg_s"
        },
        {
            "children": [
                15
            ],
            "translation": [
                0.015514999628067017,
                1.6128640174865725,
                0.13949699699878694
            ],
            "rotation": [
                -0.07655561715364456,
                0.0007381821051239967,
                0.0007381821051239967,
                -0.9970646500587465
            ],
            "scale": [
                1.0000001192092896,
                0.9999993443489076,
                0.9999993443489076
            ],
            "name": "L_lowerLeg_s"
        },
        {
            "children": [
                16
            ],
            "translation": [
                0.01629200018942356,
                2.2635998725891119,
                -0.3931579887866974
            ],
            "rotation": [
                0.00799707043915987,
                0.16418617963790894,
                0.9718298316001892,
                0.16883070766925813
            ],
            "scale": [
                0.9999575018882752,
                0.9999590516090392,
                0.9999982714653016
            ],
            "name": "L_ankle_s"
        },
        {
            "matrix": [
                -0.9999232292175292,
                0.0,
                0.0,
                0.0,
                0.0,
                -0.06295821815729141,
                0.997974932193756,
                0.0,
                0.0,
                0.997974932193756,
                0.06303504854440689,
                0.0,
                0.0019389999797567728,
                -0.4183079898357392,
                0.8136739730834961,
                1.0
            ],
            "name": "L_toes_s"
        },
        {
            "children": [
                18
            ],
            "translation": [
                -0.6804310083389282,
                -0.07794699817895889,
                0.21601499617099766
            ],
            "rotation": [
                -0.03641748428344727,
                0.9768432974815368,
                0.17485922574996949,
                0.11755703389644624
            ],
            "scale": [
                0.9998904466629028,
                0.9999966621398926,
                0.999893605709076
            ],
            "name": "R_upperLeg_s"
        },
        {
            "children": [
                19
            ],
            "translation": [
                -0.015619000419974329,
                -1.6237199306488038,
                -0.14043700695037845
            ],
            "rotation": [
                -0.0846145898103714,
                0.0007997017819434404,
                0.0007997017819434404,
                -0.9964129328727722
            ],
            "scale": [
                0.999999701976776,
                0.9999993443489076,
                0.9999992847442628
            ],
            "name": "R_lowerLeg_s"
        },
        {
            "children": [
                20
            ],
            "translation": [
                -0.016402000561356546,
                -2.278834104537964,
                0.3958030045032501
            ],
            "rotation": [
                -0.008058598265051842,
                -0.0016609320882707837,
                0.9981893301010132,
                0.05936293676495552
            ],
            "scale": [
                0.999947428703308,
                0.9999473690986632,
                1.000000238418579
            ],
            "name": "R_ankle_s"
        },
        {
            "matrix": [
                -0.9999232292175292,
                0.0,
                0.0,
                0.0,
                0.0,
                -0.06295821815729141,
                0.997974932193756,
                0.0,
                0.0,
                0.997974932193756,
                0.06303504854440689,
                0.0,
                -0.0019389999797567728,
                0.4183079898357392,
                -0.8136739730834961,
                1.0
            ],
            "name": "R_toes_s"
        },
        {
            "children": [
                22
            ],
            "translation": [
                -0.050714001059532168,
                0.3594669997692108,
                0.04351900145411492
            ],
            "rotation": [
                0.01451762393116951,
                0.02119204588234425,
                -0.12020106613636016,
                -0.9924169778823853
            ],
            "scale": [
                0.9999998211860656,
                0.999999225139618,
                0.9999995231628418
            ],
            "name": "spine_lower_s"
        },
        {
            "children": [
                23
            ],
            "translation": [
                -0.013357999734580517,
                0.3741270005702973,
                0.014349999837577345
            ],
            "rotation": [
                0.008550679311156273,
                0.012702987529337408,
                -0.03407969698309899,
                -0.9993017911911012
            ],
            "scale": [
                1.0,
                1.000000238418579,
                0.9999995231628418
            ],
            "name": "spine_upper_s"
        },
        {
            "children": [
                45,
                34,
                28,
                25,
                24
            ],
            "translation": [
                0.02706299908459187,
                0.3858329951763153,
                0.014693000353872776
            ],
            "rotation": [
                -0.006920481100678444,
                -0.00030757684726268053,
                0.031126778572797777,
                -0.9994914531707764
            ],
            "scale": [
                0.9999998211860656,
                0.9999999403953552,
                1.0000003576278689
            ],
            "name": "chest_s"
        },
        {
            "translation": [
                -0.8409379720687866,
                1.566749930381775,
                -0.3746669888496399
            ],
            "rotation": [
                0.38939622044563296,
                0.6958690881729126,
                -0.5185492038726807,
                0.3085027933120728
            ],
            "scale": [
                0.9998952746391296,
                0.9999411702156068,
                0.999911904335022
            ],
            "name": "knot_01_s"
        },
        {
            "children": [
                26
            ],
            "translation": [
                0.0803619995713234,
                1.7102019786834717,
                -0.5788429975509644
            ],
            "rotation": [
                0.3600825071334839,
                0.2959270477294922,
                0.6389096975326538,
                -0.6119236350059509
            ],
            "scale": [
                0.9999337792396544,
                0.9999282956123352,
                0.9999711513519288
            ],
            "name": "bandana_01_s"
        },
        {
            "children": [
                27
            ],
            "translation": [
                1.6929370164871216,
                0.029194999486207967,
                -0.0
            ],
            "rotation": [
                -0.05370301380753517,
                -0.2838324308395386,
                -0.044444937258958819,
                -0.9563359022140504
            ],
            "scale": [
                0.9999974370002748,
                1.0000001192092896,
                0.9999972581863404
            ],
            "name": "bandana_02_s"
        },
        {
            "translation": [
                0.9277120232582092,
                0.02927899919450283,
                0.0
            ],
            "rotation": [
                0.07409608364105225,
                -0.11884897947311402,
                -0.1657857596874237,
                -0.9761658906936646
            ],
            "scale": [
                0.9999997615814208,
                1.0000003576278689,
                0.9999998807907105
            ],
            "name": "bandana_03_s"
        },
        {
            "children": [
                29
            ],
            "translation": [
                -0.018975000828504564,
                1.2761709690093997,
                0.01868800073862076
            ],
            "rotation": [
                -0.10537351667881012,
                -0.23888960480690006,
                0.0011687775840982798,
                -0.96530944108963
            ],
            "scale": [
                0.9999926686286926,
                0.9999990463256836,
                0.9999915957450868
            ],
            "name": "neck_s"
        },
        {
            "children": [
                32,
                31,
                30
            ],
            "translation": [
                -0.015103000216186049,
                1.1383869647979737,
                0.061163000762462619
            ],
            "rotation": [
                -0.03534021973609924,
                -0.046751197427511218,
                0.02392923273146153,
                -0.9979942440986632
            ],
            "scale": [
                0.999999463558197,
                0.9999998211860656,
                0.9999993443489076
            ],
            "name": "head_s"
        },
        {
            "translation": [
                0.5397099852561951,
                1.4539270401000977,
                1.8041449785232545
            ],
            "rotation": [
                -0.0,
                -0.0,
                -0.0,
                -1.0
            ],
            "name": "L_eyebrow_s"
        },
        {
            "translation": [
                -0.5397099852561951,
                1.4539320468902588,
                1.8041460514068604
            ],
            "rotation": [
                -0.0,
                -0.0,
                -0.0,
                -1.0
            ],
            "name": "R_eyebrow_s"
        },
        {
            "children": [
                33
            ],
            "translation": [
                -0.0,
                2.1217000484466554,
                -1.7578849792480469
            ],
            "rotation": [
                -0.038939468562603,
                0.01091904565691948,
                0.03850885480642319,
                -0.9984394907951356
            ],
            "scale": [
                0.9999999403953552,
                0.9999995231628418,
                1.0
            ],
            "name": "hair_01_s"
        },
        {
            "translation": [
                -0.0,
                -0.0022140000946819784,
                -1.2903859615325928
            ],
            "rotation": [
                0.029711682349443437,
                0.005228764843195677,
                0.00538255088031292,
                -0.9995303750038148
            ],
            "scale": [
                1.0000001192092896,
                0.9999998211860656,
                1.0
            ],
            "name": "hair_02_s"
        },
        {
            "children": [
                35
            ],
            "translation": [
                -0.38418298959732058,
                0.6580349802970886,
                0.3516089916229248
            ],
            "rotation": [
                0.9956364631652832,
                -0.05041235685348511,
                -0.07815608382225037,
                -0.0033833810593932869
            ],
            "scale": [
                0.9999990463256836,
                0.9999066591262816,
                0.9999074339866638
            ],
            "name": "R_clavicle_s"
        },
        {
            "children": [
                36
            ],
            "translation": [
                -0.9538919925689696,
                -0.01750000007450581,
                0.4655739963054657
            ],
            "rotation": [
                0.3712490499019623,
                0.2017725259065628,
                0.8436919450759888,
                -0.3310482800006867
            ],
            "scale": [
                0.9999202489852904,
                0.9999098777770996,
                0.99998140335083
            ],
            "name": "R_shoulder_s"
        },
        {
            "children": [
                37
            ],
            "translation": [
                -0.012714000418782236,
                -1.4044770002365113,
                0.03639199957251549
            ],
            "rotation": [
                0.14895138144493104,
                0.20843340456485749,
                0.6775544285774231,
                -0.6893623471260071
            ],
            "scale": [
                0.9999376535415648,
                0.9999400973320008,
                0.9999921917915344
            ],
            "name": "R_elbow_s"
        },
        {
            "children": [
                38
            ],
            "translation": [
                0.05462099984288216,
                -0.7359619736671448,
                0.030966000631451608
            ],
            "rotation": [
                -0.015132760629057885,
                0.09356474131345748,
                -0.01141108386218548,
                -0.995432674884796
            ],
            "scale": [
                0.999999225139618,
                0.9999998211860656,
                0.9999998807907105
            ],
            "name": "R_forearm_twist_s"
        },
        {
            "children": [
                43,
                41,
                39
            ],
            "translation": [
                0.04478999972343445,
                -0.7359619736671448,
                0.04400299862027168
            ],
            "rotation": [
                0.2554731965065003,
                0.07535628229379654,
                0.0003383364819455892,
                -0.9638741612434388
            ],
            "scale": [
                1.0,
                0.999997615814209,
                0.9999971389770508
            ],
            "name": "R_wrist_s"
        },
        {
            "children": [
                40
            ],
            "matrix": [
                0.5466347336769104,
                0.7005727887153626,
                0.4586752653121948,
                0.0,
                0.5574542284011841,
                0.10428614169359209,
                -0.8236245512962341,
                0.0,
                -0.6248438358306885,
                0.7059119343757629,
                -0.3335308730602265,
                0.0,
                -0.3868690133094788,
                -0.3500869870185852,
                0.04602900147438049,
                1.0
            ],
            "name": "R_thumb_01_s"
        },
        {
            "matrix": [
                0.9780189394950868,
                0.20124925673007969,
                -0.05455659329891205,
                0.0,
                -0.039639610797166827,
                0.4363498985767365,
                0.8988747000694275,
                0.0,
                0.2047104835510254,
                -0.8769533038139343,
                0.4347369968891144,
                0.0,
                0.0604269988834858,
                -0.4854919910430908,
                0.14722299575805665,
                1.0
            ],
            "name": "R_thumb_02_s"
        },
        {
            "children": [
                42
            ],
            "matrix": [
                -0.9980438947677612,
                0.05010554939508438,
                -0.03733731061220169,
                0.0,
                0.058501869440078738,
                0.9592195153236388,
                -0.2765409648418427,
                0.0,
                0.021958431228995324,
                -0.2781847715377808,
                -0.9602743983268738,
                0.0,
                -0.3601810038089752,
                -0.8790140151977539,
                0.09467200189828873,
                1.0
            ],
            "name": "R_index_01_s"
        },
        {
            "matrix": [
                0.9989717602729796,
                0.04154052957892418,
                -0.0181503351777792,
                0.0,
                -0.0342034213244915,
                0.953446328639984,
                0.2996106445789337,
                0.0,
                0.029751939699053769,
                -0.29868167638778689,
                0.9538866877555848,
                0.0,
                0.013384000398218632,
                -0.3326880037784577,
                -0.08000200241804123,
                1.0
            ],
            "name": "R_index_02_s"
        },
        {
            "children": [
                44
            ],
            "matrix": [
                -0.9993582367897034,
                -0.01123241614550352,
                -0.033282648772001269,
                0.0,
                -0.001806537271477282,
                0.96267831325531,
                -0.2706415057182312,
                0.0,
                0.03508047014474869,
                -0.2704143226146698,
                -0.9620801210403442,
                0.0,
                0.1181199997663498,
                -0.8380209803581238,
                0.1457590013742447,
                1.0
            ],
            "name": "R_middle_01_s"
        },
        {
            "matrix": [
                0.9756354093551636,
                -0.17989151179790498,
                0.12559089064598084,
                0.0,
                -0.038298238068819049,
                0.42403385043144228,
                0.9048086404800416,
                0.0,
                -0.21602597832679749,
                -0.8875719904899597,
                0.4068129062652588,
                0.0,
                0.008251000195741654,
                -0.3267810046672821,
                -0.08033899962902069,
                1.0
            ],
            "name": "R_middle_02_s"
        },
        {
            "children": [
                46
            ],
            "translation": [
                0.12730200588703156,
                0.6976199746131897,
                0.24813200533390049
            ],
            "rotation": [
                -0.11429554224014282,
                -0.02242235094308853,
                0.11632555723190308,
                -0.9863576889038086
            ],
            "scale": [
                0.9999994039535524,
                0.9999987483024596,
                0.9999992847442628
            ],
            "name": "L_clavicle_s"
        },
        {
            "children": [
                47
            ],
            "translation": [
                0.9538879990577698,
                0.017503999173641206,
                -0.4655739963054657
            ],
            "rotation": [
                0.4603550434112549,
                0.2820200920104981,
                0.8029376864433289,
                -0.2525847554206848
            ],
            "scale": [
                0.9999566674232484,
                0.9999487400054932,
                0.9999825358390808
            ],
            "name": "L_shoulder_s"
        },
        {
            "children": [
                48
            ],
            "translation": [
                0.025482000783085824,
                1.4016480445861817,
                -0.09363900125026704
            ],
            "rotation": [
                -0.1509254276752472,
                0.04112233594059944,
                0.4662787914276123,
                -0.8706903457641602
            ],
            "scale": [
                0.9999823570251464,
                0.9999805092811585,
                0.9999982118606569
            ],
            "name": "L_elbow_s"
        },
        {
            "children": [
                49
            ],
            "translation": [
                -0.03781899809837341,
                0.7373189926147461,
                -0.022703999653458597
            ],
            "rotation": [
                -0.02583618089556694,
                0.5156778693199158,
                -0.014763537794351578,
                -0.8562591671943665
            ],
            "scale": [
                0.999983847141266,
                1.0000003576278689,
                0.9999833703041076
            ],
            "name": "L_forearm_twist_s"
        },
        {
            "children": [
                56,
                54,
                52,
                50
            ],
            "translation": [
                -0.03873899951577187,
                0.7373189926147461,
                -0.021095000207424165
            ],
            "rotation": [
                -0.06160607188940048,
                0.6056035757064819,
                -0.3029556274414063,
                -0.7332353591918945
            ],
            "scale": [
                0.999965250492096,
                0.9999927878379822,
                0.9999715089797974
            ],
            "name": "L_wrist_s"
        },
        {
            "children": [
                51
            ],
            "matrix": [
                0.09460856020450592,
                -0.875640869140625,
                0.4735343158245087,
                0.0,
                0.02062060311436653,
                -0.4738032817840576,
                -0.8803259134292603,
                0.0,
                0.9952664375305176,
                0.09302140027284622,
                -0.02671884000301361,
                0.0,
                -2.646559000015259,
                0.2500379979610443,
                -0.7519140243530273,
                1.0
            ],
            "name": "L_gunbone_01_s"
        },
        {
            "matrix": [
                1.0,
                0.0,
                0.0,
                0.0,
                0.0,
                1.0,
                0.0,
                0.0,
                0.0,
                0.0,
                1.0,
                0.0,
                0.004317000042647123,
                -0.3589099943637848,
                2.6687819957733156,
                1.0
            ],
            "name": "L_gunbone_02_s"
        },
        {
            "children": [
                53
            ],
            "matrix": [
                0.6232998967170715,
                0.6122539043426514,
                0.48643410205841067,
                0.0,
                0.7064988613128662,
                -0.1742530018091202,
                -0.6858721375465393,
                0.0,
                -0.335160493850708,
                0.7711719274520874,
                -0.5411683320999146,
                0.0,
                0.3868699967861176,
                0.35008201003074648,
                -0.04602399840950966,
                1.0
            ],
            "name": "L_thumb_01_s"
        },
        {
            "matrix": [
                0.996065616607666,
                0.0774688795208931,
                -0.04302269220352173,
                0.0,
                -0.05883532389998436,
                0.9412188529968262,
                0.33262431621551516,
                0.0,
                0.06626299768686295,
                -0.328784316778183,
                0.9420742988586426,
                0.0,
                -0.060423001646995547,
                0.485495001077652,
                -0.1472180038690567,
                1.0
            ],
            "name": "L_thumb_02_s"
        },
        {
            "children": [
                55
            ],
            "matrix": [
                -0.9923112988471984,
                0.06730617582798004,
                0.1031944677233696,
                0.0,
                0.04289345443248749,
                0.9739354848861694,
                -0.2227289080619812,
                0.0,
                -0.11549630761146546,
                -0.21660540997982026,
                -0.9693332314491272,
                0.0,
                0.3601799905300141,
                0.8790180087089539,
                -0.09467099606990814,
                1.0
            ],
            "name": "L_index_01_s"
        },
        {
            "matrix": [
                0.991356611251831,
                0.12619787454605106,
                0.03586183488368988,
                0.0,
                -0.09860674291849137,
                0.5364325642585754,
                0.8381597399711609,
                0.0,
                0.08653721213340759,
                -0.8344511985778809,
                0.54423987865448,
                0.0,
                -0.013383000157773497,
                0.3326889872550965,
                0.08001100271940232,
                1.0
            ],
            "name": "L_index_02_s"
        },
        {
            "children": [
                57
            ],
            "matrix": [
                -0.986677885055542,
                0.14525830745697022,
                0.07176508754491806,
                0.0,
                0.14055922627449037,
                0.9878219366073608,
                -0.06670496612787247,
                0.0,
                -0.08058109134435654,
                -0.0557357594370842,
                -0.9950796961784364,
                0.0,
                -0.1181199997663498,
                0.8380249738693237,
                -0.1457580029964447,
                1.0
            ],
            "name": "L_middle_01_s"
        },
        {
            "matrix": [
                0.9935858845710754,
                0.1130221113562584,
                0.003548939246684313,
                0.0,
                -0.075999416410923,
                0.6442387700080872,
                0.7610123753547669,
                0.0,
                0.08372975140810013,
                -0.7564008235931397,
                0.6486969590187073,
                0.0,
                -0.008251000195741654,
                0.32677799463272097,
                0.08033999800682068,
                1.0
            ],
            "name": "L_middle_02_s"
        }
    ],
    "meshes": [
        {
            "primitives": [
                {
                    "attributes": {
                        "JOINTS_0": 1,
                        "NORMAL": 2,
                        "POSITION": 3,
                        "WEIGHTS_0": 4
                    },
                    "indices": 0,
                    "mode": 4,
                    "material": 0
                }
            ],
            "name": "eyebrowsGeo-mesh"
        },
        {
            "primitives": [
                {
                    "attributes": {
                        "JOINTS_0": 6,
                        "NORMAL": 7,
                        "POSITION": 8,
                        "WEIGHTS_0": 9
                    },
                    "indices": 5,
                    "mode": 4,
                    "material": 0
                }
            ],
            "name": "hair_bangsGeo-mesh"
        },
        {
            "primitives": [
                {
                    "attributes": {
                        "JOINTS_0": 11,
                        "NORMAL": 12,
                        "POSITION": 13,
                        "WEIGHTS_0": 14
                    },
                    "indices": 10,
                    "mode": 4,
                    "material": 0
                },
                {
                    "attributes": {
                        "JOINTS_0": 16,
                        "NORMAL": 17,
                        "POSITION": 18,
                        "WEIGHTS_0": 19
                    },
                    "indices": 15,
                    "mode": 4,
                    "material": 1
                }
            ],
            "name": "gunGeo-mesh"
        },
        {
            "primitives": [
                {
                    "attributes": {
                        "JOINTS_0": 21,
                        "NORMAL": 22,
                        "POSITION": 23,
                        "WEIGHTS_0": 24
                    },
                    "indices": 20,
                    "mode": 4,
                    "material": 0
                }
            ],
            "name": "bandana_knotGeo-mesh"
        },
        {
            "primitives": [
                {
                    "attributes": {
                        "JOINTS_0": 26,
                        "NORMAL": 27,
                        "POSITION": 28,
                        "WEIGHTS_0": 29
                    },
                    "indices": 25,
                    "mode": 4,
                    "material": 0
                }
            ],
            "name": "bandanaGeo-mesh"
        },
        {
            "primitives": [
                {
                    "attributes": {
                        "JOINTS_0": 31,
                        "NORMAL": 32,
                        "POSITION": 33,
                        "WEIGHTS_0": 34
                    },
                    "indices": 30,
                    "mode": 4,
                    "material": 0
                }
            ],
            "name": "mainGeo-mesh"
        },
        {
            "primitives": [
                {
                    "attributes": {
                        "JOINTS_0": 36,
                        "NORMAL": 37,
                        "POSITION": 38,
                        "WEIGHTS_0": 39
                    },
                    "indices": 35,
                    "mode": 4,
                    "material": 0
                }
            ],
            "name": "armsGeo-mesh"
        },
        {
            "primitives": [
                {
                    "attributes": {
                        "JOINTS_0": 41,
                        "NORMAL": 42,
                        "POSITION": 43,
                        "WEIGHTS_0": 44
                    },
                    "indices": 40,
                    "mode": 4,
                    "material": 0
                }
            ],
            "name": "hairGeo-mesh"
        }
    ],
    "animations": [
        {
            "channels": [
                {
                    "sampler": 0,
                    "target": {
                        "node": 12,
                        "path": "translation"
                    }
                },
                {
                    "sampler": 1,
                    "target": {
                        "node": 12,
                        "path": "rotation"
                    }
                },
                {
                    "sampler": 2,
                    "target": {
                        "node": 12,
                        "path": "scale"
                    }
                },
                {
                    "sampler": 3,
                    "target": {
                        "node": 21,
                        "path": "translation"
                    }
                },
                {
                    "sampler": 4,
                    "target": {
                        "node": 21,
                        "path": "rotation"
                    }
                },
                {
                    "sampler": 5,
                    "target": {
                        "node": 21,
                        "path": "scale"
                    }
                },
                {
                    "sampler": 6,
                    "target": {
                        "node": 22,
                        "path": "translation"
                    }
                },
                {
                    "sampler": 7,
                    "target": {
                        "node": 22,
                        "path": "rotation"
                    }
                },
                {
                    "sampler": 8,
                    "target": {
                        "node": 22,
                        "path": "scale"
                    }
                },
                {
                    "sampler": 9,
                    "target": {
                        "node": 23,
                        "path": "translation"
                    }
                },
                {
                    "sampler": 10,
                    "target": {
                        "node": 23,
                        "path": "rotation"
                    }
                },
                {
                    "sampler": 11,
                    "target": {
                        "node": 23,
                        "path": "scale"
                    }
                },
                {
                    "sampler": 12,
                    "target": {
                        "node": 45,
                        "path": "translation"
                    }
                },
                {
                    "sampler": 13,
                    "target": {
                        "node": 45,
                        "path": "rotation"
                    }
                },
                {
                    "sampler": 14,
                    "target": {
                        "node": 45,
                        "path": "scale"
                    }
                },
                {
                    "sampler": 15,
                    "target": {
                        "node": 46,
                        "path": "translation"
                    }
                },
                {
                    "sampler": 16,
                    "target": {
                        "node": 46,
                        "path": "rotation"
                    }
                },
                {
                    "sampler": 17,
                    "target": {
                        "node": 46,
                        "path": "scale"
                    }
                },
                {
                    "sampler": 18,
                    "target": {
                        "node": 47,
                        "path": "translation"
                    }
                },
                {
                    "sampler": 19,
                    "target": {
                        "node": 47,
                        "path": "rotation"
                    }
                },
                {
                    "sampler": 20,
                    "target": {
                        "node": 47,
                        "path": "scale"
                    }
                },
                {
                    "sampler": 21,
                    "target": {
                        "node": 48,
                        "path": "translation"
                    }
                },
                {
                    "sampler": 22,
                    "target": {
                        "node": 48,
                        "path": "rotation"
                    }
                },
                {
                    "sampler": 23,
                    "target": {
                        "node": 48,
                        "path": "scale"
                    }
                },
                {
                    "sampler": 24,
                    "target": {
                        "node": 49,
                        "path": "translation"
                    }
                },
                {
                    "sampler": 25,
                    "target": {
                        "node": 49,
                        "path": "rotation"
                    }
                },
                {
                    "sampler": 26,
                    "target": {
                        "node": 49,
                        "path": "scale"
                    }
                },
                {
                    "sampler": 27,
                    "target": {
                        "node": 34,
                        "path": "translation"
                    }
                },
                {
                    "sampler": 28,
                    "target": {
                        "node": 34,
                        "path": "rotation"
                    }
                },
                {
                    "sampler": 29,
                    "target": {
                        "node": 34,
                        "path": "scale"
                    }
                },
                {
                    "sampler": 30,
                    "target": {
                        "node": 35,
                        "path": "translation"
                    }
                },
                {
                    "sampler": 31,
                    "target": {
                        "node": 35,
                        "path": "rotation"
                    }
                },
                {
                    "sampler": 32,
                    "target": {
                        "node": 35,
                        "path": "scale"
                    }
                },
