{
    "asset": {
        "generator": "COLLADA2GLTF",
        "version": "2.0"
    },
    "scenes": [
        {
            "nodes": [
                0
            ]
        }
    ],
    "scene": 0,
    "nodes": [
        {
            "children": [
                1
            ],
            "name": "Y_UP"
        },
        {
            "children": [
                11,
                2
            ],
            "name": "CHARACTER"
        },
        {
            "children": [
                10,
                9,
                8,
                7,
                6,
                5,
                4,
                3
            ],
            "name": "shelly_GEO"
        },
        {
            "mesh": 0,
            "skin": 0,
            "name": "eyebrowsGeo"
        },
        {
            "mesh": 1,
            "skin": 1,
            "name": "hair_bangsGeo"
        },
        {
            "mesh": 2,
            "skin": 2,
            "name": "gunGeo"
        },
        {
            "mesh": 3,
            "skin": 3,
            "name": "bandana_knotGeo"
        },
        {
            "mesh": 4,
            "skin": 4,
            "name": "bandanaGeo"
        },
        {
            "mesh": 5,
            "skin": 5,
            "name": "mainGeo"
        },
        {
            "mesh": 6,
            "skin": 6,
            "name": "armsGeo"
        },
        {
            "mesh": 7,
            "skin": 7,
            "name": "hairGeo"
        },
        {
            "children": [
                12
            ],
            "name": "Root"
        },
        {
            "children": [
                21,
                17,
                13
            ],
            "translation": [
                0.09955299645662308,
                4.432888984680176,
                -0.24116100370883945
            ],
            "rotation": [
                -0.07123531401157379,
                0.028358787298202516,
                0.13976392149925233,
                -0.98721182346344
            ],
            "scale": [
                0.9999995827674866,
                0.9999998211860656,
                0.9999998211860656
            ],
            "name": "hips_s"
        },
        {
            "children": [
                14
            ],
            "translation": [
                0.6804310083389282,
                -0.07795099914073944,
                0.21601499617099766
            ],
            "rotation": [
                0.031619228422641757,
                0.32824936509132388,
                0.935781478881836,
                -0.12463142722845078
            ],
            "scale": [
                0.9999358654022216,
                0.9999427795410156,
                0.9999927878379822
            ],
            "name": "L_upperLeg_s"
        },
        {
            "children": [
                15
            ],
            "translation": [
                0.015065999701619149,
                1.5661360025405884,
                0.13545599579811097
            ],
            "rotation": [
                -0.008181430399417878,
                0.00015378631360363215,
                0.00015378631360363215,
                -0.9999663829803468
            ],
            "scale": [
                1.0000001192092896,
                0.9999995827674866,
                0.9999995231628418
            ],
            "name": "L_lowerLeg_s"
        },
        {
            "children": [
                16
            ],
            "translation": [
                0.01582000032067299,
                2.198019027709961,
                -0.38176700472831728
            ],
            "rotation": [
                -0.02802053838968277,
                -0.07265039533376694,
                0.996928334236145,
                0.005105826538056135
            ],
            "scale": [
                0.9999103546142578,
                0.9999112486839294,
                0.9999998211860656
            ],
            "name": "L_ankle_s"
        },
        {
            "translation": [
                0.0019389999797567728,
                -0.4183079898357392,
                0.8136739730834961
            ],
            "rotation": [
                0.0,
                0.684457540512085,
                0.7290261387825012,
                -0.0
            ],
            "scale": [
                0.9999232292175292,
                0.9999588131904602,
                0.9999637007713318
            ],
            "name": "L_toes_s"
        },
        {
            "children": [
                18
            ],
            "translation": [
                -0.6804310083389282,
                -0.07794699817895889,
                0.21601499617099766
            ],
            "rotation": [
                -0.1633865386247635,
                0.9764127731323242,
                0.12484674900770188,
                -0.06545303761959076
            ],
            "scale": [
                0.9998989701271056,
                0.9999957084655762,
                0.9998978972434998
            ],
            "name": "R_upperLeg_s"
        },
        {
            "children": [
                19
            ],
            "translation": [
                -0.014902999624609948,
                -1.5492899417877198,
                -0.13399900496006013
            ],
            "rotation": [
                0.5505196452140808,
                -0.0011380095966160298,
                -0.004182952921837568,
                -0.8347991704940796
            ],
            "scale": [
                0.9999999403953552,
                0.9999728798866272,
                0.9999722242355348
            ],
            "name": "R_lowerLeg_s"
        },
        {
            "children": [
                20
            ],
            "translation": [
                -0.01565000042319298,
                -2.1743741035461427,
                0.37765997648239138
            ],
            "rotation": [
                -0.04521426185965538,
                0.09814880043268204,
                0.9853940606117249,
                0.13155195116996766
            ],
            "scale": [
                0.9999701976776124,
                0.999970555305481,
                1.0
            ],
            "name": "R_ankle_s"
        },
        {
            "translation": [
                -0.0019389999797567728,
                0.4183079898357392,
                -0.8136739730834961
            ],
            "rotation": [
                0.0,
                0.684457540512085,
                0.7290261387825012,
                -0.0
            ],
            "scale": [
                0.9999232292175292,
                0.9999588131904602,
                0.9999637007713318
            ],
            "name": "R_toes_s"
        },
        {
            "children": [
                22
            ],
            "translation": [
                -0.01291599962860346,
                0.4541740119457245,
                0.06061499938368797
            ],
            "rotation": [
                0.003660191548988223,
                -0.03823207691311836,
                -0.0398007296025753,
                -0.9984691739082336
            ],
            "scale": [
                0.9999998211860656,
                0.9999998807907105,
                1.0
            ],
            "name": "spine_lower_s"
        },
        {
            "children": [
                23
            ],
            "translation": [
                -0.022326000034809114,
                0.5002949833869934,
                0.031178999692201616
            ],
            "rotation": [
                0.01897769421339035,
                -0.04844386503100395,
                -0.07086646556854248,
                -0.9961279034614564
            ],
            "scale": [
                0.9999995827674866,
                0.9999999403953552,
                0.9999995827674866
            ],
            "name": "spine_upper_s"
        },
        {
            "children": [
                45,
                34,
                28,
                25,
                24
            ],
            "translation": [
                -0.016188999637961389,
                0.46335798501968386,
                0.005026999861001968
            ],
            "rotation": [
                0.021130794659256936,
                -0.027528487145900728,
                -0.03869365528225899,
                -0.9986483454704284
            ],
            "scale": [
                1.0000004768371585,
                0.999999463558197,
                1.000000238418579
            ],
            "name": "chest_s"
        },
        {
            "translation": [
                -0.8626610040664673,
                1.5842469930648804,
                -0.42382198572158816
            ],
            "rotation": [
                0.3350777328014374,
                0.6311849355697632,
                -0.6055943369865418,
                0.35002601146698
            ],
            "scale": [
                0.99989914894104,
                0.9999370574951172,
                0.999932825565338
            ],
            "name": "knot_01_s"
        },
        {
            "children": [
                26
            ],
            "translation": [
                -0.06957799941301346,
                1.6969079971313477,
                -0.5478940010070801
            ],
            "rotation": [
                0.3953407406806946,
                0.38442227244377139,
                0.5759723782539368,
                -0.6034140586853027
            ],
            "scale": [
                0.9999599456787108,
                0.9999597668647766,
                0.999974489212036
            ],
            "name": "bandana_01_s"
        },
        {
            "children": [
                27
            ],
            "translation": [
                1.6178280115127564,
                -0.002466999925673008,
                0.12010899931192398
            ],
            "rotation": [
                -0.02648225612938404,
                -0.3292596936225891,
                0.025744082406163217,
                -0.943515121936798
            ],
            "scale": [
                0.9999945759773254,
                0.9999998211860656,
                0.9999940991401672
            ],
            "name": "bandana_02_s"
        },
        {
            "translation": [
                0.8910719752311707,
                -0.19419199228286744,
                -0.01671999879181385
            ],
            "rotation": [
                -0.05093387886881828,
                -0.20758023858070377,
                0.0687115490436554,
                -0.974470317363739
            ],
            "scale": [
                0.999995768070221,
                0.9999993443489076,
                0.999995231628418
            ],
            "name": "bandana_03_s"
        },
        {
            "children": [
                29
            ],
            "translation": [
                -0.02844100072979927,
                1.3130099773406985,
                -0.04264499992132187
            ],
            "rotation": [
                0.0019069641130045057,
                0.09777809679508208,
                0.04788943752646446,
                -0.9940533638000488
            ],
            "scale": [
                0.9999995231628418,
                1.0,
                0.9999994039535524
            ],
            "name": "neck_s"
        },
        {
            "children": [
                32,
                31,
                30
            ],
            "translation": [
                0.04269300028681755,
                1.1412190198898316,
                0.09071700274944306
            ],
            "rotation": [
                -0.003045016899704933,
                -0.014210081659257412,
                -0.04010810703039169,
                -0.9990897178649902
            ],
            "scale": [
                1.0000001192092896,
                0.9999998807907105,
                1.0000003576278689
            ],
            "name": "head_s"
        },
        {
            "matrix": [
                1.0,
                0.0,
                0.0,
                0.0,
                0.0,
                1.0,
                0.0,
                0.0,
                0.0,
                0.0,
                1.0,
                0.0,
                0.5397099852561951,
                1.4539270401000977,
                1.8041449785232545,
                1.0
            ],
            "name": "L_eyebrow_s"
        },
        {
            "matrix": [
                1.0,
                0.0,
                0.0,
                0.0,
                0.0,
                1.0,
                0.0,
                0.0,
                0.0,
                0.0,
                1.0,
                0.0,
                -0.5397099852561951,
                1.4539320468902588,
                1.8041460514068604,
                1.0
            ],
            "name": "R_eyebrow_s"
        },
        {
            "children": [
                33
            ],
            "translation": [
                0.0,
                2.1217000484466554,
                -1.7578849792480469
            ],
            "rotation": [
                -0.10632932931184769,
                -0.07966242730617523,
                -0.05311854928731918,
                -0.9897100925445556
            ],
            "scale": [
                1.000000238418579,
                0.9999995231628418,
                0.999998927116394
            ],
            "name": "hair_01_s"
        },
        {
            "translation": [
                -0.0,
                -0.0022140000946819784,
                -1.2903859615325928
            ],
            "rotation": [
                0.029773250222206117,
                -0.020330699160695077,
                0.08110751956701279,
                -0.9960530996322632
            ],
            "scale": [
                1.0,
                1.0,
                0.9999998807907105
            ],
            "name": "hair_02_s"
        },
        {
            "children": [
                35
            ],
            "translation": [
                -0.3830399811267853,
                0.7146379947662354,
                0.334868997335434
            ],
            "rotation": [
                0.9779813885688782,
                -0.1422557383775711,
                -0.14348609745502473,
                0.05207328870892525
            ],
            "scale": [
                0.9999988675117492,
                0.9999688863754273,
                0.9999690651893616
            ],
            "name": "R_clavicle_s"
        },
        {
            "children": [
                36
            ],
            "translation": [
                -0.9538919925689696,
                -0.01750000007450581,
                0.4655739963054657
            ],
            "rotation": [
                0.45109695196151736,
                0.23277656733989716,
                0.8187780380249023,
                -0.2681482434272766
            ],
            "scale": [
                0.9999629259109496,
                0.9999548196792604,
                0.9999868869781494
            ],
            "name": "R_shoulder_s"
        },
        {
            "children": [
                37
            ],
            "translation": [
                -0.012714000418782236,
                -1.4044770002365113,
                0.03639199957251549
            ],
            "rotation": [
                0.15273070335388184,
                0.2055681198835373,
                0.6901789903640747,
                -0.676736056804657
            ],
            "scale": [
                0.9999151229858398,
                0.9999191761016846,
                0.9999894499778748
            ],
            "name": "R_elbow_s"
        },
        {
            "children": [
                38
            ],
            "translation": [
                0.05462099984288216,
                -0.7359619736671448,
                0.030966000631451608
            ],
            "rotation": [
                -0.01826997846364975,
                0.14099256694316865,
                -0.013779380358755589,
                -0.9897459745407105
            ],
            "scale": [
                0.999999225139618,
                1.0000003576278689,
                0.9999988079071044
            ],
            "name": "R_forearm_twist_s"
        },
        {
            "children": [
                43,
                41,
                39
            ],
            "translation": [
                0.04478999972343445,
                -0.7359619736671448,
                0.04400299862027168
            ],
            "rotation": [
                0.2811537683010102,
                0.12521353363990785,
                0.011041922494769097,
                -0.9513930678367616
            ],
            "scale": [
                0.9999989867210388,
                0.9999948740005492,
                0.9999937415122986
            ],
            "name": "R_wrist_s"
        },
        {
            "children": [
                40
            ],
            "matrix": [
                0.5466347336769104,
                0.7005727887153626,
                0.4586752653121948,
                0.0,
                0.5574542284011841,
                0.10428614169359209,
                -0.8236245512962341,
                0.0,
                -0.6248438358306885,
                0.7059119343757629,
                -0.3335308730602265,
                0.0,
                -0.3868690133094788,
                -0.3500869870185852,
                0.04602900147438049,
                1.0
            ],
            "name": "R_thumb_01_s"
        },
        {
            "matrix": [
                0.9780189394950868,
                0.20124925673007969,
                -0.05455659329891205,
                0.0,
                -0.039639610797166827,
                0.4363498985767365,
                0.8988747000694275,
                0.0,
                0.2047104835510254,
                -0.8769533038139343,
                0.4347369968891144,
                0.0,
                0.0604269988834858,
                -0.4854919910430908,
                0.14722299575805665,
                1.0
            ],
            "name": "R_thumb_02_s"
        },
        {
            "children": [
                42
            ],
            "matrix": [
                -0.9980438947677612,
                0.05010554939508438,
                -0.03733731061220169,
                0.0,
                0.058501869440078738,
                0.9592195153236388,
                -0.2765409648418427,
                0.0,
                0.021958431228995324,
                -0.2781847715377808,
                -0.9602743983268738,
                0.0,
                -0.3601810038089752,
                -0.8790140151977539,
                0.09467200189828873,
                1.0
            ],
            "name": "R_index_01_s"
        },
        {
            "matrix": [
                0.9989717602729796,
                0.04154052957892418,
                -0.0181503351777792,
                0.0,
                -0.0342034213244915,
                0.953446328639984,
                0.2996106445789337,
                0.0,
                0.029751939699053769,
                -0.29868167638778689,
                0.9538866877555848,
                0.0,
                0.013384000398218632,
                -0.3326880037784577,
                -0.08000200241804123,
                1.0
            ],
            "name": "R_index_02_s"
        },
        {
            "children": [
                44
            ],
            "matrix": [
                -0.9993582367897034,
                -0.01123241614550352,
                -0.033282648772001269,
                0.0,
                -0.001806537271477282,
                0.96267831325531,
                -0.2706415057182312,
                0.0,
                0.03508047014474869,
                -0.2704143226146698,
                -0.9620801210403442,
                0.0,
                0.1181199997663498,
                -0.8380209803581238,
                0.1457590013742447,
                1.0
            ],
            "name": "R_middle_01_s"
        },
        {
            "matrix": [
                0.9756354093551636,
                -0.17989151179790498,
                0.12559089064598084,
                0.0,
                -0.038298238068819049,
                0.42403385043144228,
                0.9048086404800416,
                0.0,
                -0.21602597832679749,
                -0.8875719904899597,
                0.4068129062652588,
                0.0,
                0.008251000195741654,
                -0.3267810046672821,
                -0.08033899962902069,
                1.0
            ],
            "name": "R_middle_02_s"
        },
        {
            "children": [
                46
            ],
            "translation": [
                0.1247899979352951,
                0.7472299933433533,
                0.21265099942684177
            ],
            "rotation": [
                -0.10426679998636246,
                -0.10688117146492005,
                0.08079907298088074,
                -0.985481858253479
            ],
            "scale": [
                0.999997615814209,
                0.9999976754188538,
                0.9999975562095642
            ],
            "name": "L_clavicle_s"
        },
        {
            "children": [
                47
            ],
            "translation": [
                0.9538879990577698,
                0.017503999173641206,
                -0.4655739963054657
            ],
            "rotation": [
                0.3982852995395661,
                0.41052696108818056,
                0.7824528217315674,
                -0.2460639476776123
            ],
            "scale": [
                0.9999117851257324,
                0.9999127984046936,
                0.9999629259109496
            ],
            "name": "L_shoulder_s"
        },
        {
            "children": [
                48
            ],
            "translation": [
                0.025482000783085824,
                1.4016480445861817,
                -0.09363900125026704
            ],
            "rotation": [
                -0.19493672251701356,
                0.11014013737440108,
                0.6033872365951538,
                -0.7653500437736511
            ],
            "scale": [
                0.9999657869338988,
                0.9999639987945556,
                0.999995231628418
            ],
            "name": "L_elbow_s"
        },
        {
            "children": [
                49
            ],
            "translation": [
                -0.03781899809837341,
                0.7373189926147461,
                -0.022703999653458597
            ],
            "rotation": [
                -0.022237714380025865,
                0.447645515203476,
                -0.012733624316751956,
                -0.8938406705856323
            ],
            "scale": [
                0.999990701675415,
                0.9999999403953552,
                0.9999911785125732
            ],
            "name": "L_forearm_twist_s"
        },
        {
            "children": [
                56,
                54,
                52,
                50
            ],
            "translation": [
                -0.03873899951577187,
                0.7373189926147461,
                -0.021095000207424165
            ],
            "rotation": [
                -0.23661170899868012,
                0.6501057744026184,
                -0.3618533313274384,
                -0.6248123645782471
            ],
            "scale": [
                0.9999655485153198,
                0.9999882578849793,
                0.9999696016311646
            ],
            "name": "L_wrist_s"
        },
        {
            "children": [
                51
            ],
            "matrix": [
                0.09460856020450592,
                -0.875640869140625,
                0.4735343158245087,
                0.0,
                0.020620614290237428,
                -0.4738035202026367,
                -0.8803263306617737,
                0.0,
                0.9952663779258728,
                0.09302140772342682,
                -0.02671884186565876,
                0.0,
                -2.646562099456787,
                0.2500329911708832,
                -0.7519149780273438,
                1.0
            ],
            "name": "L_gunbone_01_s"
        },
        {
            "matrix": [
                1.0,
                0.0,
                0.0,
                0.0,
                0.0,
                1.0,
                0.0,
                0.0,
                0.0,
                0.0,
                1.0,
                0.0,
                0.004317000042647123,
                -0.3589099943637848,
                2.6687819957733156,
                1.0
            ],
            "name": "L_gunbone_02_s"
        },
        {
            "children": [
                53
            ],
            "matrix": [
                0.6232998967170715,
                0.6122539043426514,
                0.48643410205841067,
                0.0,
                0.7064988613128662,
                -0.1742530018091202,
                -0.6858721375465393,
                0.0,
                -0.335160493850708,
                0.7711719274520874,
                -0.5411683320999146,
                0.0,
                0.3868699967861176,
                0.35008201003074648,
                -0.04602399840950966,
                1.0
            ],
            "name": "L_thumb_01_s"
        },
        {
            "matrix": [
                0.996065616607666,
                0.0774688795208931,
                -0.04302269220352173,
                0.0,
                -0.05883532389998436,
                0.9412188529968262,
                0.33262431621551516,
                0.0,
                0.06626299768686295,
                -0.328784316778183,
                0.9420742988586426,
                0.0,
                -0.060423001646995547,
                0.485495001077652,
                -0.1472180038690567,
                1.0
            ],
            "name": "L_thumb_02_s"
        },
        {
            "children": [
                55
            ],
            "matrix": [
                -0.9923112988471984,
                0.06730617582798004,
                0.1031944677233696,
                0.0,
                0.04289345443248749,
                0.9739354848861694,
                -0.2227289080619812,
                0.0,
                -0.11549630761146546,
                -0.21660540997982026,
                -0.9693332314491272,
                0.0,
                0.3601799905300141,
                0.8790180087089539,
                -0.09467099606990814,
                1.0
            ],
            "name": "L_index_01_s"
        },
        {
            "matrix": [
                0.991356611251831,
                0.12619787454605106,
                0.03586183488368988,
                0.0,
                -0.09860674291849137,
                0.5364325642585754,
                0.8381597399711609,
                0.0,
                0.08653721213340759,
                -0.8344511985778809,
                0.54423987865448,
                0.0,
                -0.013383000157773497,
                0.3326889872550965,
                0.08001100271940232,
                1.0
            ],
            "name": "L_index_02_s"
        },
        {
            "children": [
                57
            ],
            "matrix": [
                -0.986677885055542,
                0.14525830745697022,
                0.07176508754491806,
                0.0,
                0.14055922627449037,
                0.9878219366073608,
                -0.06670496612787247,
                0.0,
                -0.08058109134435654,
                -0.0557357594370842,
                -0.9950796961784364,
                0.0,
                -0.1181199997663498,
                0.8380249738693237,
                -0.1457580029964447,
                1.0
            ],
            "name": "L_middle_01_s"
        },
        {
            "matrix": [
                0.9935858845710754,
                0.1130221113562584,
                0.003548939246684313,
                0.0,
                -0.075999416410923,
                0.6442387700080872,
                0.7610123753547669,
                0.0,
                0.08372975140810013,
                -0.7564008235931397,
                0.6486969590187073,
                0.0,
                -0.008251000195741654,
                0.32677799463272097,
                0.08033999800682068,
                1.0
            ],
            "name": "L_middle_02_s"
        }
    ],
    "meshes": [
        {
            "primitives": [
                {
                    "attributes": {
                        "JOINTS_0": 1,
                        "NORMAL": 2,
                        "POSITION": 3,
                        "WEIGHTS_0": 4
                    },
                    "indices": 0,
                    "mode": 4,
                    "material": 0
                }
            ],
            "name": "eyebrowsGeo-mesh"
        },
        {
            "primitives": [
                {
                    "attributes": {
                        "JOINTS_0": 6,
                        "NORMAL": 7,
                        "POSITION": 8,
                        "WEIGHTS_0": 9
                    },
                    "indices": 5,
                    "mode": 4,
                    "material": 0
                }
            ],
            "name": "hair_bangsGeo-mesh"
        },
        {
            "primitives": [
                {
                    "attributes": {
                        "JOINTS_0": 11,
                        "NORMAL": 12,
                        "POSITION": 13,
                        "WEIGHTS_0": 14
                    },
                    "indices": 10,
                    "mode": 4,
                    "material": 0
                },
                {
                    "attributes": {
                        "JOINTS_0": 16,
                        "NORMAL": 17,
                        "POSITION": 18,
                        "WEIGHTS_0": 19
                    },
                    "indices": 15,
                    "mode": 4,
                    "material": 1
                }
            ],
            "name": "gunGeo-mesh"
        },
        {
            "primitives": [
                {
                    "attributes": {
                        "JOINTS_0": 21,
                        "NORMAL": 22,
                        "POSITION": 23,
                        "WEIGHTS_0": 24
                    },
                    "indices": 20,
                    "mode": 4,
                    "material": 0
                }
            ],
            "name": "bandana_knotGeo-mesh"
        },
        {
            "primitives": [
                {
                    "attributes": {
                        "JOINTS_0": 26,
                        "NORMAL": 27,
                        "POSITION": 28,
                        "WEIGHTS_0": 29
                    },
                    "indices": 25,
                    "mode": 4,
                    "material": 0
                }
            ],
            "name": "bandanaGeo-mesh"
        },
        {
            "primitives": [
                {
                    "attributes": {
                        "JOINTS_0": 31,
                        "NORMAL": 32,
                        "POSITION": 33,
                        "WEIGHTS_0": 34
                    },
                    "indices": 30,
                    "mode": 4,
                    "material": 0
                }
            ],
            "name": "mainGeo-mesh"
        },
        {
            "primitives": [
                {
                    "attributes": {
                        "JOINTS_0": 36,
                        "NORMAL": 37,
                        "POSITION": 38,
                        "WEIGHTS_0": 39
                    },
                    "indices": 35,
                    "mode": 4,
                    "material": 0
                }
            ],
            "name": "armsGeo-mesh"
        },
        {
            "primitives": [
                {
                    "attributes": {
                        "JOINTS_0": 41,
                        "NORMAL": 42,
                        "POSITION": 43,
                        "WEIGHTS_0": 44
                    },
                    "indices": 40,
                    "mode": 4,
                    "material": 0
                }
            ],
            "name": "hairGeo-mesh"
        }
    ],
    "animations": [
        {
            "channels": [
                {
                    "sampler": 0,
                    "target": {
                        "node": 12,
                        "path": "translation"
                    }
                },
                {
                    "sampler": 1,
                    "target": {
                        "node": 12,
                        "path": "rotation"
                    }
                },
                {
                    "sampler": 2,
                    "target": {
                        "node": 12,
                        "path": "scale"
                    }
                },
                {
                    "sampler": 3,
                    "target": {
                        "node": 21,
                        "path": "translation"
                    }
                },
                {
                    "sampler": 4,
                    "target": {
                        "node": 21,
                        "path": "rotation"
                    }
                },
                {
                    "sampler": 5,
                    "target": {
                        "node": 21,
                        "path": "scale"
                    }
                },
                {
                    "sampler": 6,
                    "target": {
                        "node": 22,
                        "path": "translation"
                    }
                },
                {
                    "sampler": 7,
                    "target": {
                        "node": 22,
                        "path": "rotation"
                    }
                },
                {
                    "sampler": 8,
                    "target": {
                        "node": 22,
                        "path": "scale"
                    }
                },
                {
                    "sampler": 9,
                    "target": {
                        "node": 23,
                        "path": "translation"
                    }
                },
                {
                    "sampler": 10,
                    "target": {
                        "node": 23,
                        "path": "rotation"
                    }
                },
                {
                    "sampler": 11,
                    "target": {
                        "node": 23,
                        "path": "scale"
                    }
                },
                {
                    "sampler": 12,
                    "target": {
                        "node": 45,
                        "path": "translation"
                    }
                },
                {
                    "sampler": 13,
                    "target": {
                        "node": 45,
                        "path": "rotation"
                    }
                },
                {
                    "sampler": 14,
                    "target": {
                        "node": 45,
                        "path": "scale"
                    }
                },
                {
                    "sampler": 15,
                    "target": {
                        "node": 46,
                        "path": "translation"
                    }
                },
                {
                    "sampler": 16,
                    "target": {
                        "node": 46,
                        "path": "rotation"
                    }
                },
                {
                    "sampler": 17,
                    "target": {
                        "node": 46,
                        "path": "scale"
                    }
                },
                {
                    "sampler": 18,
                    "target": {
                        "node": 47,
                        "path": "translation"
                    }
                },
                {
                    "sampler": 19,
                    "target": {
                        "node": 47,
                        "path": "rotation"
                    }
                },
                {
                    "sampler": 20,
                    "target": {
                        "node": 47,
                        "path": "scale"
                    }
                },
                {
                    "sampler": 21,
                    "target": {
                        "node": 48,
                        "path": "translation"
                    }
                },
                {
                    "sampler": 22,
                    "target": {
                        "node": 48,
                        "path": "rotation"
                    }
                },
                {
                    "sampler": 23,
                    "target": {
                        "node": 48,
                        "path": "scale"
                    }
                },
                {
                    "sampler": 24,
                    "target": {
                        "node": 49,
                        "path": "translation"
                    }
                },
                {
                    "sampler": 25,
                    "target": {
                        "node": 49,
                        "path": "rotation"
                    }
                },
                {
                    "sampler": 26,
                    "target": {
                        "node": 49,
                        "path": "scale"
                    }
                },
                {
                    "sampler": 27,
                    "target": {
                        "node": 34,
                        "path": "translation"
                    }
                },
                {
                    "sampler": 28,
                    "target": {
                        "node": 34,
                        "path": "rotation"
                    }
                },
                {
                    "sampler": 29,
                    "target": {
                        "node": 34,
                        "path": "scale"
                    }
                },
                {
                    "sampler": 30,
                    "target": {
                        "node": 35,
                        "path": "translation"
                    }
                },
                {
                    "sampler": 31,
                    "target": {
                        "node": 35,
                        "path": "rotation"
                    }
                },
