{
    "asset": {
        "generator": "COLLADA2GLTF",
        "version": "2.0"
    },
    "scenes": [
        {
            "nodes": [
                0
            ]
        }
    ],
    "scene": 0,
    "nodes": [
        {
            "children": [
                1
            ],
            "name": "Y_UP"
        },
        {
            "children": [
                13,
                2
            ],
            "name": "CHARACTER"
        },
        {
            "children": [
                12,
                11,
                10,
                9,
                8,
                7,
                6,
                5,
                4,
                3
            ],
            "name": "geoGrp1"
        },
        {
            "mesh": 0,
            "skin": 0,
            "name": "handsGeo"
        },
        {
            "mesh": 1,
            "skin": 1,
            "name": "neckGeo"
        },
        {
            "mesh": 2,
            "skin": 2,
            "name": "guitarGeo"
        },
        {
            "mesh": 3,
            "skin": 3,
            "name": "hatGeo"
        },
        {
            "mesh": 4,
            "skin": 4,
            "name": "guitarStringsGeo"
        },
        {
            "mesh": 5,
            "skin": 5,
            "name": "tieGeo"
        },
        {
            "mesh": 6,
            "skin": 6,
            "name": "pantsGeo"
        },
        {
            "mesh": 7,
            "skin": 7,
            "name": "headGeo"
        },
        {
            "mesh": 8,
            "skin": 8,
            "name": "shoesGeo"
        },
        {
            "mesh": 9,
            "skin": 9,
            "name": "jacketGeo"
        },
        {
            "children": [
                14
            ],
            "name": "Root"
        },
        {
            "children": [
                23,
                19,
                15
            ],
            "translation": [
                0.014702999964356425,
                2.822129964828491,
                -0.08118899911642075
            ],
            "rotation": [
                -0.0,
                -0.0,
                -0.0,
                -1.0
            ],
            "name": "hips_s"
        },
        {
            "children": [
                16
            ],
            "translation": [
                -0.6039440035820007,
                -0.11859999597072602,
                -0.0
            ],
            "rotation": [
                0.0,
                0.9997888207435608,
                0.01928526721894741,
                -0.0
            ],
            "scale": [
                0.9998992681503296,
                0.9999999403953552,
                0.9998992085456848
            ],
            "name": "R_upperLeg_s"
        },
        {
            "children": [
                17
            ],
            "translation": [
                0.0,
                -1.1028029918670657,
                -0.0
            ],
            "rotation": [
                0.09365823119878768,
                -0.0,
                -0.0,
                -0.9956044554710388
            ],
            "scale": [
                1.0,
                1.0000001192092896,
                1.0000001192092896
            ],
            "name": "R_lowerLeg_s"
        },
        {
            "children": [
                18
            ],
            "translation": [
                -0.0,
                -1.1184229850769044,
                -0.0
            ],
            "rotation": [
                0.0,
                -0.11288183927536012,
                0.9936063885688782,
                0.0
            ],
            "scale": [
                0.9999922513961792,
                0.9999918937683106,
                0.9999995231628418
            ],
            "name": "R_ankle_s"
        },
        {
            "matrix": [
                -0.9999375343322754,
                6.281772471083968e-7,
                0.007220620289444923,
                0.0,
                0.007220620289444923,
                0.00019228464225307107,
                0.9999558329582214,
                0.0,
                -6.281770765781403e-7,
                0.9999815821647644,
                -0.00015556812286376953,
                0.0,
                -0.0019389999797567728,
                0.49420300126075747,
                -0.6879979968070984,
                1.0
            ],
            "name": "R_toes_s"
        },
        {
            "children": [
                20
            ],
            "translation": [
                0.6039440035820007,
                -0.1186020001769066,
                0.0
            ],
            "rotation": [
                0.0,
                -0.01928526721894741,
                0.9997888207435608,
                0.0
            ],
            "scale": [
                0.9998992681503296,
                0.9998992085456848,
                0.9999999403953552
            ],
            "name": "L_upperLeg_s"
        },
        {
            "children": [
                21
            ],
            "translation": [
                0.0,
                1.1028059720993045,
                -0.0
            ],
            "rotation": [
                0.09365825355052948,
                -0.0,
                -0.0,
                -0.9956044554710388
            ],
            "scale": [
                1.0,
                1.000000238418579,
                1.000000238418579
            ],
            "name": "L_lowerLeg_s"
        },
        {
            "children": [
                22
            ],
            "matrix": [
                -0.9999922513961792,
                0.0,
                0.0,
                0.0,
                -0.0,
                -0.974507212638855,
                -0.2243202179670334,
                0.0,
                0.0,
                -0.2243202179670334,
                0.9745150208473206,
                0.0,
                -0.0,
                1.1184190511703492,
                0.0,
                1.0
            ],
            "name": "L_ankle_s"
        },
        {
            "matrix": [
                -0.9999375343322754,
                6.281772471083968e-7,
                0.007220620289444923,
                0.0,
                0.007220620289444923,
                0.00019228464225307107,
                0.9999558329582214,
                0.0,
                -6.281770765781403e-7,
                0.9999815821647644,
                -0.00015556812286376953,
                0.0,
                0.0019389999797567728,
                -0.49420300126075747,
                0.6879969835281372,
                1.0
            ],
            "name": "L_toes_s"
        },
        {
            "children": [
                24
            ],
            "translation": [
                -0.0,
                0.39936700463294985,
                0.033013999462127689
            ],
            "rotation": [
                -0.0,
                -0.0,
                -0.0,
                -1.0
            ],
            "name": "spine_lower_s"
        },
        {
            "children": [
                25
            ],
            "translation": [
                -0.0,
                0.4157550036907196,
                0.018053999170660977
            ],
            "rotation": [
                -0.0,
                -0.0,
                -0.0,
                -1.0
            ],
            "name": "spine_upper_s"
        },
        {
            "children": [
                51,
                38,
                27,
                26
            ],
            "translation": [
                0.0,
                0.3988339900970459,
                0.00659500015899539
            ],
            "rotation": [
                -0.0,
                -0.0,
                -0.0,
                -1.0
            ],
            "name": "chest_s"
        },
        {
            "matrix": [
                0.9983609318733216,
                0.051852159202098849,
                -0.024209855124354364,
                0.0,
                -0.04869760200381279,
                0.9920006394386292,
                0.11645836383104325,
                0.0,
                0.030055103823542596,
                -0.11508852243423462,
                0.9929004311561585,
                0.0,
                -0.015103000216186049,
                0.9559130072593688,
                0.25842800736427309,
                1.0
            ],
            "name": "tie_s"
        },
        {
            "children": [
                28
            ],
            "translation": [
                -0.30928999185562136,
                0.6217920184135437,
                0.12756499648094178
            ],
            "rotation": [
                0.9127436876296996,
                -0.1297372281551361,
                -0.2937081456184387,
                0.2525539696216583
            ],
            "scale": [
                0.9999958276748656,
                0.9999647736549376,
                0.9999672174453737
            ],
            "name": "R_clavicle_s"
        },
        {
            "children": [
                29
            ],
            "translation": [
                -1.0276490449905396,
                0.0,
                0.541579008102417
            ],
            "rotation": [
                0.4149869680404663,
                -0.2629501521587372,
                0.8072130084037781,
                -0.32708054780960085
            ],
            "scale": [
                0.999901294708252,
                0.9998870491981506,
                0.9999671578407288
            ],
            "name": "R_shoulder_s"
        },
        {
            "children": [
                37,
                30
            ],
            "translation": [
                0.0,
                -1.1302520036697388,
                0.0
            ],
            "rotation": [
                -0.18076016008853913,
                0.033617619425058368,
                0.6975122690200806,
                -0.6925646066665649
            ],
            "scale": [
                0.9999763369560242,
                0.9999746084213256,
                0.9999980926513672
            ],
            "name": "R_elbow_s"
        },
        {
            "children": [
                35,
                33,
                31
            ],
            "translation": [
                0.25732699036598208,
                -1.0357589721679688,
                -0.2515909969806671
            ],
            "rotation": [
                0.166091188788414,
                0.24867554008960725,
                0.010057738050818444,
                -0.954185962677002
            ],
            "scale": [
                0.999997615814209,
                0.9999985694885254,
                0.9999960660934448
            ],
            "name": "R_wrist_s"
        },
        {
            "children": [
                32
            ],
            "matrix": [
                -0.37992191314697268,
                0.8524962067604065,
                0.3588438034057617,
                0.0,
                0.8011658191680908,
                0.49726542830467226,
                -0.3328796327114105,
                0.0,
                -0.4622246325016022,
                0.16101638972759248,
                -0.87191241979599,
                0.0,
                -0.38992899656295779,
                -0.32170599699020388,
                0.13631199300289158,
                1.0
            ],
            "name": "R_thumb_01_s"
        },
        {
            "matrix": [
                0.99959397315979,
                -0.021704282611608506,
                -0.01846478320658207,
                0.0,
                0.024828055873513226,
                0.9813671112060548,
                0.19053079187870029,
                0.0,
                0.013985402882099152,
                -0.1909119039773941,
                0.9815075397491456,
                0.0,
                0.0,
                -0.4524869918823242,
                0.0,
                1.0
            ],
            "name": "R_thumb_02_s"
        },
        {
            "children": [
                34
            ],
            "translation": [
                -0.36445701122283938,
                -0.7979009747505188,
                -0.01661299914121628
            ],
            "rotation": [
                0.05416484177112579,
                0.9929605722427368,
                -0.07255814224481583,
                -0.07609530538320542
            ],
            "scale": [
                0.9999199509620668,
                0.999999463558197,
                0.9999204277992249
            ],
            "name": "R_index_01_s"
        },
        {
            "translation": [
                0.0,
                -0.34147799015045168,
                -0.0
            ],
            "rotation": [
                0.056010033935308459,
                -0.004921254701912403,
                -0.004090793430805206,
                -0.9984095692634584
            ],
            "scale": [
                0.9999995231628418,
                0.9999996423721314,
                0.9999995827674866
            ],
            "name": "R_index_02_s"
        },
        {
            "children": [
                36
            ],
            "translation": [
                0.10092899948358536,
                -0.7813929915428162,
                -0.05968499928712845
            ],
            "rotation": [
                -0.022760914638638498,
                0.9853631854057312,
                -0.16470907628536225,
                0.03675580397248268
            ],
            "scale": [
                0.9998776912689208,
                0.9999963641166688,
                0.999881148338318
            ],
            "name": "R_middle_01_s"
        },
        {
            "translation": [
                0.0,
                -0.3332020044326782,
                -0.0
            ],
            "rotation": [
                0.0151327857747674,
                -0.01673218421638012,
                0.02746661566197872,
                -0.9993680119514464
            ],
            "scale": [
                0.9999995231628418,
                0.9999995231628418,
                1.0
            ],
            "name": "R_middle_02_s"
        },
        {
            "translation": [
                0.08577600121498108,
                -0.3452529907226563,
                -0.0838640034198761
            ],
            "rotation": [
                -0.1127275750041008,
                -0.02952755056321621,
                -0.12241628766059876,
                -0.9856138229370116
            ],
            "scale": [
                0.999999701976776,
                0.999999463558197,
                1.0
            ],
            "name": "R_forearm_twist_s"
        },
        {
            "children": [
                39
            ],
            "matrix": [
                0.907841980457306,
                0.24449612200260166,
                0.3406409621238709,
                0.0,
                -0.22294683754444126,
                0.9695107340812684,
                -0.10169106721878052,
                0.0,
                -0.35511863231658938,
                0.016370708122849466,
                0.9346743226051332,
                0.0,
                0.21279999613761906,
                0.5385990142822266,
                0.22763800621032716,
                1.0
            ],
            "name": "L_clavicle_s"
        },
        {
            "children": [
                40
            ],
            "translation": [
                1.0276479721069337,
                -0.0,
                -0.541579008102417
            ],
            "rotation": [
                0.7150927186012268,
                0.16157177090644837,
                0.6618198752403259,
                0.15658897161483766
            ],
            "scale": [
                0.99998939037323,
                0.9999785423278808,
                0.999987781047821
            ],
            "name": "L_shoulder_s"
        },
        {
            "children": [
                50,
                41
            ],
            "matrix": [
                0.5675545930862427,
                -0.8211350440979004,
                -0.05992000922560692,
                0.0,
                0.8187963366508484,
                0.5553234219551086,
                0.14546290040016178,
                0.0,
                -0.08617454767227173,
                -0.13161997497081757,
                0.9875473380088806,
                0.0,
                -0.0,
                1.1302490234375,
                -0.0,
                1.0
            ],
            "name": "L_elbow_s"
        },
        {
            "children": [
                48,
                46,
                44,
                42
            ],
            "translation": [
                0.17114399373531342,
                1.270447015762329,
                -0.2825799882411957
            ],
            "rotation": [
                0.05936234071850777,
                0.5029805898666382,
                0.06911254674196243,
                -0.8594794273376465
            ],
            "scale": [
                0.999992609024048,
                0.9999998807907105,
                0.9999922513961792
            ],
            "name": "L_wrist_s"
        },
        {
            "children": [
                43
            ],
            "matrix": [
                0.1655506491661072,
                -0.3281209170818329,
                -0.8214974999427795,
                0.0,
                0.8779582381248474,
                0.16321377456188206,
                0.1117055043578148,
                0.0,
                0.10821326822042464,
                -0.8219650983810425,
                0.35015758872032168,
                0.0,
                0.2568590044975281,
                0.3988910019397736,
                -0.507116973400116,
                1.0
            ],
            "name": "L_gunbone_01_s"
        },
        {
            "matrix": [
                -0.999897003173828,
                -0.002335297176614404,
                0.001786865177564323,
                0.0,
                -0.002339795231819153,
                0.9999940991401672,
                -0.002520003588870168,
                0.0,
                -0.0017809683922678233,
                -0.002524173585698009,
                -0.9998960494995116,
                0.0,
                -0.0012009999481961132,
                -2.081110954284668,
                -0.13848400115966798,
                1.0
            ],
            "name": "L_gunbone_02_s"
        },
        {
            "children": [
                45
            ],
            "matrix": [
                0.4441717565059662,
                0.889398455619812,
                -0.10795529931783676,
                0.0,
                0.42342010140419009,
                -0.31453976035118105,
                -0.8495383858680725,
                0.0,
                -0.7895565032958984,
                0.3316178023815155,
                -0.5162901282310486,
                0.0,
                0.38992899656295779,
                0.32170701026916506,
                -0.1363150030374527,
                1.0
            ],
            "name": "L_thumb_01_s"
        },
        {
            "matrix": [
                0.9995940923690796,
                -0.02168696001172066,
                -0.01847223937511444,
                0.0,
                0.020740985870361329,
                0.9985367059707642,
                -0.04994694143533707,
                0.0,
                0.01952842622995377,
                0.04954348877072334,
                0.998580515384674,
                0.0,
                -0.0,
                0.45248401165008547,
                0.0,
                1.0
            ],
            "name": "L_thumb_02_s"
        },
        {
            "children": [
                47
            ],
            "matrix": [
                -0.9456652998924257,
                0.23231491446495057,
                -0.2270859181880951,
                0.0,
                0.28757020831108096,
                0.2735113799571991,
                -0.9178388118743897,
                0.0,
                -0.15113447606563569,
                -0.9333568215370178,
                -0.3253953158855438,
                0.0,
                0.3644540011882782,
                0.7979069948196411,
                0.016614999622106553,
                1.0
            ],
            "name": "L_index_01_s"
        },
        {
            "matrix": [
                0.9999186396598816,
                0.007616390474140644,
                -0.010257587768137457,
                0.0,
                0.0032955557107925417,
                0.6219569444656372,
                0.7830272912979126,
                0.0,
                0.012343695387244225,
                -0.7829976081848145,
                0.6218814253807068,
                0.0,
                0.0,
                0.34147000312805178,
                0.0,
                1.0
            ],
            "name": "L_index_02_s"
        },
        {
            "children": [
                49
            ],
            "matrix": [
                -0.9795973300933838,
                -0.19073012471199037,
                -0.06196032091975212,
                0.0,
                0.11521785706281662,
                -0.28238385915756228,
                -0.9522984027862548,
                0.0,
                0.16413995623588566,
                -0.940090835094452,
                0.2987093925476074,
                0.0,
                -0.10093099623918534,
                0.781387984752655,
                0.059689998626708987,
                1.0
            ],
            "name": "L_middle_01_s"
        },
        {
            "matrix": [
                0.9979321360588074,
                -0.05539114773273468,
                -0.03261768817901611,
                0.0,
                0.057199202477931979,
                0.9967119693756104,
                0.05738828703761101,
                0.0,
                0.029331594705581666,
                -0.05913534387946129,
                0.9978193044662476,
                0.0,
                0.0,
                0.3332099914550781,
                0.0,
                1.0
            ],
            "name": "L_middle_02_s"
        },
        {
            "translation": [
                0.05704800039529801,
                0.4234820008277893,
                -0.0941929966211319
            ],
            "rotation": [
                0.12059986591339112,
                0.2256672978401184,
                0.03927723318338394,
                -0.965911328792572
            ],
            "scale": [
                0.9999967217445374,
                0.9999985098838806,
                0.9999952912330629
            ],
            "name": "L_forearm_twist_s"
        },
        {
            "children": [
                52
            ],
            "matrix": [
                0.9985013008117676,
                0.05227092280983925,
                0.016224149614572526,
                0.0,
                -0.05226488783955574,
                0.9986323714256288,
                -0.0007935389294289053,
                0.0,
                -0.01624344661831856,
                -0.00005563936065300368,
                0.9998679757118224,
                0.0,
                0.0,
                1.004606008529663,
                -0.1007559970021248,
                1.0
            ],
            "name": "neck_s"
        },
        {
            "children": [
                53
            ],
            "translation": [
                -0.023435000330209733,
                0.9434419870376588,
                -0.11078199744224549
            ],
            "rotation": [
                -0.0,
                -0.0,
                -0.0,
                -1.0
            ],
            "name": "head_s"
        },
        {
            "children": [
                54
            ],
            "matrix": [
                0.9999900460243224,
                -0.001340164220891893,
                -0.004307566676288843,
                0.0,
                -0.0004971614107489586,
                0.9163013696670532,
                -0.4004876911640167,
                0.0,
                0.004483746830374003,
                0.4004855155944824,
                0.9162906408309937,
                0.0,
                -0.015103000216186049,
                1.7342510223388672,
                0.04666399955749512,
                1.0
            ],
            "name": "hat_01_s"
        },
        {
            "matrix": [
                1.0,
                0.0,
                0.0,
                0.0,
                0.0,
                1.0,
                0.0,
                0.0,
                0.0,
                0.0,
                1.0,
                0.0,
                -0.0,
                1.428199052810669,
                -0.0582210011780262,
                1.0
            ],
            "name": "hat_02_s"
        }
    ],
    "meshes": [
        {
            "primitives": [
                {
                    "attributes": {
                        "JOINTS_0": 1,
                        "NORMAL": 2,
                        "POSITION": 3,
                        "WEIGHTS_0": 4
                    },
                    "indices": 0,
                    "mode": 4,
                    "material": 0
                }
            ],
            "name": "handsGeo-mesh"
        },
        {
            "primitives": [
                {
                    "attributes": {
                        "JOINTS_0": 6,
                        "NORMAL": 7,
                        "POSITION": 8,
                        "WEIGHTS_0": 9
                    },
                    "indices": 5,
                    "mode": 4,
                    "material": 0
                }
            ],
            "name": "neckGeo-mesh"
        },
        {
            "primitives": [
                {
                    "attributes": {
                        "JOINTS_0": 11,
                        "NORMAL": 12,
                        "POSITION": 13,
                        "WEIGHTS_0": 14
                    },
                    "indices": 10,
                    "mode": 4,
                    "material": 0
                }
            ],
            "name": "guitarGeo-mesh"
        },
        {
            "primitives": [
                {
                    "attributes": {
                        "JOINTS_0": 16,
                        "NORMAL": 17,
                        "POSITION": 18,
                        "WEIGHTS_0": 19
                    },
                    "indices": 15,
                    "mode": 4,
                    "material": 0
                }
            ],
            "name": "hatGeo-mesh"
        },
        {
            "primitives": [
                {
                    "attributes": {
                        "JOINTS_0": 21,
                        "NORMAL": 22,
                        "POSITION": 23,
                        "WEIGHTS_0": 24
                    },
                    "indices": 20,
                    "mode": 4,
                    "material": 0
                }
            ],
            "name": "guitarStringsGeo-mesh"
        },
        {
            "primitives": [
                {
                    "attributes": {
                        "JOINTS_0": 26,
                        "NORMAL": 27,
                        "POSITION": 28,
                        "WEIGHTS_0": 29
                    },
                    "indices": 25,
                    "mode": 4,
                    "material": 0
                }
            ],
            "name": "tieGeo-mesh"
        },
        {
            "primitives": [
                {
                    "attributes": {
                        "JOINTS_0": 31,
                        "NORMAL": 32,
                        "POSITION": 33,
                        "WEIGHTS_0": 34
                    },
                    "indices": 30,
                    "mode": 4,
                    "material": 0
                }
            ],
            "name": "pantsGeo-mesh"
        },
        {
            "primitives": [
                {
                    "attributes": {
                        "JOINTS_0": 36,
                        "NORMAL": 37,
                        "POSITION": 38,
                        "WEIGHTS_0": 39
                    },
                    "indices": 35,
                    "mode": 4,
                    "material": 0
                }
            ],
            "name": "headGeo-mesh"
        },
        {
            "primitives": [
                {
                    "attributes": {
                        "JOINTS_0": 41,
                        "NORMAL": 42,
                        "POSITION": 43,
                        "WEIGHTS_0": 44
                    },
                    "indices": 40,
                    "mode": 4,
                    "material": 0
                }
            ],
            "name": "shoesGeo-mesh"
        },
        {
            "primitives": [
                {
                    "attributes": {
                        "JOINTS_0": 46,
                        "NORMAL": 47,
                        "POSITION": 48,
                        "WEIGHTS_0": 49
                    },
                    "indices": 45,
                    "mode": 4,
                    "material": 0
                }
            ],
            "name": "jacketGeo-mesh"
        }
    ],
    "animations": [
        {
            "channels": [
                {
                    "sampler": 0,
                    "target": {
                        "node": 14,
                        "path": "translation"
                    }
                },
                {
                    "sampler": 1,
                    "target": {
                        "node": 14,
                        "path": "rotation"
                    }
                },
                {
                    "sampler": 2,
                    "target": {
                        "node": 14,
                        "path": "scale"
                    }
                },
                {
                    "sampler": 3,
                    "target": {
                        "node": 23,
                        "path": "translation"
                    }
                },
                {
                    "sampler": 4,
                    "target": {
                        "node": 23,
                        "path": "rotation"
                    }
                },
                {
                    "sampler": 5,
                    "target": {
                        "node": 23,
                        "path": "scale"
                    }
                },
                {
                    "sampler": 6,
                    "target": {
                        "node": 24,
                        "path": "translation"
                    }
                },
                {
                    "sampler": 7,
                    "target": {
                        "node": 24,
                        "path": "rotation"
                    }
                },
                {
                    "sampler": 8,
                    "target": {
                        "node": 24,
                        "path": "scale"
                    }
                },
                {
                    "sampler": 9,
                    "target": {
                        "node": 25,
                        "path": "translation"
                    }
                },
                {
                    "sampler": 10,
                    "target": {
                        "node": 25,
                        "path": "rotation"
                    }
                },
                {
                    "sampler": 11,
                    "target": {
                        "node": 25,
                        "path": "scale"
                    }
                },
                {
                    "sampler": 12,
                    "target": {
                        "node": 52,
                        "path": "translation"
                    }
                },
                {
                    "sampler": 13,
                    "target": {
                        "node": 52,
                        "path": "rotation"
                    }
                },
                {
                    "sampler": 14,
                    "target": {
                        "node": 52,
                        "path": "scale"
                    }
                },
                {
                    "sampler": 15,
                    "target": {
                        "node": 39,
                        "path": "translation"
                    }
                },
                {
                    "sampler": 16,
                    "target": {
                        "node": 39,
                        "path": "rotation"
                    }
                },
                {
                    "sampler": 17,
                    "target": {
                        "node": 39,
                        "path": "scale"
                    }
                },
                {
                    "sampler": 18,
                    "target": {
                        "node": 50,
                        "path": "translation"
                    }
                },
                {
                    "sampler": 19,
                    "target": {
                        "node": 50,
                        "path": "rotation"
                    }
                },
                {
                    "sampler": 20,
                    "target": {
                        "node": 50,
                        "path": "scale"
                    }
                },
                {
                    "sampler": 21,
                    "target": {
                        "node": 41,
                        "path": "translation"
                    }
                },
                {
                    "sampler": 22,
                    "target": {
                        "node": 41,
                        "path": "rotation"
                    }
                },
                {
                    "sampler": 23,
                    "target": {
                        "node": 41,
                        "path": "scale"
                    }
                },
                {
                    "sampler": 24,
                    "target": {
                        "node": 27,
                        "path": "translation"
                    }
                },
                {
                    "sampler": 25,
                    "target": {
                        "node": 27,
                        "path": "rotation"
                    }
                },
                {
                    "sampler": 26,
                    "target": {
                        "node": 27,
                        "path": "scale"
                    }
                },
                {
                    "sampler": 27,
                    "target": {
                        "node": 28,
                        "path": "translation"
                    }
                },
                {
                    "sampler": 28,
                    "target": {
                        "node": 28,
                        "path": "rotation"
                    }
                },
                {
                    "sampler": 29,
                    "target": {
                        "node": 28,
                        "path": "scale"
                    }
                },
                {
                    "sampler": 30,
                    "target": {
                        "node": 29,
                        "path": "translation"
                    }
                },
                {
                    "sampler": 31,
                    "target": {
                        "node": 29,
                        "path": "rotation"
                    }
                },
                {
                    "sampler": 32,
                    "target": {
                        "node": 29,
                        "path": "scale"
                    }
                },
                {
                    "sampler": 33,
                    "target": {
                        "node": 37,
                        "path": "translation"
                    }
                },
                {
                    "sampler": 34,
                    "target": {
                        "node": 37,
                        "path": "rotation"
                    }
                },
                {
                    "sampler": 35,
                    "target": {
                        "node": 37,
                        "path": "scale"
                    }
                },
                {
                    "sampler": 36,
                    "target": {
                        "node": 30,
                        "path": "translation"
                    }
                },
                {
                    "sampler": 37,
                    "target": {
                        "node": 30,
                        "path": "rotation"
                    }
                },
                {
                    "sampler": 38,
                    "target": {
                        "node": 30,
                        "path": "scale"
                    }
                },
                {
                    "sampler": 39,
                    "target": {
                        "node": 35,
                        "path": "translation"
                    }
                },
                {
                    "sampler": 40,
                    "target": {
                        "node": 35,
                        "path": "rotation"
                    }
                },
                {
                    "sampler": 41,
                    "target": {
                        "node": 35,
                        "path": "scale"
                    }
                },
                {
                    "sampler": 42,
                    "target": {
                        "node": 36,
                        "path": "translation"
                    }
                },
                {
                    "sampler": 43,
                    "target": {
                        "node": 36,
                        "path": "rotation"
                    }
                },
                {
                    "sampler": 44,
                    "target": {
                        "node": 36,
                        "path": "scale"
                    }
                },
                {
                    "sampler": 45,
                    "target": {
                        "node": 33,
                        "path": "translation"
                    }
                },
                {
                    "sampler": 46,
                    "target": {
                        "node": 33,
                        "path": "rotation"
                    }
                },
                {
                    "sampler": 47,
                    "target": {
                        "node": 33,
                        "path": "scale"
                    }
                },
                {
