{
    "asset": {
        "generator": "COLLADA2GLTF",
        "version": "2.0"
    },
    "scenes": [
        {
            "nodes": [
                0
            ]
        }
    ],
    "scene": 0,
    "nodes": [
        {
            "children": [
                1
            ],
            "name": "Y_UP"
        },
        {
            "children": [
                13,
                2
            ],
            "name": "CHARACTER"
        },
        {
            "children": [
                12,
                11,
                10,
                9,
                8,
                7,
                6,
                5,
                4,
                3
            ],
            "name": "geoGrp1"
        },
        {
            "mesh": 0,
            "skin": 0,
            "name": "handsGeo"
        },
        {
            "mesh": 1,
            "skin": 1,
            "name": "neckGeo"
        },
        {
            "mesh": 2,
            "skin": 2,
            "name": "guitarGeo"
        },
        {
            "mesh": 3,
            "skin": 3,
            "name": "hatGeo"
        },
        {
            "mesh": 4,
            "skin": 4,
            "name": "guitarStringsGeo"
        },
        {
            "mesh": 5,
            "skin": 5,
            "name": "tieGeo"
        },
        {
            "mesh": 6,
            "skin": 6,
            "name": "pantsGeo"
        },
        {
            "mesh": 7,
            "skin": 7,
            "name": "headGeo"
        },
        {
            "mesh": 8,
            "skin": 8,
            "name": "shoesGeo"
        },
        {
            "mesh": 9,
            "skin": 9,
            "name": "jacketGeo"
        },
        {
            "children": [
                14
            ],
            "name": "Root"
        },
        {
            "children": [
                23,
                19,
                15
            ],
            "translation": [
                0.36166998744010928,
                2.703084945678711,
                0.036701999604702
            ],
            "rotation": [
                0.03558667376637459,
                -0.10955892503261566,
                -0.017685679718852044,
                -0.9931855201721193
            ],
            "scale": [
                0.9999990463256836,
                1.000000238418579,
                0.9999998807907105
            ],
            "name": "hips_s"
        },
        {
            "children": [
                16
            ],
            "translation": [
                -0.6039440035820007,
                -0.11859999597072602,
                -0.0
            ],
            "rotation": [
                0.09747213125228882,
                0.9898539185523988,
                0.05797882750630379,
                0.08563026785850525
            ],
            "scale": [
                1.0000114440917969,
                1.000000238418579,
                1.000010967254639
            ],
            "name": "R_upperLeg_s"
        },
        {
            "children": [
                17
            ],
            "translation": [
                0.0,
                -1.1028029918670657,
                -0.0
            ],
            "rotation": [
                0.2317242920398712,
                -0.0,
                -0.0,
                -0.9727800488471984
            ],
            "scale": [
                1.0,
                0.9999945759773254,
                0.9999945759773254
            ],
            "name": "R_lowerLeg_s"
        },
        {
            "children": [
                18
            ],
            "translation": [
                -0.0,
                -1.1184229850769044,
                0.0
            ],
            "rotation": [
                -0.0012610785197466612,
                -0.2436956763267517,
                0.9660781025886536,
                0.08519966900348664
            ],
            "scale": [
                0.999910831451416,
                0.9999160766601564,
                0.9999948740005492
            ],
            "name": "R_ankle_s"
        },
        {
            "matrix": [
                -0.9999375343322754,
                6.281772471083968e-7,
                0.007220620289444923,
                0.0,
                0.007220620289444923,
                0.00019228464225307107,
                0.9999558329582214,
                0.0,
                -6.281770765781403e-7,
                0.9999815821647644,
                -0.00015556812286376953,
                0.0,
                -0.0019389999797567728,
                0.49420300126075747,
                -0.6879979968070984,
                1.0
            ],
            "name": "R_toes_s"
        },
        {
            "children": [
                20
            ],
            "translation": [
                0.6039440035820007,
                -0.1186020001769066,
                0.0
            ],
            "rotation": [
                -0.08867532014846802,
                0.02660566382110119,
                0.990469217300415,
                0.10174749046564102
            ],
            "scale": [
                0.9999078512191773,
                0.9999070763587952,
                0.999998927116394
            ],
            "name": "L_upperLeg_s"
        },
        {
            "children": [
                21
            ],
            "translation": [
                0.0,
                1.1028059720993045,
                -0.0
            ],
            "rotation": [
                0.2741103768348694,
                -0.0,
                -0.0,
                -0.9616968631744384
            ],
            "scale": [
                1.0,
                0.9999950528144836,
                0.9999950528144836
            ],
            "name": "L_lowerLeg_s"
        },
        {
            "children": [
                22
            ],
            "translation": [
                -0.0,
                1.1184190511703492,
                0.0
            ],
            "rotation": [
                -0.005474924575537443,
                -0.20398706197738648,
                0.9757667779922484,
                -0.07895578444004059
            ],
            "scale": [
                0.9999911785125732,
                0.9999914765357972,
                0.9999994039535524
            ],
            "name": "L_ankle_s"
        },
        {
            "matrix": [
                -0.9999375343322754,
                6.281772471083968e-7,
                0.007220620289444923,
                0.0,
                0.007220620289444923,
                0.00019228464225307107,
                0.9999558329582214,
                0.0,
                -6.281770765781403e-7,
                0.9999815821647644,
                -0.00015556812286376953,
                0.0,
                0.0019389999797567728,
                -0.49420300126075747,
                0.6879969835281372,
                1.0
            ],
            "name": "L_toes_s"
        },
        {
            "children": [
                24
            ],
            "translation": [
                0.05681699886918068,
                0.4150350093841553,
                0.04666999727487564
            ],
            "rotation": [
                0.00575163634493947,
                -0.0980854034423828,
                0.0173779409378767,
                -0.995009422302246
            ],
            "scale": [
                0.999999225139618,
                0.9999998807907105,
                0.9999989867210388
            ],
            "name": "spine_lower_s"
        },
        {
            "children": [
                25
            ],
            "translation": [
                0.03266499936580658,
                0.4144029915332794,
                -0.018772000446915628
            ],
            "rotation": [
                0.04413734748959541,
                -0.08243072032928467,
                -0.04832040518522263,
                -0.9944456219673156
            ],
            "scale": [
                0.9999997615814208,
                1.0000001192092896,
                0.9999995231628418
            ],
            "name": "spine_upper_s"
        },
        {
            "children": [
                51,
                38,
                27,
                26
            ],
            "translation": [
                -0.0792040005326271,
                0.39146900177001955,
                0.019297000020742418
            ],
            "rotation": [
                0.03952294960618019,
                -0.06289839744567871,
                -0.1308101862668991,
                -0.9886198043823242
            ],
            "scale": [
                0.9999974370002748,
                0.9999977350234984,
                0.9999993443489076
            ],
            "name": "chest_s"
        },
        {
            "matrix": [
                0.9983609318733216,
                0.051852159202098849,
                -0.024209855124354364,
                0.0,
                -0.04869760200381279,
                0.9920006394386292,
                0.11645836383104325,
                0.0,
                0.030055103823542596,
                -0.11508852243423462,
                0.9929004311561585,
                0.0,
                -0.01510899979621172,
                0.9559149742126464,
                0.2584300041198731,
                1.0
            ],
            "name": "tie_s"
        },
        {
            "children": [
                28
            ],
            "translation": [
                -0.30929499864578249,
                0.6217939853668213,
                0.12756699323654176
            ],
            "rotation": [
                0.9127436876296996,
                -0.1297372281551361,
                -0.2937081456184387,
                0.2525539696216583
            ],
            "scale": [
                0.9999958276748656,
                0.9999647736549376,
                0.9999672174453737
            ],
            "name": "R_clavicle_s"
        },
        {
            "children": [
                29
            ],
            "translation": [
                -1.0276490449905396,
                0.0,
                0.541579008102417
            ],
            "rotation": [
                0.4149869680404663,
                -0.2629501521587372,
                0.8072130084037781,
                -0.32708054780960085
            ],
            "scale": [
                0.999901294708252,
                0.9998870491981506,
                0.9999671578407288
            ],
            "name": "R_shoulder_s"
        },
        {
            "children": [
                37,
                30
            ],
            "translation": [
                0.0,
                -1.1302520036697388,
                0.0
            ],
            "rotation": [
                -0.01670115999877453,
                0.010672743432223797,
                0.6558972001075745,
                -0.7545749545097351
            ],
            "scale": [
                0.999974012374878,
                0.9999744296073914,
                0.9999995827674866
            ],
            "name": "R_elbow_s"
        },
        {
            "children": [
                35,
                33,
                31
            ],
            "translation": [
                0.09357599914073944,
                -1.139578938484192,
                -0.16516099870204926
            ],
            "rotation": [
                0.02073054574429989,
                0.2669137418270111,
                0.27854010462760928,
                -0.9223546385765076
            ],
            "scale": [
                0.9999921321868897,
                0.9999959468841552,
                0.9999959468841552
            ],
            "name": "R_wrist_s"
        },
        {
            "children": [
                32
            ],
            "matrix": [
                -0.5688791871070862,
                0.6218750476837158,
                0.53812175989151,
                0.0,
                0.5348514914512634,
                0.7768555879592896,
                -0.3322935104370117,
                0.0,
                -0.6246899366378784,
                0.09877492487430573,
                -0.7745473384857178,
                0.0,
                -0.38992899656295779,
                -0.32170599699020388,
                0.13631199300289158,
                1.0
            ],
            "name": "R_thumb_01_s"
        },
        {
            "translation": [
                0.0,
                -0.4524869918823242,
                0.0
            ],
            "rotation": [
                -0.09581121802330016,
                -0.008150874637067318,
                0.011688047088682652,
                -0.9952975511550904
            ],
            "scale": [
                1.0,
                0.9999998807907105,
                1.0
            ],
            "name": "R_thumb_02_s"
        },
        {
            "children": [
                34
            ],
            "translation": [
                -0.36445701122283938,
                -0.7979009747505188,
                -0.01661299914121628
            ],
            "rotation": [
                0.042907409369945529,
                0.9728447794914246,
                -0.211645781993866,
                -0.08295430988073349
            ],
            "scale": [
                0.9998878240585328,
                0.9999946355819702,
                0.9998924732208252
            ],
            "name": "R_index_01_s"
        },
        {
            "translation": [
                -0.0,
                -0.34147799015045168,
                0.0
            ],
            "rotation": [
                -0.3516257703304291,
                -0.0061516049318015579,
                -0.0017532070633023978,
                -0.93611878156662
            ],
            "scale": [
                0.999999463558197,
                1.000000238418579,
                1.0000001192092896
            ],
            "name": "R_index_02_s"
        },
        {
            "children": [
                36
            ],
            "translation": [
                0.10092899948358536,
                -0.7813929915428162,
                -0.05968499928712845
            ],
            "rotation": [
                -0.017378266900777818,
                0.9523599147796632,
                -0.3017975091934204,
                0.03958553448319435
            ],
            "scale": [
                0.999880313873291,
                0.9999891519546508,
                0.9998914003372192
            ],
            "name": "R_middle_01_s"
        },
        {
            "translation": [
                -0.0,
                -0.3332020044326782,
                -0.0
            ],
            "rotation": [
                -0.3893905580043793,
                -0.004213780630379915,
                0.03189557418227196,
                -0.9205081462860109
            ],
            "scale": [
                0.9999995231628418,
                0.999992311000824,
                0.9999920725822448
            ],
            "name": "R_middle_02_s"
        },
        {
            "translation": [
                0.031191999092698098,
                -0.379859983921051,
                -0.05505400151014328
            ],
            "rotation": [
                -0.07286441326141358,
                0.02897353656589985,
                -0.0385083481669426,
                -0.996176779270172
            ],
            "scale": [
                1.000000238418579,
                0.9999992847442628,
                0.999999463558197
            ],
            "name": "R_forearm_twist_s"
        },
        {
            "children": [
                39
            ],
            "matrix": [
                0.907841980457306,
                0.24449612200260166,
                0.3406409621238709,
                0.0,
                -0.22294683754444126,
                0.9695107340812684,
                -0.10169106721878052,
                0.0,
                -0.35511863231658938,
                0.016370708122849466,
                0.9346743226051332,
                0.0,
                0.2127940058708191,
                0.5386009812355042,
                0.22763998806476594,
                1.0
            ],
            "name": "L_clavicle_s"
        },
        {
            "children": [
                40
            ],
            "translation": [
                1.0276479721069337,
                -0.0,
                -0.541579008102417
            ],
            "rotation": [
                0.7150927186012268,
                0.16157177090644837,
                0.6618198752403259,
                0.15658897161483766
            ],
            "scale": [
                0.99998939037323,
                0.9999785423278808,
                0.999987781047821
            ],
            "name": "L_shoulder_s"
        },
        {
            "children": [
                50,
                41
            ],
            "matrix": [
                0.8062124848365784,
                -0.5914704203605652,
                0.012777747586369517,
                0.0,
                0.5910705924034119,
                0.806212306022644,
                0.02521788701415062,
                0.0,
                -0.025217900052666665,
                -0.01277775038033724,
                0.9996006488800048,
                0.0,
                -0.0,
                1.1302490234375,
                -0.0,
                1.0
            ],
            "name": "L_elbow_s"
        },
        {
            "children": [
                48,
                46,
                44,
                42
            ],
            "translation": [
                0.0964670032262802,
                1.2455929517745972,
                -0.08542899787425995
            ],
            "rotation": [
                0.05936234071850777,
                0.5029805898666382,
                0.06911254674196243,
                -0.8594794273376465
            ],
            "scale": [
                0.999992609024048,
                0.9999998807907105,
                0.9999922513961792
            ],
            "name": "L_wrist_s"
        },
        {
            "children": [
                43
            ],
            "matrix": [
                0.1655506491661072,
                -0.3281209170818329,
                -0.8214974999427795,
                0.0,
                0.8779582381248474,
                0.16321377456188206,
                0.1117055043578148,
                0.0,
                0.10821326822042464,
                -0.8219650983810425,
                0.35015758872032168,
                0.0,
                0.2568590044975281,
                0.3988910019397736,
                -0.507116973400116,
                1.0
            ],
            "name": "L_gunbone_01_s"
        },
        {
            "matrix": [
                -0.999897003173828,
                -0.002335297176614404,
                0.001786865177564323,
                0.0,
                -0.002339795231819153,
                0.9999940991401672,
                -0.002520003588870168,
                0.0,
                -0.0017809683922678233,
                -0.002524173585698009,
                -0.9998960494995116,
                0.0,
                -0.0012009999481961132,
                -2.081110954284668,
                -0.13848400115966798,
                1.0
            ],
            "name": "L_gunbone_02_s"
        },
        {
            "children": [
                45
            ],
            "matrix": [
                0.4441717565059662,
                0.889398455619812,
                -0.10795529931783676,
                0.0,
                0.42342010140419009,
                -0.31453976035118105,
                -0.8495383858680725,
                0.0,
                -0.7895565032958984,
                0.3316178023815155,
                -0.5162901282310486,
                0.0,
                0.38992899656295779,
                0.32170701026916506,
                -0.1363150030374527,
                1.0
            ],
            "name": "L_thumb_01_s"
        },
        {
            "matrix": [
                0.9995940923690796,
                -0.02168696001172066,
                -0.01847223937511444,
                0.0,
                0.020740985870361329,
                0.9985367059707642,
                -0.04994694143533707,
                0.0,
                0.01952842622995377,
                0.04954348877072334,
                0.998580515384674,
                0.0,
                -0.0,
                0.45248401165008547,
                0.0,
                1.0
            ],
            "name": "L_thumb_02_s"
        },
        {
            "children": [
                47
            ],
            "matrix": [
                -0.9456652998924257,
                0.23231491446495057,
                -0.2270859181880951,
                0.0,
                0.28757020831108096,
                0.2735113799571991,
                -0.9178388118743897,
                0.0,
                -0.15113447606563569,
                -0.9333568215370178,
                -0.3253953158855438,
                0.0,
                0.3644540011882782,
                0.7979069948196411,
                0.016614999622106553,
                1.0
            ],
            "name": "L_index_01_s"
        },
        {
            "matrix": [
                0.9999186396598816,
                0.007616390474140644,
                -0.010257587768137457,
                0.0,
                0.0032955557107925417,
                0.6219569444656372,
                0.7830272912979126,
                0.0,
                0.012343695387244225,
                -0.7829976081848145,
                0.6218814253807068,
                0.0,
                0.0,
                0.34147000312805178,
                0.0,
                1.0
            ],
            "name": "L_index_02_s"
        },
        {
            "children": [
                49
            ],
            "matrix": [
                -0.9795973300933838,
                -0.19073012471199037,
                -0.06196032091975212,
                0.0,
                0.11521785706281662,
                -0.28238385915756228,
                -0.9522984027862548,
                0.0,
                0.16413995623588566,
                -0.940090835094452,
                0.2987093925476074,
                0.0,
                -0.10093099623918534,
                0.781387984752655,
                0.059689998626708987,
                1.0
            ],
            "name": "L_middle_01_s"
        },
        {
            "matrix": [
                0.9979321360588074,
                -0.05539114773273468,
                -0.03261768817901611,
                0.0,
                0.057199202477931979,
                0.9967119693756104,
                0.05738828703761101,
                0.0,
                0.029331594705581666,
                -0.05913534387946129,
                0.9978193044662476,
                0.0,
                0.0,
                0.3332099914550781,
                0.0,
                1.0
            ],
            "name": "L_middle_02_s"
        },
        {
            "translation": [
                0.03215600177645683,
                0.4151979982852936,
                -0.02847599983215332
            ],
            "rotation": [
                0.04050732403993607,
                0.17885351181030274,
                0.031803030520677569,
                -0.9825260639190674
            ],
            "scale": [
                0.9999971985816956,
                1.0,
                0.999996304512024
            ],
            "name": "L_forearm_twist_s"
        },
        {
            "children": [
                52
            ],
            "matrix": [
                0.9729881286621094,
                -0.22998863458633424,
                -0.01996799558401108,
                0.0,
                0.22570443153381349,
                0.9295533299446106,
                0.2915220260620117,
                0.0,
                -0.04848658666014671,
                -0.28815439343452456,
                0.956355094909668,
                0.0,
                -0.000006000000212225132,
                1.0046069622039796,
                -0.10075300186872482,
                1.0
            ],
            "name": "neck_s"
        },
        {
            "children": [
                53
            ],
            "translation": [
                -0.023435000330209733,
                0.9434419870376588,
                -0.11078199744224549
            ],
            "rotation": [
                -0.031034423038363458,
                0.0789240300655365,
                -0.17633336782455445,
                -0.9806698560714722
            ],
            "scale": [
                0.9999983906745912,
                0.9999980926513672,
                0.9999995827674866
            ],
            "name": "head_s"
        },
        {
            "children": [
                54
            ],
            "matrix": [
                0.9990514516830444,
                -0.04157450795173645,
                0.012939739972352982,
                0.0,
                0.04354163631796837,
                0.9535690546035768,
                -0.29800933599472048,
                0.0,
                0.00005072309431852773,
                0.2982902228832245,
                0.9544752240180968,
                0.0,
                -0.015103000216186049,
                1.7342510223388672,
                0.04666399955749512,
                1.0
            ],
            "name": "hat_01_s"
        },
        {
            "matrix": [
                1.0,
                0.0,
                0.0,
                0.0,
                0.0,
                1.0,
                0.0,
                0.0,
                0.0,
                0.0,
                1.0,
                0.0,
                0.0,
                1.428199052810669,
                -0.0582210011780262,
                1.0
            ],
            "name": "hat_02_s"
        }
    ],
    "meshes": [
        {
            "primitives": [
                {
                    "attributes": {
                        "JOINTS_0": 1,
                        "NORMAL": 2,
                        "POSITION": 3,
                        "WEIGHTS_0": 4
                    },
                    "indices": 0,
                    "mode": 4,
                    "material": 0
                }
            ],
            "name": "handsGeo-mesh"
        },
        {
            "primitives": [
                {
                    "attributes": {
                        "JOINTS_0": 6,
                        "NORMAL": 7,
                        "POSITION": 8,
                        "WEIGHTS_0": 9
                    },
                    "indices": 5,
                    "mode": 4,
                    "material": 0
                }
            ],
            "name": "neckGeo-mesh"
        },
        {
            "primitives": [
                {
                    "attributes": {
                        "JOINTS_0": 11,
                        "NORMAL": 12,
                        "POSITION": 13,
                        "WEIGHTS_0": 14
                    },
                    "indices": 10,
                    "mode": 4,
                    "material": 0
                }
            ],
            "name": "guitarGeo-mesh"
        },
        {
            "primitives": [
                {
                    "attributes": {
                        "JOINTS_0": 16,
                        "NORMAL": 17,
                        "POSITION": 18,
                        "WEIGHTS_0": 19
                    },
                    "indices": 15,
                    "mode": 4,
                    "material": 0
                }
            ],
            "name": "hatGeo-mesh"
        },
        {
            "primitives": [
                {
                    "attributes": {
                        "JOINTS_0": 21,
                        "NORMAL": 22,
                        "POSITION": 23,
                        "WEIGHTS_0": 24
                    },
                    "indices": 20,
                    "mode": 4,
                    "material": 0
                }
            ],
            "name": "guitarStringsGeo-mesh"
        },
        {
            "primitives": [
                {
                    "attributes": {
                        "JOINTS_0": 26,
                        "NORMAL": 27,
                        "POSITION": 28,
                        "WEIGHTS_0": 29
                    },
                    "indices": 25,
                    "mode": 4,
                    "material": 0
                }
            ],
            "name": "tieGeo-mesh"
        },
        {
            "primitives": [
                {
                    "attributes": {
                        "JOINTS_0": 31,
                        "NORMAL": 32,
                        "POSITION": 33,
                        "WEIGHTS_0": 34
                    },
                    "indices": 30,
                    "mode": 4,
                    "material": 0
                }
            ],
            "name": "pantsGeo-mesh"
        },
        {
            "primitives": [
                {
                    "attributes": {
                        "JOINTS_0": 36,
                        "NORMAL": 37,
                        "POSITION": 38,
                        "WEIGHTS_0": 39
                    },
                    "indices": 35,
                    "mode": 4,
                    "material": 0
                }
            ],
            "name": "headGeo-mesh"
        },
        {
            "primitives": [
                {
                    "attributes": {
                        "JOINTS_0": 41,
                        "NORMAL": 42,
                        "POSITION": 43,
                        "WEIGHTS_0": 44
                    },
                    "indices": 40,
                    "mode": 4,
                    "material": 0
                }
            ],
            "name": "shoesGeo-mesh"
        },
        {
            "primitives": [
                {
                    "attributes": {
                        "JOINTS_0": 46,
                        "NORMAL": 47,
                        "POSITION": 48,
                        "WEIGHTS_0": 49
                    },
                    "indices": 45,
                    "mode": 4,
                    "material": 0
                }
            ],
            "name": "jacketGeo-mesh"
        }
    ],
    "animations": [
        {
            "channels": [
                {
                    "sampler": 0,
                    "target": {
                        "node": 14,
                        "path": "translation"
                    }
                },
                {
                    "sampler": 1,
                    "target": {
                        "node": 14,
                        "path": "rotation"
                    }
                },
                {
                    "sampler": 2,
                    "target": {
                        "node": 14,
                        "path": "scale"
                    }
                },
                {
                    "sampler": 3,
                    "target": {
                        "node": 23,
                        "path": "translation"
                    }
                },
                {
                    "sampler": 4,
                    "target": {
                        "node": 23,
                        "path": "rotation"
                    }
                },
                {
                    "sampler": 5,
                    "target": {
                        "node": 23,
                        "path": "scale"
                    }
                },
                {
                    "sampler": 6,
                    "target": {
                        "node": 24,
                        "path": "translation"
                    }
                },
                {
                    "sampler": 7,
                    "target": {
                        "node": 24,
                        "path": "rotation"
                    }
                },
                {
                    "sampler": 8,
                    "target": {
                        "node": 24,
                        "path": "scale"
                    }
                },
                {
                    "sampler": 9,
                    "target": {
                        "node": 25,
                        "path": "translation"
                    }
                },
                {
                    "sampler": 10,
                    "target": {
                        "node": 25,
                        "path": "rotation"
                    }
                },
                {
                    "sampler": 11,
                    "target": {
                        "node": 25,
                        "path": "scale"
                    }
                },
                {
                    "sampler": 12,
                    "target": {
                        "node": 52,
                        "path": "translation"
                    }
                },
                {
                    "sampler": 13,
                    "target": {
                        "node": 52,
                        "path": "rotation"
                    }
                },
                {
                    "sampler": 14,
                    "target": {
                        "node": 52,
                        "path": "scale"
                    }
                },
                {
                    "sampler": 15,
                    "target": {
                        "node": 39,
                        "path": "translation"
                    }
                },
                {
                    "sampler": 16,
                    "target": {
                        "node": 39,
                        "path": "rotation"
                    }
                },
                {
                    "sampler": 17,
                    "target": {
                        "node": 39,
                        "path": "scale"
                    }
                },
                {
                    "sampler": 18,
                    "target": {
                        "node": 50,
                        "path": "translation"
                    }
                },
                {
                    "sampler": 19,
                    "target": {
                        "node": 50,
                        "path": "rotation"
                    }
                },
                {
                    "sampler": 20,
                    "target": {
                        "node": 50,
                        "path": "scale"
                    }
                },
                {
                    "sampler": 21,
                    "target": {
                        "node": 41,
                        "path": "translation"
                    }
                },
                {
                    "sampler": 22,
                    "target": {
                        "node": 41,
                        "path": "rotation"
                    }
                },
                {
                    "sampler": 23,
                    "target": {
                        "node": 41,
                        "path": "scale"
                    }
                },
                {
                    "sampler": 24,
                    "target": {
                        "node": 27,
                        "path": "translation"
                    }
                },
                {
                    "sampler": 25,
                    "target": {
                        "node": 27,
                        "path": "rotation"
                    }
                },
                {
                    "sampler": 26,
                    "target": {
                        "node": 27,
                        "path": "scale"
                    }
                },
                {
                    "sampler": 27,
                    "target": {
                        "node": 28,
                        "path": "translation"
                    }
                },
                {
                    "sampler": 28,
                    "target": {
                        "node": 28,
                        "path": "rotation"
                    }
                },
                {
                    "sampler": 29,
                    "target": {
                        "node": 28,
                        "path": "scale"
                    }
                },
                {
                    "sampler": 30,
                    "target": {
                        "node": 29,
                        "path": "translation"
                    }
                },
                {
                    "sampler": 31,
                    "target": {
                        "node": 29,
                        "path": "rotation"
                    }
                },
                {
                    "sampler": 32,
                    "target": {
                        "node": 29,
                        "path": "scale"
                    }
                },
                {
                    "sampler": 33,
                    "target": {
                        "node": 37,
                        "path": "translation"
                    }
                },
                {
                    "sampler": 34,
                    "target": {
                        "node": 37,
                        "path": "rotation"
                    }
                },
                {
                    "sampler": 35,
                    "target": {
                        "node": 37,
                        "path": "scale"
                    }
                },
                {
                    "sampler": 36,
                    "target": {
                        "node": 30,
                        "path": "translation"
                    }
                },
                {
                    "sampler": 37,
                    "target": {
                        "node": 30,
                        "path": "rotation"
                    }
                },
                {
                    "sampler": 38,
                    "target": {
                        "node": 30,
                        "path": "scale"
                    }
                },
                {
                    "sampler": 39,
                    "target": {
                        "node": 35,
                        "path": "translation"
                    }
                },
                {
                    "sampler": 40,
                    "target": {
                        "node": 35,
                        "path": "rotation"
                    }
                },
                {
                    "sampler": 41,
                    "target": {
                        "node": 35,
                        "path": "scale"
                    }
                },
                {
                    "sampler": 42,
                    "target": {
                        "node": 36,
                        "path": "translation"
                    }
