{
    "asset": {
        "generator": "COLLADA2GLTF",
        "version": "2.0"
    },
    "scenes": [
        {
            "nodes": [
                0
            ]
        }
    ],
    "scene": 0,
    "nodes": [
        {
            "children": [
                8,
                1
            ],
            "name": "Y_UP"
        },
        {
            "children": [
                7,
                6,
                5,
                4,
                3,
                2
            ],
            "name": "Geo"
        },
        {
            "mesh": 0,
            "skin": 0,
            "name": "eyebrowsGeo"
        },
        {
            "mesh": 1,
            "skin": 1,
            "name": "gunRGeo"
        },
        {
            "mesh": 2,
            "skin": 2,
            "name": "gunLGeo"
        },
        {
            "mesh": 3,
            "skin": 3,
            "name": "beltGeo"
        },
        {
            "mesh": 4,
            "skin": 4,
            "name": "beltbuckleGeo"
        },
        {
            "mesh": 5,
            "skin": 5,
            "name": "baseGeo"
        },
        {
            "children": [
                9
            ],
            "name": "CHARACTER"
        },
        {
            "children": [
                10
            ],
            "name": "Root"
        },
        {
            "children": [
                23,
                19,
                15,
                11
            ],
            "translation": [
                0.05180700123310089,
                3.555533885955811,
                0.06738799810409546
            ],
            "rotation": [
                -0.022821929305791856,
                0.1306878626346588,
                -0.012979590333998204,
                -0.9910755157470704
            ],
            "scale": [
                0.9999988079071044,
                0.9999999403953552,
                0.9999982714653016
            ],
            "name": "hips_s"
        },
        {
            "children": [
                14,
                12
            ],
            "translation": [
                -0.02697400003671646,
                0.18526799976825718,
                -0.009072000160813332
            ],
            "rotation": [
                -0.011226442642509938,
                0.007166469004005194,
                -0.08630520850419998,
                -0.9961796402931212
            ],
            "scale": [
                0.9999995827674866,
                0.9999997615814208,
                0.9999998807907105
            ],
            "name": "beltroot_s"
        },
        {
            "children": [
                13
            ],
            "translation": [
                -1.7917579412460328,
                -0.24505800008773805,
                -0.1910150051116943
            ],
            "rotation": [
                -0.18100863695144657,
                0.11005081236362456,
                0.11072742193937302,
                -0.9710111618041992
            ],
            "scale": [
                0.9999985694885254,
                0.9999975562095642,
                0.9999982118606569
            ],
            "name": "R_belt_s"
        },
        {
            "translation": [
                -0.18639999628067017,
                0.2207999974489212,
                -0.08339999616146088
            ],
            "rotation": [
                -0.08532232791185379,
                0.0027989624068140985,
                -0.09922486543655396,
                -0.9913963079452516
            ],
            "scale": [
                0.9999995827674866,
                0.9999997615814208,
                1.000000238418579
            ],
            "name": "R_holster_s"
        },
        {
            "translation": [
                1.6707119941711426,
                -0.1911899894475937,
                0.10902400314807892
            ],
            "rotation": [
                -0.0,
                -0.043614957481622699,
                -0.0,
                -0.9990484714508056
            ],
            "scale": [
                1.0000003576278689,
                1.0,
                1.0000003576278689
            ],
            "name": "L_belt_s"
        },
        {
            "children": [
                16
            ],
            "translation": [
                -0.7717189788818359,
                -0.11859899759292604,
                -0.0
            ],
            "rotation": [
                0.04004692658782005,
                0.944854974746704,
                0.3101021647453308,
                -0.09722600877285004
            ],
            "scale": [
                0.999942421913147,
                0.9999946355819702,
                0.9999479651451112
            ],
            "name": "R_upperLeg_s"
        },
        {
            "children": [
                17
            ],
            "translation": [
                -0.0,
                -1.494704008102417,
                0.0
            ],
            "rotation": [
                0.5308825969696045,
                -0.0,
                -0.0,
                -0.8474450707435608
            ],
            "scale": [
                1.0,
                0.9999991655349731,
                0.9999991655349731
            ],
            "name": "R_lowerLeg_s"
        },
        {
            "children": [
                18
            ],
            "translation": [
                0.0,
                -1.749032974243164,
                0.0
            ],
            "rotation": [
                -0.01577885076403618,
                0.1260155290365219,
                0.991668701171875,
                -0.02134604938328266
            ],
            "scale": [
                0.9999825358390808,
                0.999983012676239,
                0.999999701976776
            ],
            "name": "R_ankle_s"
        },
        {
            "matrix": [
                -0.9999375343322754,
                6.281772471083968e-7,
                0.007220620289444923,
                0.0,
                0.007220620289444923,
                0.00019228464225307107,
                0.9999558329582214,
                0.0,
                -6.281770765781403e-7,
                0.9999815821647644,
                -0.00015556812286376953,
                0.0,
                -0.0019379999721422792,
                0.49420300126075747,
                -0.6879969835281372,
                1.0
            ],
            "name": "R_toes_s"
        },
        {
            "children": [
                20
            ],
            "translation": [
                0.7717189788818359,
                -0.1186020001769066,
                -0.0
            ],
            "rotation": [
                0.11509643495082857,
                0.3399682343006134,
                0.9331977963447572,
                0.016732340678572656
            ],
            "scale": [
                0.9999277591705322,
                0.9999356269836426,
                0.999990940093994
            ],
            "name": "L_upperLeg_s"
        },
        {
            "children": [
                21
            ],
            "translation": [
                -0.0,
                1.5387259721755982,
                -0.0
            ],
            "rotation": [
                0.06794288754463196,
                -0.0,
                -0.0,
                -0.997689127922058
            ],
            "scale": [
                1.0,
                0.9999996423721314,
                0.9999996423721314
            ],
            "name": "L_lowerLeg_s"
        },
        {
            "children": [
                22
            ],
            "translation": [
                0.0,
                1.8005390167236329,
                0.0
            ],
            "rotation": [
                -0.001937753171660006,
                -0.02134605124592781,
                0.9986507892608644,
                -0.04718276858329773
            ],
            "scale": [
                0.9999778866767884,
                0.9999783039093018,
                0.999999701976776
            ],
            "name": "L_ankle_s"
        },
        {
            "matrix": [
                -0.9999375343322754,
                6.281772471083968e-7,
                0.007220620289444923,
                0.0,
                0.007220620289444923,
                0.00019228464225307107,
                0.9999558329582214,
                0.0,
                -6.281770765781403e-7,
                0.9999815821647644,
                -0.00015556812286376953,
                0.0,
                0.0019389999797567728,
                -0.49420300126075747,
                0.6879969835281372,
                1.0
            ],
            "name": "L_toes_s"
        },
        {
            "children": [
                24
            ],
            "translation": [
                -0.0076779997907578949,
                0.592179000377655,
                0.02229899913072586
            ],
            "rotation": [
                0.013564251363277436,
                -0.05459534749388695,
                -0.0043983859941363338,
                -0.9984068274497986
            ],
            "scale": [
                1.0000001192092896,
                1.000000238418579,
                1.0000001192092896
            ],
            "name": "spine_lower_s"
        },
        {
            "children": [
                25
            ],
            "translation": [
                -0.006424999795854092,
                0.6650969982147217,
                0.015399999916553498
            ],
            "rotation": [
                -0.03653942793607712,
                -0.10408200323581696,
                0.005505519919097424,
                -0.9938814640045166
            ],
            "scale": [
                0.9999983906745912,
                0.999999463558197,
                0.9999979734420776
            ],
            "name": "spine_upper_s"
        },
        {
            "children": [
                52,
                39,
                26
            ],
            "translation": [
                0.009116999804973604,
                0.5876629948616028,
                0.05770299956202507
            ],
            "rotation": [
                -0.07797063887119293,
                -0.06477560847997666,
                0.017531853169202806,
                -0.9946944713592528
            ],
            "scale": [
                0.9999995231628418,
                0.999999463558197,
                0.9999999403953552
            ],
            "name": "chest_s"
        },
        {
            "children": [
                27
            ],
            "translation": [
                -0.09622199833393096,
                0.741756021976471,
                0.24672000110149384
            ],
            "rotation": [
                0.9988352060317992,
                -0.03088102675974369,
                -0.013933369889855385,
                -0.03371076285839081
            ],
            "scale": [
                0.9999996423721314,
                0.999912440776825,
                0.9999120235443116
            ],
            "name": "R_clavicle_s"
        },
        {
            "children": [
                28
            ],
            "translation": [
                -1.5991790294647217,
                -0.0725099965929985,
                0.7619329690933228
            ],
            "rotation": [
                0.8413852453231812,
                0.2484324425458908,
                0.4752418994903565,
                -0.0666833370923996
            ],
            "scale": [
                0.9999707341194152,
                0.999905526638031,
                0.9999219179153442
            ],
            "name": "R_shoulder_s"
        },
        {
            "children": [
                38,
                29
            ],
            "translation": [
                0.0,
                -1.68654203414917,
                -0.0
            ],
            "rotation": [
                -0.019161714240908624,
                0.010488200932741166,
                0.7483831644058228,
                -0.6628837585449219
            ],
            "scale": [
                0.9999730587005616,
                0.9999734163284302,
                1.0000004768371585
            ],
            "name": "R_elbow_s"
        },
        {
            "children": [
                36,
                34,
                32,
                30
            ],
            "matrix": [
                0.8846433162689209,
                0.012181814759969712,
                0.46609726548194888,
                0.0,
                0.12068253755569458,
                0.9596121311187744,
                -0.25411951541900637,
                0.0,
                -0.4503671228885651,
                0.2810560166835785,
                0.8474439382553101,
                0.0,
                -0.0,
                -1.5286359786987305,
                0.0,
                1.0
            ],
            "name": "R_wrist_s"
        },
        {
            "children": [
                31
            ],
            "matrix": [
                -0.09940534830093384,
                -0.19733412563800813,
                0.975213885307312,
                0.0,
                -0.977437436580658,
                0.2026602029800415,
                -0.05869876965880394,
                0.0,
                -0.186004638671875,
                -0.9591087102890016,
                -0.212984636425972,
                0.0,
                -0.5573449730873108,
                -1.9372400045394896,
                0.07160300016403198,
                1.0
            ],
            "name": "R_gunbone_01_s"
        },
        {
            "matrix": [
                1.0,
                0.0,
                0.0,
                0.0,
                0.0,
                1.0,
                0.0,
                0.0,
                0.0,
                0.0,
                1.0,
                0.0,
                -0.0,
                0.7513499855995178,
                1.7170310020446778,
                1.0
            ],
            "name": "R_gunbone_02_s"
        },
        {
            "children": [
                33
            ],
            "matrix": [
                0.11200237274169922,
                0.6094709634780884,
                0.784796953201294,
                0.0,
                0.9293979406356812,
                0.2152331918478012,
                -0.2996844351291657,
                0.0,
                -0.3515402972698212,
                0.7629785537719727,
                -0.5423274636268616,
                0.0,
                -0.4184809923171997,
                -0.4528110027313233,
                0.01438200008124113,
                1.0
            ],
            "name": "R_thumb_01_s"
        },
        {
            "matrix": [
                0.9983142018318176,
                -0.044679149985313418,
                0.037050336599349979,
                0.0,
                0.02722507156431675,
                0.9242062568664552,
                0.3809165060520172,
                0.0,
                -0.051261574029922488,
                -0.3792656362056732,
                0.9238646030426024,
                0.0,
                0.0,
                -0.584833025932312,
                -0.0,
                1.0
            ],
            "name": "R_thumb_02_s"
        },
        {
            "children": [
                35
            ],
            "matrix": [
                -0.9915798902511596,
                -0.013754533603787424,
                -0.1284974217414856,
                0.0,
                0.010087050497531893,
                0.9830487370491028,
                -0.18306538462638856,
                0.0,
                0.12883712351322178,
                -0.18282638490200044,
                -0.9746313095092772,
                0.0,
                -0.3802729845046997,
                -0.9531279802322388,
                -0.214029997587204,
                1.0
            ],
            "name": "R_index_01_s"
        },
        {
            "matrix": [
                0.9926189184188844,
                0.06897430121898651,
                -0.09974691271781922,
                0.0,
                -0.07500545680522919,
                0.995492935180664,
                -0.05802986398339272,
                0.0,
                0.095294751226902,
                0.06508328020572663,
                0.9933192133903505,
                0.0,
                -0.0,
                -0.4307560026645661,
                -0.0,
                1.0
            ],
            "name": "R_index_02_s"
        },
        {
            "children": [
                37
            ],
            "matrix": [
                -0.8785486221313477,
                -0.4487993717193604,
                -0.16310656070709229,
                0.0,
                -0.439444363117218,
                0.8935856819152832,
                -0.09157884865999222,
                0.0,
                0.1868508607149124,
                -0.008783627301454544,
                -0.9822798371315002,
                0.0,
                0.10585299879312517,
                -0.9448140263557434,
                -0.14166200160980225,
                1.0
            ],
            "name": "R_middle_01_s"
        },
        {
            "matrix": [
                0.9995729327201844,
                -0.016816316172480584,
                0.023905903100967408,
                0.0,
                -0.00994236208498478,
                0.5735297203063965,
                0.8190933465957642,
                0.0,
                -0.027485089376568799,
                -0.8189810514450073,
                0.5731174945831299,
                0.0,
                0.0,
                -0.4213399887084961,
                0.0,
                1.0
            ],
            "name": "R_middle_02_s"
        },
        {
            "matrix": [
                0.987180233001709,
                0.0,
                0.15960973501205445,
                0.0,
                -0.0,
                1.0,
                0.0,
                0.0,
                -0.15960973501205445,
                -0.0,
                0.987180233001709,
                0.0,
                0.0,
                -0.5095450282096863,
                0.0,
                1.0
            ],
            "name": "R_forearm_twist_s"
        },
        {
            "children": [
                40
            ],
            "translation": [
                0.1024169996380806,
                0.7420309782028198,
                0.2433840036392212
            ],
            "rotation": [
                -0.0392160639166832,
                -0.020915234461426736,
                0.0050750188529491428,
                -0.9989988803863524
            ],
            "scale": [
                0.999999463558197,
                0.999999701976776,
                1.0000001192092896
            ],
            "name": "L_clavicle_s"
        },
        {
            "children": [
                41
            ],
            "translation": [
                1.5991790294647217,
                0.072503000497818,
                -0.7619320154190064
            ],
            "rotation": [
                0.7098023891448975,
                0.09784115850925446,
                0.5044005513191223,
                -0.48176252841949465
            ],
            "scale": [
                0.9999512434005736,
                0.9998592734336852,
                0.9999049305915833
            ],
            "name": "L_shoulder_s"
        },
        {
            "children": [
                51,
                42
            ],
            "translation": [
                -0.0,
                1.6865450143814088,
                -0.0
            ],
            "rotation": [
                -0.005689817015081644,
                -0.004674871917814016,
                0.7416135668754578,
                -0.6707271933555603
            ],
            "scale": [
                0.999927580356598,
                0.9999281167984008,
                1.0000004768371585
            ],
            "name": "L_elbow_s"
        },
        {
            "children": [
                49,
                47,
                45,
                43
            ],
            "matrix": [
                0.8729270100593567,
                0.04716179892420769,
                0.48555615544319155,
                0.0,
                0.10560064762830734,
                0.9534515142440796,
                -0.2824442684650421,
                0.0,
                -0.4762746691703797,
                0.29782894253730776,
                0.8273135423660278,
                0.0,
                0.0,
                1.5286270380020142,
                -0.0,
                1.0
            ],
            "name": "L_wrist_s"
        },
        {
            "children": [
                44
            ],
            "matrix": [
                -0.09940526634454729,
                -0.197333961725235,
                0.9752132296562196,
                0.0,
                0.9774371981620788,
                -0.2025357037782669,
                0.05869875848293305,
                0.0,
                0.18600451946258546,
                0.9591081142425536,
                0.21310903131961826,
                0.0,
                0.5549749732017517,
                1.9317389726638797,
                -0.09249500185251236,
                1.0
            ],
            "name": "L_gunbone_01_s"
        },
        {
            "matrix": [
                1.0,
                0.0,
                0.0,
                0.0,
                0.0,
                1.0,
                0.0,
                0.0,
                0.0,
                0.0,
                1.0,
                0.0,
                -0.0,
                0.7513499855995178,
                1.7170310020446778,
                1.0
            ],
            "name": "L_gunbone_02_s"
        },
        {
            "children": [
                46
            ],
            "matrix": [
                0.11200230568647385,
                0.6094706654548645,
                0.7847965359687805,
                0.0,
                0.9293979406356812,
                0.2152332067489624,
                -0.2996844649314881,
                0.0,
                -0.35154056549072268,
                0.7629790902137756,
                -0.5423278212547302,
                0.0,
                0.4184820055961609,
                0.4528119862079621,
                -0.014384999871253968,
                1.0
            ],
            "name": "L_thumb_01_s"
        },
        {
            "matrix": [
                0.9983137845993042,
                -0.04467913135886192,
                0.03705031797289848,
                0.0,
                0.027225060388445859,
                0.9242058992385864,
                0.3809163570404053,
                0.0,
                -0.05126155540347099,
                -0.3792654275894165,
                0.9238641858100892,
                0.0,
                0.0,
                0.5848320126533508,
                0.0,
                1.0
            ],
            "name": "L_thumb_02_s"
        },
        {
            "children": [
                48
            ],
            "matrix": [
                -0.9915794134140016,
                -0.013754526153206826,
                -0.12849736213684086,
                0.0,
                0.010087050497531893,
                0.9830485582351684,
                -0.18306535482406617,
                0.0,
                0.12883718311786652,
                -0.1828264594078064,
                -0.9746317863464356,
                0.0,
                0.3802779912948609,
                0.9531319737434388,
                0.21401900053024293,
                1.0
            ],
            "name": "L_index_01_s"
        },
        {
            "matrix": [
                0.99261873960495,
                0.06897428631782532,
                -0.09974689036607744,
                0.0,
                -0.07500548660755158,
                0.9954933524131776,
                -0.0580298937857151,
                0.0,
                0.09529469907283785,
                0.06508325040340424,
                0.993318736553192,
                0.0,
                0.0,
                0.4307560026645661,
                -0.0,
                1.0
            ],
            "name": "L_index_02_s"
        },
        {
            "children": [
                50
            ],
            "matrix": [
                -0.8785486817359924,
                -0.4487993717193604,
                -0.16310657560825349,
                0.0,
                -0.4394443035125733,
                0.8935856223106384,
                -0.09157884120941162,
                0.0,
                0.186850905418396,
                -0.008783630095422268,
                -0.982280135154724,
                0.0,
                -0.10584799945354462,
                0.9448130130767822,
                0.1416569948196411,
                1.0
            ],
            "name": "L_middle_01_s"
        },
        {
            "matrix": [
                0.9995729327201844,
                -0.016816316172480584,
                0.023905903100967408,
                0.0,
                -0.00994236022233963,
                0.5735296010971069,
                0.8190931081771851,
                0.0,
                -0.027485080063343049,
                -0.8189808130264282,
                0.5731173157691956,
                0.0,
                -0.0,
                0.4213489890098572,
                -0.0,
                1.0
            ],
            "name": "L_middle_02_s"
        },
        {
            "matrix": [
                0.9781011939048768,
                0.0,
                0.2081260234117508,
                0.0,
                -0.0,
                1.0,
                0.0,
                0.0,
                -0.2081260234117508,
                -0.0,
                0.9781011939048768,
                0.0,
                0.0,
                0.5095419883728027,
                0.0,
                1.0
            ],
            "name": "L_forearm_twist_s"
        },
        {
            "children": [
                53
            ],
            "translation": [
                -0.003889000043272972,
                1.4851640462875369,
                -0.11014500260353089
            ],
            "rotation": [
                -0.03026510216295719,
                -0.008396723307669163,
                -0.00043060118332505226,
                -0.999506413936615
            ],
            "scale": [
                0.9999999403953552,
                0.9999995231628418,
                0.9999995231628418
            ],
            "name": "neck_s"
        },
        {
            "children": [
                58,
                56,
                55,
                54
            ],
            "translation": [
                -0.0,
                1.196000099182129,
                -0.05235999822616577
            ],
            "rotation": [
                0.11739947646856308,
                0.1235201433300972,
                -0.02491316944360733,
                -0.9850571751594544
            ],
            "scale": [
                0.9999982118606569,
                0.9999980330467224,
                0.9999968409538268
            ],
            "name": "head_s"
        },
        {
            "matrix": [
                0.9961958527565002,
                -0.08714690804481507,
                0.0,
                0.0,
                -0.08714690804481507,
                -0.9962046146392822,
                0.0,
                0.0,
                0.0,
                -0.0,
                -1.0000088214874268,
                0.0,
                -0.6649919748306274,
                1.3286229372024537,
                1.7466039657592774,
                1.0
            ],
            "name": "R_eyebrow_s"
        },
        {
            "matrix": [
                0.9961958527565002,
                0.08714690804481507,
                0.0,
                0.0,
                -0.08714690804481507,
                0.9961958527565002,
                0.0,
                0.0,
                0.0,
                0.0,
                1.0,
                0.0,
                0.658312976360321,
                1.5365599393844605,
                1.7291159629821778,
                1.0
            ],
            "name": "L_eyebrow_s"
        },
        {
            "children": [
                57
            ],
            "matrix": [
                1.0,
                0.0,
                -0.0,
                0.0,
                -0.0,
                0.9544779062271118,
                -0.29827556014060976,
                0.0,
                0.0,
                0.29827556014060976,
                0.9544779062271118,
                0.0,
                -0.015103000216186049,
                2.233372926712036,
                0.04666399955749512,
                1.0
            ],
            "name": "hat_01_s"
        },
        {
            "matrix": [
                1.0,
                0.0,
                0.0,
                0.0,
                0.0,
                0.9961958527565002,
                0.08714690804481507,
                0.0,
                0.0,
                -0.08714690804481507,
                0.9961958527565002,
                0.0,
                0.0,
                1.9271169900894168,
                0.31679099798202517,
                1.0
            ],
            "name": "hat_02_s"
        },
        {
            "children": [
                59
            ],
            "matrix": [
                1.0,
                0.0,
                -0.0,
                0.0,
                -0.0,
                -0.27837711572647097,
                -0.9604178071022034,
                0.0,
                0.0,
                0.9604178071022034,
                -0.27837711572647097,
                0.0,
                -0.0,
                3.300282955169678,
                -1.2065730094909669,
                1.0
            ],
            "name": "hair_01_s"
        },
        {
            "matrix": [
                1.0,
                0.0,
                0.0,
                0.0,
                0.0,
                0.9659363031387328,
                0.2587736248970032,
                0.0,
                0.0,
                -0.2587736248970032,
                0.9659363031387328,
                0.0,
                -0.0,
                0.6812679767608643,
                -0.02027899958193302,
                1.0
            ],
            "name": "hair_02_s"
        }
    ],
    "meshes": [
        {
            "primitives": [
                {
                    "attributes": {
                        "JOINTS_0": 1,
                        "NORMAL": 2,
                        "POSITION": 3,
                        "WEIGHTS_0": 4
                    },
                    "indices": 0,
                    "mode": 4,
                    "material": 0
                }
            ],
            "name": "eyebrowsGeo-mesh"
        },
        {
            "primitives": [
                {
                    "attributes": {
                        "JOINTS_0": 6,
                        "NORMAL": 7,
                        "POSITION": 8,
                        "WEIGHTS_0": 9
                    },
                    "indices": 5,
                    "mode": 4,
                    "material": 1
                }
            ],
            "name": "gunRGeo-mesh"
        },
        {
            "primitives": [
                {
                    "attributes": {
                        "JOINTS_0": 11,
                        "NORMAL": 12,
                        "POSITION": 13,
                        "WEIGHTS_0": 14
                    },
                    "indices": 10,
                    "mode": 4,
                    "material": 1
                }
            ],
            "name": "gunLGeo-mesh"
        },
        {
            "primitives": [
                {
                    "attributes": {
                        "JOINTS_0": 16,
                        "NORMAL": 17,
                        "POSITION": 18,
                        "WEIGHTS_0": 19
                    },
                    "indices": 15,
                    "mode": 4,
                    "material": 0
                },
                {
                    "attributes": {
                        "JOINTS_0": 21,
                        "NORMAL": 22,
                        "POSITION": 23,
                        "WEIGHTS_0": 24
                    },
                    "indices": 20,
                    "mode": 4,
                    "material": 1
                }
            ],
            "name": "beltGeo-mesh"
        },
        {
            "primitives": [
                {
                    "attributes": {
                        "JOINTS_0": 26,
                        "NORMAL": 27,
                        "POSITION": 28,
                        "WEIGHTS_0": 29
                    },
                    "indices": 25,
                    "mode": 4,
                    "material": 1
                }
            ],
            "name": "beltbuckleGeo-mesh"
        },
        {
            "primitives": [
                {
                    "attributes": {
                        "JOINTS_0": 31,
                        "NORMAL": 32,
                        "POSITION": 33,
                        "WEIGHTS_0": 34
                    },
                    "indices": 30,
                    "mode": 4,
                    "material": 0
                }
            ],
            "name": "baseGeo-mesh"
        }
    ],
    "animations": [
        {
            "channels": [
                {
                    "sampler": 0,
                    "target": {
                        "node": 10,
                        "path": "translation"
                    }
                },
                {
                    "sampler": 1,
                    "target": {
                        "node": 10,
                        "path": "rotation"
                    }
                },
                {
                    "sampler": 2,
                    "target": {
                        "node": 10,
                        "path": "scale"
                    }
                },
                {
                    "sampler": 3,
                    "target": {
                        "node": 23,
                        "path": "translation"
                    }
                },
                {
                    "sampler": 4,
                    "target": {
                        "node": 23,
                        "path": "rotation"
                    }
                },
                {
                    "sampler": 5,
                    "target": {
                        "node": 23,
                        "path": "scale"
                    }
                },
                {
                    "sampler": 6,
                    "target": {
                        "node": 24,
                        "path": "translation"
                    }
                },
                {
                    "sampler": 7,
                    "target": {
                        "node": 24,
                        "path": "rotation"
                    }
                },
                {
                    "sampler": 8,
                    "target": {
                        "node": 24,
                        "path": "scale"
                    }
                },
                {
                    "sampler": 9,
                    "target": {
                        "node": 25,
                        "path": "translation"
                    }
                },
                {
                    "sampler": 10,
                    "target": {
                        "node": 25,
                        "path": "rotation"
                    }
                },
                {
                    "sampler": 11,
                    "target": {
                        "node": 25,
                        "path": "scale"
                    }
                },
                {
                    "sampler": 12,
                    "target": {
                        "node": 52,
                        "path": "translation"
                    }
                },
                {
                    "sampler": 13,
                    "target": {
                        "node": 52,
                        "path": "rotation"
                    }
                },
                {
                    "sampler": 14,
                    "target": {
                        "node": 52,
                        "path": "scale"
                    }
                },
                {
                    "sampler": 15,
                    "target": {
                        "node": 53,
                        "path": "translation"
                    }
                },
                {
                    "sampler": 16,
                    "target": {
                        "node": 53,
                        "path": "rotation"
                    }
                },
                {
                    "sampler": 17,
                    "target": {
                        "node": 53,
                        "path": "scale"
                    }
                },
                {
                    "sampler": 18,
                    "target": {
                        "node": 39,
                        "path": "translation"
                    }
                },
                {
                    "sampler": 19,
                    "target": {
                        "node": 39,
                        "path": "rotation"
                    }
                },
                {
                    "sampler": 20,
                    "target": {
                        "node": 39,
                        "path": "scale"
                    }
                },
                {
                    "sampler": 21,
                    "target": {
                        "node": 40,
                        "path": "translation"
                    }
                },
                {
                    "sampler": 22,
                    "target": {
                        "node": 40,
                        "path": "rotation"
                    }
                },
                {
                    "sampler": 23,
                    "target": {
                        "node": 40,
                        "path": "scale"
                    }
                },
                {
                    "sampler": 24,
                    "target": {
                        "node": 41,
                        "path": "translation"
                    }
                },
                {
                    "sampler": 25,
                    "target": {
                        "node": 41,
                        "path": "rotation"
                    }
                },
                {
                    "sampler": 26,
                    "target": {
                        "node": 41,
                        "path": "scale"
                    }
                },
                {
                    "sampler": 27,
