{
    "asset": {
        "generator": "COLLADA2GLTF",
        "version": "2.0"
    },
    "scenes": [
        {
            "nodes": [
                0
            ]
        }
    ],
    "scene": 0,
    "nodes": [
        {
            "children": [
                8,
                1
            ],
            "name": "Y_UP"
        },
        {
            "children": [
                7,
                6,
                5,
                4,
                3,
                2
            ],
            "name": "Geo"
        },
        {
            "mesh": 0,
            "skin": 0,
            "name": "eyebrowsGeo"
        },
        {
            "mesh": 1,
            "skin": 1,
            "name": "gunRGeo"
        },
        {
            "mesh": 2,
            "skin": 2,
            "name": "gunLGeo"
        },
        {
            "mesh": 3,
            "skin": 3,
            "name": "beltGeo"
        },
        {
            "mesh": 4,
            "skin": 4,
            "name": "beltbuckleGeo"
        },
        {
            "mesh": 5,
            "skin": 5,
            "name": "baseGeo"
        },
        {
            "children": [
                9
            ],
            "name": "CHARACTER"
        },
        {
            "children": [
                10
            ],
            "name": "Root"
        },
        {
            "children": [
                23,
                19,
                15,
                11
            ],
            "translation": [
                -0.1505569964647293,
                3.50629997253418,
                -0.37209200859069826
            ],
            "rotation": [
                -0.019100384786725045,
                0.17153438925743104,
                -0.05065753310918808,
                -0.9836888313293456
            ],
            "scale": [
                0.9999977350234984,
                0.9999993443489076,
                0.9999982118606569
            ],
            "name": "hips_s"
        },
        {
            "children": [
                14,
                12
            ],
            "matrix": [
                0.9858171343803406,
                0.16768066585063938,
                0.006946922279894352,
                0.0,
                -0.16781656444072724,
                0.985328495502472,
                0.031078865751624109,
                0.0,
                -0.0016335697146132589,
                -0.03180386126041413,
                0.9994925856590272,
                0.0,
                -0.026297999545931817,
                0.1854359954595566,
                -0.007154999766498804,
                1.0
            ],
            "name": "beltroot_s"
        },
        {
            "children": [
                13
            ],
            "translation": [
                -1.7200909852981568,
                0.08967600017786026,
                0.0732010006904602
            ],
            "rotation": [
                0.0536416620016098,
                0.08116991072893143,
                0.12407711148262024,
                -0.9874910712242128
            ],
            "scale": [
                0.9999995231628418,
                1.0,
                0.9999995827674866
            ],
            "name": "R_belt_s"
        },
        {
            "translation": [
                -0.18639999628067017,
                0.2207999974489212,
                -0.08339999616146088
            ],
            "rotation": [
                0.012949015945196152,
                0.010795973241329192,
                0.03592506051063538,
                -0.9992122054100036
            ],
            "scale": [
                0.9999998211860656,
                0.9999998211860656,
                0.9999998807907105
            ],
            "name": "R_holster_s"
        },
        {
            "matrix": [
                0.9961958527565002,
                0.0,
                -0.08714690804481507,
                0.0,
                0.0,
                1.0,
                0.0,
                0.0,
                0.08714690804481507,
                0.0,
                0.9961958527565002,
                0.0,
                1.6707119941711426,
                -0.1911899894475937,
                0.10902400314807892,
                1.0
            ],
            "name": "L_belt_s"
        },
        {
            "children": [
                16
            ],
            "translation": [
                -0.7717189788818359,
                -0.11859899759292604,
                -0.0
            ],
            "rotation": [
                0.15745022892951966,
                0.9397493004798888,
                -0.28632619976997378,
                0.1003326252102852
            ],
            "scale": [
                0.999939739704132,
                0.999993085861206,
                0.9999428987503052
            ],
            "name": "R_upperLeg_s"
        },
        {
            "children": [
                17
            ],
            "translation": [
                -0.0,
                -1.494704008102417,
                -0.0
            ],
            "rotation": [
                0.46938908100128176,
                -0.0,
                -0.0,
                -0.882986843585968
            ],
            "scale": [
                1.0,
                0.9999873042106628,
                0.9999873042106628
            ],
            "name": "R_lowerLeg_s"
        },
        {
            "children": [
                18
            ],
            "translation": [
                0.0,
                -1.749032974243164,
                -0.0
            ],
            "rotation": [
                0.019346782937645913,
                -0.22693252563476566,
                0.969738245010376,
                0.0876910537481308
            ],
            "scale": [
                0.9999099969863892,
                0.9999144673347472,
                0.999995529651642
            ],
            "name": "R_ankle_s"
        },
        {
            "matrix": [
                -0.9999375343322754,
                6.281772471083968e-7,
                0.007220620289444923,
                0.0,
                0.007220620289444923,
                0.00019228464225307107,
                0.9999558329582214,
                0.0,
                -6.281770765781403e-7,
                0.9999815821647644,
                -0.00015556812286376953,
                0.0,
                -0.0019379999721422792,
                0.49420300126075747,
                -0.6879969835281372,
                1.0
            ],
            "name": "R_toes_s"
        },
        {
            "children": [
                20
            ],
            "translation": [
                0.7717189788818359,
                -0.1186020001769066,
                0.0
            ],
            "rotation": [
                0.1327207237482071,
                0.2853419780731201,
                0.9443936347961426,
                -0.09501147270202636
            ],
            "scale": [
                0.9998857378959656,
                0.999893844127655,
                0.9999881982803344
            ],
            "name": "L_upperLeg_s"
        },
        {
            "children": [
                21
            ],
            "translation": [
                -0.0,
                1.4949109554290772,
                -0.0
            ],
            "rotation": [
                0.28930503129959109,
                -0.0,
                -0.0,
                -0.9572355151176452
            ],
            "scale": [
                1.0,
                0.999994933605194,
                0.999994933605194
            ],
            "name": "L_lowerLeg_s"
        },
        {
            "children": [
                22
            ],
            "translation": [
                -0.0,
                1.7492690086364749,
                -0.0
            ],
            "rotation": [
                0.02679022215306759,
                -0.02260713651776314,
                0.9936988353729248,
                0.10623814165592194
            ],
            "scale": [
                0.999906361103058,
                0.9999063014984132,
                1.000000238418579
            ],
            "name": "L_ankle_s"
        },
        {
            "matrix": [
                -0.9999375343322754,
                6.281772471083968e-7,
                0.007220620289444923,
                0.0,
                0.007220620289444923,
                0.00019228464225307107,
                0.9999558329582214,
                0.0,
                -6.281770765781403e-7,
                0.9999815821647644,
                -0.00015556812286376953,
                0.0,
                0.0019389999797567728,
                -0.49420300126075747,
                0.6879969835281372,
                1.0
            ],
            "name": "L_toes_s"
        },
        {
            "children": [
                24
            ],
            "translation": [
                -0.008035999722778798,
                0.5619109869003296,
                0.03313300013542175
            ],
            "rotation": [
                0.0003075787390116602,
                -0.02026943489909172,
                -0.001814714283682406,
                -0.9997928142547609
            ],
            "scale": [
                0.9999995231628418,
                0.9999999403953552,
                0.9999999403953552
            ],
            "name": "spine_lower_s"
        },
        {
            "children": [
                25
            ],
            "translation": [
                -0.010712999850511553,
                0.6073290109634399,
                0.018099000677466394
            ],
            "rotation": [
                -0.0014455901691690088,
                -0.03829275444149971,
                0.01396378129720688,
                -0.9991679191589356
            ],
            "scale": [
                0.9999996423721314,
                1.0,
                1.0000001192092896
            ],
            "name": "spine_upper_s"
        },
        {
            "children": [
                52,
                39,
                26
            ],
            "translation": [
                0.009278999641537668,
                0.5649780035018921,
                0.06310900300741196
            ],
            "rotation": [
                -0.018977230414748193,
                -0.02586686611175537,
                0.03171074390411377,
                -0.9989819526672364
            ],
            "scale": [
                0.9999999403953552,
                0.9999994039535524,
                0.9999995827674866
            ],
            "name": "chest_s"
        },
        {
            "children": [
                27
            ],
            "translation": [
                -0.09826800227165222,
                0.7565659880638123,
                0.19568400084972385
            ],
            "rotation": [
                0.9988353848457336,
                -0.010365447029471398,
                -0.046506088227033618,
                -0.002030027564615011
            ],
            "scale": [
                0.9999998807907105,
                0.999893069267273,
                0.9998927116394044
            ],
            "name": "R_clavicle_s"
        },
        {
            "children": [
                28
            ],
            "translation": [
                -1.5991790294647217,
                -0.0725099965929985,
                0.7619329690933228
            ],
            "rotation": [
                0.8119189143180847,
                0.26153528690338137,
                0.4657685160636902,
                -0.23545250296592713
            ],
            "scale": [
                0.9999951124191284,
                0.9999844431877136,
                0.9999871850013732
            ],
            "name": "R_shoulder_s"
        },
        {
            "children": [
                38,
                29
            ],
            "translation": [
                -0.0,
                -1.68654203414917,
                -0.0
            ],
            "rotation": [
                -0.05603743344545365,
                0.06544875353574753,
                0.8088825345039368,
                -0.5815485715866089
            ],
            "scale": [
                0.9999416470527648,
                0.999941885471344,
                0.9999989867210388
            ],
            "name": "R_elbow_s"
        },
        {
            "children": [
                36,
                34,
                32,
                30
            ],
            "matrix": [
                0.7895945310592651,
                -0.23538734018802644,
                0.5666833519935608,
                0.0,
                0.32827502489089968,
                0.9422731399536132,
                -0.06600575149059296,
                0.0,
                -0.5184329748153687,
                0.23814687132835389,
                0.8212857842445374,
                0.0,
                -0.0,
                -1.5286359786987305,
                0.0,
                1.0
            ],
            "name": "R_wrist_s"
        },
        {
            "children": [
                31
            ],
            "matrix": [
                -0.09940534830093384,
                -0.19733412563800813,
                0.975213885307312,
                0.0,
                -0.977437436580658,
                0.2026602029800415,
                -0.05869876965880394,
                0.0,
                -0.186004638671875,
                -0.9591087102890016,
                -0.212984636425972,
                0.0,
                -0.5573449730873108,
                -1.9372400045394896,
                0.07160300016403198,
                1.0
            ],
            "name": "R_gunbone_01_s"
        },
        {
            "matrix": [
                1.0,
                0.0,
                0.0,
                0.0,
                0.0,
                1.0,
                0.0,
                0.0,
                0.0,
                0.0,
                1.0,
                0.0,
                0.0,
                0.7513499855995178,
                1.7170310020446778,
                1.0
            ],
            "name": "R_gunbone_02_s"
        },
        {
            "children": [
                33
            ],
            "matrix": [
                0.11200237274169922,
                0.6094709634780884,
                0.784796953201294,
                0.0,
                0.9293979406356812,
                0.2152331918478012,
                -0.2996844351291657,
                0.0,
                -0.3515402972698212,
                0.7629785537719727,
                -0.5423274636268616,
                0.0,
                -0.4184809923171997,
                -0.4528110027313233,
                0.01438200008124113,
                1.0
            ],
            "name": "R_thumb_01_s"
        },
        {
            "matrix": [
                0.9983142018318176,
                -0.044679149985313418,
                0.037050336599349979,
                0.0,
                0.02722507156431675,
                0.9242062568664552,
                0.3809165060520172,
                0.0,
                -0.051261574029922488,
                -0.3792656362056732,
                0.9238646030426024,
                0.0,
                0.0,
                -0.584833025932312,
                -0.0,
                1.0
            ],
            "name": "R_thumb_02_s"
        },
        {
            "children": [
                35
            ],
            "matrix": [
                -0.9915798902511596,
                -0.013754533603787424,
                -0.1284974217414856,
                0.0,
                0.010087050497531893,
                0.9830487370491028,
                -0.18306538462638856,
                0.0,
                0.12883712351322178,
                -0.18282638490200044,
                -0.9746313095092772,
                0.0,
                -0.3802729845046997,
                -0.9531279802322388,
                -0.214029997587204,
                1.0
            ],
            "name": "R_index_01_s"
        },
        {
            "matrix": [
                0.9926189184188844,
                0.06897430121898651,
                -0.09974691271781922,
                0.0,
                -0.07500545680522919,
                0.995492935180664,
                -0.05802986398339272,
                0.0,
                0.095294751226902,
                0.06508328020572663,
                0.9933192133903505,
                0.0,
                0.0,
                -0.4307560026645661,
                -0.0,
                1.0
            ],
            "name": "R_index_02_s"
        },
        {
            "children": [
                37
            ],
            "matrix": [
                -0.8785486221313477,
                -0.4487993717193604,
                -0.16310656070709229,
                0.0,
                -0.439444363117218,
                0.8935856819152832,
                -0.09157884865999222,
                0.0,
                0.1868508607149124,
                -0.008783627301454544,
                -0.9822798371315002,
                0.0,
                0.10585299879312517,
                -0.9448140263557434,
                -0.14166200160980225,
                1.0
            ],
            "name": "R_middle_01_s"
        },
        {
            "matrix": [
                0.9995729327201844,
                -0.016816316172480584,
                0.023905903100967408,
                0.0,
                -0.00994236208498478,
                0.5735297203063965,
                0.8190933465957642,
                0.0,
                -0.027485089376568799,
                -0.8189810514450073,
                0.5731174945831299,
                0.0,
                0.0,
                -0.4213399887084961,
                -0.0,
                1.0
            ],
            "name": "R_middle_02_s"
        },
        {
            "translation": [
                -0.0,
                -0.5095450282096863,
                0.0
            ],
            "rotation": [
                -0.0,
                0.008458265103399754,
                -0.0,
                -0.9999641180038452
            ],
            "scale": [
                0.9999995827674866,
                1.0,
                0.9999995827674866
            ],
            "name": "R_forearm_twist_s"
        },
        {
            "children": [
                40
            ],
            "translation": [
                0.10039599984884262,
                0.7565850019454956,
                0.19453400373458866
            ],
            "rotation": [
                -0.0020915407221764328,
                0.0407235324382782,
                -0.010457705706357956,
                -0.9991135001182556
            ],
            "scale": [
                0.9999998211860656,
                1.0,
                0.9999998807907105
            ],
            "name": "L_clavicle_s"
        },
        {
            "children": [
                41
            ],
            "translation": [
                1.5991790294647217,
                0.072503000497818,
                -0.7619320154190064
            ],
            "rotation": [
                0.9029626250267028,
                0.3256041407585144,
                0.2646111845970154,
                -0.09255087375640868
            ],
            "scale": [
                0.999980628490448,
                0.9999006986618042,
                0.9998977780342102
            ],
            "name": "L_shoulder_s"
        },
        {
            "children": [
                51,
                42
            ],
            "translation": [
                0.0,
                1.6865450143814088,
                -0.0
            ],
            "rotation": [
                -0.005382218863815069,
                -0.005043902434408665,
                0.7852499485015869,
                -0.6190546751022339
            ],
            "scale": [
                0.999923586845398,
                0.9999241828918456,
                1.0000004768371585
            ],
            "name": "L_elbow_s"
        },
        {
            "children": [
                49,
                47,
                45,
                43
            ],
            "matrix": [
                0.7654868960380554,
                -0.08277499675750733,
                0.6380839943885803,
                0.0,
                0.2643618583679199,
                0.944584846496582,
                -0.19459329545497898,
                0.0,
                -0.5866135954856873,
                0.3176506757736206,
                0.7449513077735901,
                0.0,
                0.0,
                1.5286270380020142,
                -0.0,
                1.0
            ],
            "name": "L_wrist_s"
        },
        {
            "children": [
                44
            ],
            "matrix": [
                -0.09940526634454729,
                -0.197333961725235,
                0.9752132296562196,
                0.0,
                0.9774371981620788,
                -0.2025357037782669,
                0.05869875848293305,
                0.0,
                0.18600451946258546,
                0.9591081142425536,
                0.21310903131961826,
                0.0,
                0.5549749732017517,
                1.9317389726638797,
                -0.09249500185251236,
                1.0
            ],
            "name": "L_gunbone_01_s"
        },
        {
            "matrix": [
                1.0,
                0.0,
                0.0,
                0.0,
                0.0,
                1.0,
                0.0,
                0.0,
                0.0,
                0.0,
                1.0,
                0.0,
                -0.0,
                0.7513499855995178,
                1.7170310020446778,
                1.0
            ],
            "name": "L_gunbone_02_s"
        },
        {
            "children": [
                46
            ],
            "matrix": [
                0.11200230568647385,
                0.6094706654548645,
                0.7847965359687805,
                0.0,
                0.9293979406356812,
                0.2152332067489624,
                -0.2996844649314881,
                0.0,
                -0.35154056549072268,
                0.7629790902137756,
                -0.5423278212547302,
                0.0,
                0.4184820055961609,
                0.4528119862079621,
                -0.014384999871253968,
                1.0
            ],
            "name": "L_thumb_01_s"
        },
        {
            "matrix": [
                0.9983137845993042,
                -0.04467913135886192,
                0.03705031797289848,
                0.0,
                0.027225060388445859,
                0.9242058992385864,
                0.3809163570404053,
                0.0,
                -0.05126155540347099,
                -0.3792654275894165,
                0.9238641858100892,
                0.0,
                -0.0,
                0.5848320126533508,
                0.0,
                1.0
            ],
            "name": "L_thumb_02_s"
        },
        {
            "children": [
                48
            ],
            "matrix": [
                -0.9915794134140016,
                -0.013754526153206826,
                -0.12849736213684086,
                0.0,
                0.010087050497531893,
                0.9830485582351684,
                -0.18306535482406617,
                0.0,
                0.12883718311786652,
                -0.1828264594078064,
                -0.9746317863464356,
                0.0,
                0.3802779912948609,
                0.9531319737434388,
                0.21401900053024293,
                1.0
            ],
            "name": "L_index_01_s"
        },
        {
            "matrix": [
                0.99261873960495,
                0.06897428631782532,
                -0.09974689036607744,
                0.0,
                -0.07500548660755158,
                0.9954933524131776,
                -0.0580298937857151,
                0.0,
                0.09529469907283785,
                0.06508325040340424,
                0.993318736553192,
                0.0,
                -0.0,
                0.4307560026645661,
                -0.0,
                1.0
            ],
            "name": "L_index_02_s"
        },
        {
            "children": [
                50
            ],
            "matrix": [
                -0.8785486817359924,
                -0.4487993717193604,
                -0.16310657560825349,
                0.0,
                -0.4394443035125733,
                0.8935856223106384,
                -0.09157884120941162,
                0.0,
                0.186850905418396,
                -0.008783630095422268,
                -0.982280135154724,
                0.0,
                -0.10584799945354462,
                0.9448130130767822,
                0.1416569948196411,
                1.0
            ],
            "name": "L_middle_01_s"
        },
        {
            "matrix": [
                0.9995729327201844,
                -0.016816316172480584,
                0.023905903100967408,
                0.0,
                -0.00994236022233963,
                0.5735296010971069,
                0.8190931081771851,
                0.0,
                -0.027485080063343049,
                -0.8189808130264282,
                0.5731173157691956,
                0.0,
                0.0,
                0.4213489890098572,
                -0.0,
                1.0
            ],
            "name": "L_middle_02_s"
        },
        {
            "matrix": [
                0.966272234916687,
                0.0,
                0.25751668214797976,
                0.0,
                -0.0,
                1.0,
                0.0,
                0.0,
                -0.25751668214797976,
                -0.0,
                0.966272234916687,
                0.0,
                0.0,
                0.5095419883728027,
                -0.0,
                1.0
            ],
            "name": "L_forearm_twist_s"
        },
        {
            "children": [
                53
            ],
            "translation": [
                -0.0013360000448301437,
                1.4745219945907593,
                -0.20888499915599824
            ],
            "rotation": [
                -0.0016301400028169156,
                -0.002891190815716982,
                -0.00003075735367019661,
                -0.999994456768036
            ],
            "scale": [
                0.999999701976776,
                1.000000238418579,
                0.9999998807907105
            ],
            "name": "neck_s"
        },
        {
            "children": [
                58,
                56,
                55,
                54
            ],
            "translation": [
                -0.0,
                1.196000099182129,
                -0.05235999822616577
            ],
            "rotation": [
                0.03432592749595642,
                -0.08707591146230698,
                -0.0029835256282240154,
                -0.9956055879592896
            ],
            "scale": [
                1.000000238418579,
                0.9999996423721314,
                0.999999701976776
            ],
            "name": "head_s"
        },
        {
            "matrix": [
                0.9961958527565002,
                -0.08714690804481507,
                0.0,
                0.0,
                -0.08714690804481507,
                -0.9962046146392822,
                0.0,
                0.0,
                0.0,
                -0.0,
                -1.0000088214874268,
                0.0,
                -0.6649919748306274,
                1.3286229372024537,
                1.7466039657592774,
                1.0
            ],
            "name": "R_eyebrow_s"
        },
        {
            "matrix": [
                0.9961958527565002,
                0.08714690804481507,
                0.0,
                0.0,
                -0.08714690804481507,
                0.9961958527565002,
                0.0,
                0.0,
                0.0,
                0.0,
                1.0,
                0.0,
                0.658312976360321,
                1.5365599393844605,
                1.7291159629821778,
                1.0
            ],
            "name": "L_eyebrow_s"
        },
        {
            "children": [
                57
            ],
            "matrix": [
                1.0,
                0.0,
                -0.0,
                0.0,
                -0.0,
                0.9544779062271118,
                -0.29827556014060976,
                0.0,
                0.0,
                0.29827556014060976,
                0.9544779062271118,
                0.0,
                -0.015103000216186049,
                2.233372926712036,
                0.04666399955749512,
                1.0
            ],
            "name": "hat_01_s"
        },
        {
            "matrix": [
                1.0,
                0.0,
                0.0,
                0.0,
                0.0,
                0.9961958527565002,
                0.08714690804481507,
                0.0,
                0.0,
                -0.08714690804481507,
                0.9961958527565002,
                0.0,
                0.0,
                1.9271169900894168,
                0.31679099798202517,
                1.0
            ],
            "name": "hat_02_s"
        },
        {
            "children": [
                59
            ],
            "matrix": [
                1.0,
                0.0,
                -0.0,
                0.0,
                -0.0,
                -0.27837711572647097,
                -0.9604178071022034,
                0.0,
                0.0,
                0.9604178071022034,
                -0.27837711572647097,
                0.0,
                0.0,
                3.300282955169678,
                -1.2065730094909669,
                1.0
            ],
            "name": "hair_01_s"
        },
        {
            "matrix": [
                1.0,
                0.0,
                0.0,
                0.0,
                0.0,
                0.9659363031387328,
                0.2587736248970032,
                0.0,
                0.0,
                -0.2587736248970032,
                0.9659363031387328,
                0.0,
                -0.0,
                0.6812679767608643,
                -0.02027899958193302,
                1.0
            ],
            "name": "hair_02_s"
        }
    ],
    "meshes": [
        {
            "primitives": [
                {
                    "attributes": {
                        "JOINTS_0": 1,
                        "NORMAL": 2,
                        "POSITION": 3,
                        "WEIGHTS_0": 4
                    },
                    "indices": 0,
                    "mode": 4,
                    "material": 0
                }
            ],
            "name": "eyebrowsGeo-mesh"
        },
        {
            "primitives": [
                {
                    "attributes": {
                        "JOINTS_0": 6,
                        "NORMAL": 7,
                        "POSITION": 8,
                        "WEIGHTS_0": 9
                    },
                    "indices": 5,
                    "mode": 4,
                    "material": 1
                }
            ],
            "name": "gunRGeo-mesh"
        },
        {
            "primitives": [
                {
                    "attributes": {
                        "JOINTS_0": 11,
                        "NORMAL": 12,
                        "POSITION": 13,
                        "WEIGHTS_0": 14
                    },
                    "indices": 10,
                    "mode": 4,
                    "material": 1
                }
            ],
            "name": "gunLGeo-mesh"
        },
        {
            "primitives": [
                {
                    "attributes": {
                        "JOINTS_0": 16,
                        "NORMAL": 17,
                        "POSITION": 18,
                        "WEIGHTS_0": 19
                    },
                    "indices": 15,
                    "mode": 4,
                    "material": 0
                },
                {
                    "attributes": {
                        "JOINTS_0": 21,
                        "NORMAL": 22,
                        "POSITION": 23,
                        "WEIGHTS_0": 24
                    },
                    "indices": 20,
                    "mode": 4,
                    "material": 1
                }
            ],
            "name": "beltGeo-mesh"
        },
        {
            "primitives": [
                {
                    "attributes": {
                        "JOINTS_0": 26,
                        "NORMAL": 27,
                        "POSITION": 28,
                        "WEIGHTS_0": 29
                    },
                    "indices": 25,
                    "mode": 4,
                    "material": 1
                }
            ],
            "name": "beltbuckleGeo-mesh"
        },
        {
            "primitives": [
                {
                    "attributes": {
                        "JOINTS_0": 31,
                        "NORMAL": 32,
                        "POSITION": 33,
                        "WEIGHTS_0": 34
                    },
                    "indices": 30,
                    "mode": 4,
                    "material": 0
                }
            ],
            "name": "baseGeo-mesh"
        }
    ],
    "animations": [
        {
            "channels": [
                {
                    "sampler": 0,
                    "target": {
                        "node": 10,
                        "path": "translation"
                    }
                },
                {
                    "sampler": 1,
                    "target": {
                        "node": 10,
                        "path": "rotation"
                    }
                },
                {
                    "sampler": 2,
                    "target": {
                        "node": 10,
                        "path": "scale"
                    }
                },
                {
                    "sampler": 3,
                    "target": {
                        "node": 23,
                        "path": "translation"
                    }
                },
                {
                    "sampler": 4,
                    "target": {
                        "node": 23,
                        "path": "rotation"
                    }
                },
                {
                    "sampler": 5,
                    "target": {
                        "node": 23,
                        "path": "scale"
                    }
                },
                {
                    "sampler": 6,
                    "target": {
                        "node": 24,
                        "path": "translation"
                    }
                },
                {
                    "sampler": 7,
                    "target": {
                        "node": 24,
                        "path": "rotation"
                    }
                },
                {
                    "sampler": 8,
                    "target": {
                        "node": 24,
                        "path": "scale"
                    }
                },
                {
                    "sampler": 9,
                    "target": {
                        "node": 25,
                        "path": "translation"
                    }
                },
                {
                    "sampler": 10,
                    "target": {
                        "node": 25,
                        "path": "rotation"
                    }
                },
                {
                    "sampler": 11,
                    "target": {
                        "node": 25,
                        "path": "scale"
                    }
                },
                {
                    "sampler": 12,
                    "target": {
                        "node": 52,
                        "path": "translation"
                    }
                },
                {
                    "sampler": 13,
                    "target": {
                        "node": 52,
                        "path": "rotation"
                    }
                },
                {
                    "sampler": 14,
                    "target": {
                        "node": 52,
                        "path": "scale"
                    }
                },
                {
                    "sampler": 15,
                    "target": {
                        "node": 53,
                        "path": "translation"
                    }
                },
                {
                    "sampler": 16,
                    "target": {
                        "node": 53,
                        "path": "rotation"
                    }
                },
                {
                    "sampler": 17,
                    "target": {
                        "node": 53,
                        "path": "scale"
                    }
                },
                {
                    "sampler": 18,
                    "target": {
                        "node": 39,
                        "path": "translation"
                    }
                },
                {
                    "sampler": 19,
                    "target": {
                        "node": 39,
                        "path": "rotation"
                    }
                },
                {
                    "sampler": 20,
                    "target": {
                        "node": 39,
                        "path": "scale"
                    }
                },
                {
                    "sampler": 21,
                    "target": {
                        "node": 40,
                        "path": "translation"
                    }
                },
                {
                    "sampler": 22,
                    "target": {
                        "node": 40,
                        "path": "rotation"
                    }
                },
                {
                    "sampler": 23,
                    "target": {
                        "node": 40,
                        "path": "scale"
                    }
                },
                {
                    "sampler": 24,
                    "target": {
                        "node": 41,
                        "path": "translation"
                    }
                },
                {
                    "sampler": 25,
                    "target": {
                        "node": 41,
                        "path": "rotation"
                    }
                },
                {
                    "sampler": 26,
                    "target": {
                        "node": 41,
                        "path": "scale"
                    }
                },
                {
