{
    "asset": {
        "generator": "COLLADA2GLTF",
        "version": "2.0"
    },
    "scenes": [
        {
            "nodes": [
                0
            ]
        }
    ],
    "scene": 0,
    "nodes": [
        {
            "children": [
                9,
                1
            ],
            "name": "Y_UP"
        },
        {
            "children": [
                8,
                7,
                6,
                5,
                4,
                3,
                2
            ],
            "name": "spike_GEO"
        },
        {
            "mesh": 0,
            "skin": 0,
            "name": "arms_GEO"
        },
        {
            "mesh": 1,
            "skin": 1,
            "name": "spikes_GEO"
        },
        {
            "mesh": 2,
            "skin": 2,
            "name": "jacket_GEO"
        },
        {
            "mesh": 3,
            "skin": 3,
            "name": "body_GEO"
        },
        {
            "mesh": 4,
            "skin": 4,
            "name": "flower_GEO"
        },
        {
            "mesh": 5,
            "skin": 5,
            "name": "ammo_GEO"
        },
        {
            "mesh": 6,
            "skin": 6,
            "name": "stitch_GEO"
        },
        {
            "children": [
                10
            ],
            "name": "CHARACTER"
        },
        {
            "children": [
                11
            ],
            "name": "Root"
        },
        {
            "children": [
                20,
                16,
                12
            ],
            "matrix": [
                0.9931444525718688,
                0.02463766373693943,
                0.11426345258951189,
                0.0,
                -0.02559441514313221,
                0.9996488690376282,
                0.006912915967404842,
                0.0,
                -0.11405296623706818,
                -0.00979017186909914,
                0.9934260845184326,
                0.0,
                0.014702999964356425,
                1.9623459577560425,
                -0.18156400322914124,
                1.0
            ],
            "name": "hips_s"
        },
        {
            "children": [
                13
            ],
            "matrix": [
                -0.9844276905059816,
                -0.07926013320684433,
                -0.1563597172498703,
                0.0,
                -0.07870926707983017,
                0.9968501329421996,
                -0.009721754118800164,
                0.0,
                0.15663784742355348,
                0.002736295573413372,
                -0.9875659346580504,
                0.0,
                -1.626242995262146,
                -0.08643600344657898,
                -0.10554700344800948,
                1.0
            ],
            "name": "R_upperLeg_s"
        },
        {
            "children": [
                14
            ],
            "matrix": [
                1.0,
                0.0,
                -0.0,
                0.0,
                -0.0,
                0.9412555694580078,
                -0.33768704533576968,
                0.0,
                0.0,
                0.33768704533576968,
                0.9412555694580078,
                0.0,
                0.0,
                -0.9775450229644777,
                0.0,
                1.0
            ],
            "name": "R_lowerLeg_s"
        },
        {
            "children": [
                15
            ],
            "matrix": [
                -0.9947299361228944,
                -0.09968484193086624,
                -0.023160142824053769,
                0.0,
                0.10141421854496002,
                -0.929789125919342,
                -0.3537926971912384,
                0.0,
                0.01373362448066473,
                -0.3542838990688324,
                0.9350365400314332,
                0.0,
                -0.0,
                -0.4976089894771576,
                0.0,
                1.0
            ],
            "name": "R_ankle_s"
        },
        {
            "matrix": [
                -0.9998873472213744,
                0.00004055747194797732,
                0.007199158892035484,
                0.0,
                0.007116681896150112,
                -0.1454161107540131,
                0.9892945289611816,
                0.0,
                0.0010873571736738086,
                0.9893202185630798,
                0.14549897611141206,
                0.0,
                -0.001939999987371266,
                0.31836599111557009,
                -1.0564810037612916,
                1.0
            ],
            "name": "R_toes_s"
        },
        {
            "children": [
                17
            ],
            "matrix": [
                -0.9300034046173096,
                0.1412530541419983,
                0.3391268849372864,
                0.0,
                -0.06703060865402222,
                -0.9728105664253236,
                0.22138121724128724,
                0.0,
                0.361201286315918,
                0.18316739797592164,
                0.9143176674842836,
                0.0,
                1.6262409687042237,
                -0.08644100278615952,
                -0.10554800182580948,
                1.0
            ],
            "name": "L_upperLeg_s"
        },
        {
            "children": [
                18
            ],
            "matrix": [
                1.0,
                0.0,
                -0.0,
                0.0,
                -0.0,
                1.0,
                -0.00006151625711936504,
                0.0,
                0.0,
                0.00006151625711936504,
                1.0,
                0.0,
                0.0,
                1.02742600440979,
                0.0,
                1.0
            ],
            "name": "L_lowerLeg_s"
        },
        {
            "children": [
                19
            ],
            "matrix": [
                -0.9931635856628418,
                -0.11605120450258257,
                0.000003941358045267407,
                0.0,
                0.1141500398516655,
                -0.9768866896629334,
                0.18029311299324037,
                0.0,
                -0.020920200273394586,
                0.1790751963853836,
                0.9836124181747437,
                0.0,
                -0.0,
                0.5230029821395874,
                -0.0,
                1.0
            ],
            "name": "L_ankle_s"
        },
        {
            "matrix": [
                -0.9998874068260192,
                0.000040557479223934936,
                0.007199159823358059,
                0.0,
                0.007116680033504963,
                -0.14541608095169068,
                0.9892942905426024,
                0.0,
                0.001087356940843165,
                0.9893200993537904,
                0.14549896121025086,
                0.0,
                0.0019389999797567728,
                -0.3183670043945313,
                1.0564810037612916,
                1.0
            ],
            "name": "L_toes_s"
        },
        {
            "children": [
                21
            ],
            "matrix": [
                0.9999951124191284,
                0.0,
                -0.003014202928170562,
                0.0,
                0.0,
                1.0,
                0.0,
                0.0,
                0.003014202928170562,
                0.0,
                0.9999951124191284,
                0.0,
                -0.00007499999628635123,
                0.5140199661254883,
                0.033013999462127689,
                1.0
            ],
            "name": "spine_lower_s"
        },
        {
            "children": [
                22
            ],
            "matrix": [
                0.9999960660934448,
                0.0,
                -0.002768145874142647,
                0.0,
                0.0,
                1.0,
                0.0,
                0.0,
                0.002768145874142647,
                0.0,
                0.9999960660934448,
                0.0,
                -0.00003400000059627928,
                0.4722299873828888,
                0.018053999170660977,
                1.0
            ],
            "name": "spine_upper_s"
        },
        {
            "children": [
                47,
                36,
                23
            ],
            "matrix": [
                0.9999949932098388,
                -0.00011868633009726182,
                -0.003137402469292283,
                0.0,
                0.00012737110955640674,
                0.9999961256980896,
                0.002767952857539058,
                0.0,
                0.0031370618380606176,
                -0.0027683391235768797,
                0.9999911189079284,
                0.0,
                0.00023099999816622585,
                0.5156890153884888,
                0.01082799956202507,
                1.0
            ],
            "name": "chest_s"
        },
        {
            "children": [
                24
            ],
            "matrix": [
                1.0,
                0.0,
                0.0,
                0.0,
                0.0,
                -1.000016689300537,
                0.0,
                0.0,
                0.0,
                0.0,
                -1.000016689300537,
                0.0,
                -0.014127000235021116,
                0.7278559803962708,
                0.10881199687719344,
                1.0
            ],
            "name": "R_clavicle_s"
        },
        {
            "children": [
                25
            ],
            "matrix": [
                0.017712056636810304,
                -0.06554526835680008,
                0.9976176023483276,
                0.0,
                0.5724621415138245,
                -0.8172744512557983,
                -0.06382141262292862,
                0.0,
                0.8196482062339783,
                0.5722669363021851,
                0.023185240104794507,
                0.0,
                -2.7513558864593508,
                0.06403999775648117,
                0.2327529937028885,
                1.0
            ],
            "name": "R_shoulder_s"
        },
        {
            "children": [
                35,
                26
            ],
            "matrix": [
                0.9905232191085817,
                -0.13734522461891178,
                9.4063597089189e-7,
                0.0,
                0.1368500739336014,
                0.9869518280029296,
                -0.08483098447322846,
                0.0,
                0.011650566942989828,
                0.08402721583843231,
                0.9963955879211426,
                0.0,
                -0.0,
                -1.1630250215530396,
                0.0,
                1.0
            ],
            "name": "R_elbow_s"
        },
        {
            "children": [
                33,
                31,
                29,
                27
            ],
            "matrix": [
                0.993718922138214,
                0.001911389990709722,
                -0.11188673228025437,
                0.0,
                0.0015429275808855892,
                0.9995248317718506,
                0.030776891857385637,
                0.0,
                0.11189238727092745,
                -0.030756210908293725,
                0.99324369430542,
                0.0,
                -0.0,
                -1.3240770101547242,
                -0.0,
                1.0
            ],
            "name": "R_wrist_s"
        },
        {
            "children": [
                28
            ],
            "matrix": [
                -0.09947366267442705,
                -0.0002014649217016995,
                -0.010241125710308552,
                0.0,
                0.009937434457242489,
                -0.026141099631786348,
                -0.09600953757762908,
                0.0,
                -0.002483737887814641,
                -0.09652292728424072,
                0.02602364681661129,
                0.0,
                0.08759099990129471,
                -0.28149300813674929,
                -0.174345999956131,
                1.0
            ],
            "name": "R_gunbone_01_s"
        },
        {
            "matrix": [
                1.0,
                0.0,
                0.00012303251423873007,
                0.0,
                -0.0,
                1.0,
                0.0,
                0.0,
                -0.00012303251423873007,
                -0.0,
                1.0,
                0.0,
                -0.0,
                -1.0160399675369266,
                -0.0,
                1.0
            ],
            "name": "R_gunbone_02_s"
        },
        {
            "children": [
                30
            ],
            "matrix": [
                0.10739345848560332,
                0.4879142940044403,
                0.8661944270133972,
                0.0,
                0.582732617855072,
                0.6750543713569641,
                -0.45241811871528628,
                0.0,
                -0.8054652214050293,
                0.5533525943756104,
                -0.2118266373872757,
                0.0,
                -0.7849940061569214,
                0.05631999671459198,
                0.21596600115299226,
                1.0
            ],
            "name": "R_thumb_01_s"
        },
        {
            "matrix": [
                0.9985823035240172,
                0.01761402562260628,
                -0.05022608116269112,
                0.0,
                0.03446902707219124,
                0.5050415992736816,
                0.8623904585838318,
                0.0,
                0.04055614024400711,
                -0.8628988862037659,
                0.5037183165550232,
                0.0,
                0.0,
                -0.7383710145950317,
                0.0,
                1.0
            ],
            "name": "R_thumb_02_s"
        },
        {
            "children": [
                32
            ],
            "matrix": [
                -0.9727785587310792,
                0.21049320697784425,
                -0.09660054743289948,
                0.0,
                0.22345691919326786,
                0.7434237599372864,
                -0.6303818225860596,
                0.0,
                -0.06087838113307953,
                -0.6348275542259216,
                -0.7702153921127319,
                0.0,
                -0.7315679788589478,
                -0.7415949702262878,
                -0.3171040117740631,
                1.0
            ],
            "name": "R_index_01_s"
        },
        {
            "matrix": [
                0.99923437833786,
                0.02443542703986168,
                -0.030550945550203325,
                0.0,
                -0.01131571177393198,
                0.9280831813812256,
                0.3721995055675507,
                0.0,
                0.0374487042427063,
                -0.37156909704208376,
                0.9276497960090636,
                0.0,
                -0.0,
                -0.5064759850502014,
                -0.0,
                1.0
            ],
            "name": "R_index_02_s"
        },
        {
            "children": [
                34
            ],
            "matrix": [
                -0.9502031207084656,
                -0.09636308997869492,
                -0.29635089635849,
                0.0,
                0.14180804789066316,
                0.713106632232666,
                -0.68656325340271,
                0.0,
                0.2774891257286072,
                -0.6944009065628052,
                -0.6639305353164673,
                0.0,
                0.3299320042133332,
                -0.8577070236206055,
                -0.14995799958705906,
                1.0
            ],
            "name": "R_middle_01_s"
        },
        {
            "matrix": [
                0.9987185001373292,
                0.04307277500629425,
                -0.02657976560294628,
                0.0,
                -0.02018222399055958,
                0.8205030560493469,
                0.5712789297103882,
                0.0,
                0.04641580954194069,
                -0.5700104236602783,
                0.8203210234642029,
                0.0,
                -0.0,
                -0.5553569793701172,
                0.0,
                1.0
            ],
            "name": "R_middle_02_s"
        },
        {
            "matrix": [
                1.0,
                0.0,
                0.0,
                0.0,
                0.0,
                1.0,
                0.0,
                0.0,
                0.0,
                0.0,
                1.0,
                0.0,
                -0.0,
                -0.4413590133190155,
                -0.0,
                1.0
            ],
            "name": "R_forearm_twist_s"
        },
        {
            "children": [
                37
            ],
            "matrix": [
                1.0,
                0.0,
                0.0,
                0.0,
                0.0,
                1.0,
                0.0,
                0.0,
                0.0,
                0.0,
                1.0,
                0.0,
                0.014127000235021116,
                0.7278540134429932,
                0.10881199687719344,
                1.0
            ],
            "name": "L_clavicle_s"
        },
        {
            "children": [
                38
            ],
            "matrix": [
                0.02244573645293713,
                -0.12475769221782685,
                0.9919105172157288,
                0.0,
                0.6054543852806091,
                -0.7877970933914185,
                -0.1127747893333435,
                0.0,
                0.7955350875854492,
                0.6030992269515991,
                0.057894594967365268,
                0.0,
                2.751354932785034,
                -0.06403499841690064,
                -0.2327529937028885,
                1.0
            ],
            "name": "L_shoulder_s"
        },
        {
            "children": [
                46,
                39
            ],
            "matrix": [
                0.9905205368995668,
                -0.1373630315065384,
                0.00002739019510045182,
                0.0,
                0.13605879247188569,
                0.9810885190963744,
                -0.1376676857471466,
                0.0,
                0.018884072080254556,
                0.13636639714241029,
                0.9904784560203552,
                0.0,
                0.0,
                1.1630280017852784,
                0.0,
                1.0
            ],
            "name": "L_elbow_s"
        },
        {
            "children": [
                44,
                42,
                40
            ],
            "matrix": [
                0.9937173128128052,
                0.001943003968335688,
                -0.1119001880288124,
                0.0,
                -0.02578008361160755,
                0.9769361019134522,
                -0.21197065711021424,
                0.0,
                0.10890740156173706,
                0.2135237157344818,
                0.970848262310028,
                0.0,
                0.0,
                1.3240809440612794,
                0.0,
                1.0
            ],
            "name": "L_wrist_s"
        },
        {
            "children": [
                41
            ],
            "matrix": [
                0.08256813883781433,
                0.157073974609375,
                0.984071969985962,
                0.0,
                0.5184110403060913,
                0.8366026878356934,
                -0.17699013650417329,
                0.0,
                -0.851069450378418,
                0.5247888565063477,
                -0.012347936630249024,
                0.0,
                0.7849940061569214,
                -0.05631999671459198,
                -0.21596099436283112,
                1.0
            ],
            "name": "L_thumb_01_s"
        },
        {
            "matrix": [
                0.998581886291504,
                0.01750984787940979,
                -0.05027614906430245,
                0.0,
                0.009298942051827908,
                0.8724856972694397,
                0.4885419309139252,
                0.0,
                0.05241960659623146,
                -0.4883168637752533,
                0.871086061000824,
                0.0,
                -0.0,
                0.7383729815483093,
                0.0,
                1.0
            ],
            "name": "L_thumb_02_s"
        },
        {
            "children": [
                43
            ],
            "matrix": [
                -0.9727729558944702,
                0.2104938626289368,
                -0.09660761803388596,
                0.0,
                0.23151728510856629,
                0.8952479362487793,
                -0.3806920647621155,
                0.0,
                0.006352759897708893,
                -0.39270755648612978,
                -0.9196026921272278,
                0.0,
                0.7315670251846314,
                0.7415930032730103,
                0.3171130120754242,
                1.0
            ],
            "name": "L_index_01_s"
        },
        {
            "matrix": [
                0.9992331862449646,
                0.0244599636644125,
                -0.030570052564144136,
                0.0,
                0.0016535259783267978,
                0.7537687420845032,
                0.6571215987205505,
                0.0,
                0.03911628946661949,
                -0.6566680073738098,
                0.7531501054763794,
                0.0,
                0.0,
                0.5064740180969238,
                0.0,
                1.0
            ],
            "name": "L_index_02_s"
        },
        {
            "children": [
                45
            ],
            "matrix": [
                -0.9501792192459106,
                -0.09631454199552536,
                -0.2963739037513733,
                0.0,
                0.09168127924203873,
                0.822554886341095,
                -0.561242401599884,
                0.0,
                0.2978398501873017,
                -0.5604662299156189,
                -0.7727407813072205,
                0.0,
                -0.3299329876899719,
                0.8576980233192444,
                0.14996300637722016,
                1.0
            ],
            "name": "L_middle_01_s"
        },
        {
            "matrix": [
                0.9987173676490784,
                0.04307955875992775,
                -0.02661505900323391,
                0.0,
                -0.012441937811672688,
                0.7182527780532837,
                0.6956564784049988,
                0.0,
                0.04908572137355805,
                -0.6944330930709839,
                0.7178677320480347,
                0.0,
                0.0,
                0.555359959602356,
                0.0,
                1.0
            ],
            "name": "L_middle_02_s"
        },
        {
            "matrix": [
                1.0,
                0.0,
                0.0,
                0.0,
                0.0,
                1.0,
                0.0,
                0.0,
                0.0,
                0.0,
                1.0,
                0.0,
                0.0,
                0.4413599967956543,
                0.0,
                1.0
            ],
            "name": "L_forearm_twist_s"
        },
        {
            "children": [
                48
            ],
            "matrix": [
                1.0,
                0.0,
                0.0,
                0.0,
                0.0,
                1.0,
                0.0,
                0.0,
                0.0,
                0.0,
                1.0,
                0.0,
                -0.0,
                0.8366199731826782,
                0.003667999990284443,
                1.0
            ],
            "name": "neck_s"
        },
        {
            "children": [
                49
            ],
            "matrix": [
                0.9982253313064576,
                0.04884147644042969,
                -0.034066855907440189,
                0.0,
                -0.048057422041893008,
                0.9985682964324952,
                0.02346555516123772,
                0.0,
                0.03516420722007752,
                -0.021786710247397424,
                0.9991435408592224,
                0.0,
                -0.0,
                0.12170200049877168,
                0.005493999924510717,
                1.0
            ],
            "name": "head_s"
        },
        {
            "children": [
                50
            ],
            "matrix": [
                1.0,
                0.0,
                -0.0,
                0.0,
                -0.0,
                0.9999396204948424,
                -0.011011073365807534,
                0.0,
                0.0,
                0.011011073365807534,
                0.9999396204948424,
                0.0,
                -0.015103000216186049,
                0.04305800050497055,
                -0.08841300010681153,
                1.0
            ],
            "name": "hat_01_s"
        },
        {
            "matrix": [
                1.0,
                0.0,
                -0.0,
                0.0,
                -0.0,
                0.9965416193008424,
                -0.08309581130743027,
                0.0,
                0.0,
                0.08309581130743027,
                0.9965416193008424,
                0.0,
                -0.0,
                3.2207980155944826,
                -0.1963080018758774,
                1.0
            ],
            "name": "hat_02_s"
        }
    ],
    "meshes": [
        {
            "primitives": [
                {
                    "attributes": {
                        "JOINTS_0": 1,
                        "NORMAL": 2,
                        "POSITION": 3,
                        "WEIGHTS_0": 4
                    },
                    "indices": 0,
                    "mode": 4,
                    "material": 0
                }
            ],
            "name": "arms_GEO-mesh"
        },
        {
            "primitives": [
                {
                    "attributes": {
                        "JOINTS_0": 6,
                        "NORMAL": 7,
                        "POSITION": 8,
                        "WEIGHTS_0": 9
                    },
                    "indices": 5,
                    "mode": 4,
                    "material": 0
                }
            ],
            "name": "spikes_GEO-mesh"
        },
        {
            "primitives": [
                {
                    "attributes": {
                        "JOINTS_0": 11,
                        "NORMAL": 12,
                        "POSITION": 13,
                        "WEIGHTS_0": 14
                    },
                    "indices": 10,
                    "mode": 4,
                    "material": 0
                }
            ],
            "name": "jacket_GEO-mesh"
        },
        {
            "primitives": [
                {
                    "attributes": {
                        "JOINTS_0": 16,
                        "NORMAL": 17,
                        "POSITION": 18,
                        "WEIGHTS_0": 19
                    },
                    "indices": 15,
                    "mode": 4,
                    "material": 0
                }
            ],
            "name": "body_GEO-mesh"
        },
        {
            "primitives": [
                {
                    "attributes": {
                        "JOINTS_0": 21,
                        "NORMAL": 22,
                        "POSITION": 23,
                        "WEIGHTS_0": 24
                    },
                    "indices": 20,
                    "mode": 4,
                    "material": 0
                }
            ],
            "name": "flower_GEO-mesh"
        },
        {
            "primitives": [
                {
                    "attributes": {
                        "JOINTS_0": 26,
                        "NORMAL": 27,
                        "POSITION": 28,
                        "WEIGHTS_0": 29
                    },
                    "indices": 25,
                    "mode": 4,
                    "material": 0
                }
            ],
            "name": "ammo_GEO-mesh"
        },
        {
            "primitives": [
                {
                    "attributes": {
                        "JOINTS_0": 31,
                        "NORMAL": 32,
                        "POSITION": 33,
                        "WEIGHTS_0": 34
                    },
                    "indices": 30,
                    "mode": 4,
                    "material": 0
                }
            ],
            "name": "stitch_GEO-mesh"
        }
    ],
    "skins": [
        {
            "inverseBindMatrices": 35,
            "joints": [
                36,
                37,
                38,
                46,
                39,
                44,
                45,
                42,
                43,
                40,
                41,
                23,
                24,
                25,
                35,
                26,
                33,
                34,
                31,
                32,
                29,
                30
            ],
            "name": "arms_GEO-skin"
        },
        {
            "inverseBindMatrices": 36,
            "joints": [
                48,
                49,
                50,
                36,
                37,
                38,
                46,
                39,
                23,
                24,
                25,
                35
            ],
            "name": "spikes_GEO-skin"
        },
        {
            "inverseBindMatrices": 37,
            "joints": [
                11,
                20,
                21,
                22,
                47,
                48,
                49,
                36,
                37,
                38,
                46,
                39,
                40,
                41,
                23,
                24,
                25,
                35,
                26,
                29,
                30,
                16,
                17,
                18,
                19,
                12,
                13,
                14,
                15
            ],
            "name": "jacket_GEO-skin"
        },
        {
            "inverseBindMatrices": 38,
            "joints": [
                11,
                20,
                21,
                22,
                47,
                48,
                49,
                50,
                36,
                37,
                38,
                46,
                39,
                40,
                41,
                23,
                24,
                25,
                35,
                26,
                29,
                30,
                16,
                17,
                18,
                19,
                12,
                13,
                14,
                15
            ],
            "name": "body_GEO-skin"
        },
        {
            "inverseBindMatrices": 39,
            "joints": [
                47,
                48,
                49,
                50,
                23
            ],
            "name": "flower_GEO-skin"
        },
        {
            "inverseBindMatrices": 40,
            "joints": [
                25,
                26,
                33,
                31,
                27,
                28
            ],
            "name": "ammo_GEO-skin"
        },
        {
            "inverseBindMatrices": 41,
            "joints": [
                11,
                37,
                38,
                39,
                40,
                41,
                16
            ],
            "name": "stitch_GEO-skin"
        }
    ],
    "accessors": [
        {
            "bufferView": 0,
            "byteOffset": 0,
            "componentType": 5123,
            "count": 3504,
            "max": [
                729
            ],
            "min": [
                0
            ],
            "type": "SCALAR"
        },
        {
            "bufferView": 1,
            "byteOffset": 0,
            "componentType": 5123,
            "count": 730,
            "max": [
                21,
                18,
                17,
                16
            ],
            "min": [
                0,
                0,
                0,
                0
            ],
            "type": "VEC4"
        },
        {
            "bufferView": 2,
            "byteOffset": 0,
            "componentType": 5126,
            "count": 730,
            "max": [
                0.999512016773224,
                0.9679235219955444,
                0.9908382296562196
            ],
            "min": [
                -0.999512016773224,
                -0.99234539270401,
                -0.9954519271850586
            ],
            "type": "VEC3"
        },
        {
            "bufferView": 2,
            "byteOffset": 8760,
            "componentType": 5126,
            "count": 730,
            "max": [
                6.359524726867676,
                4.709201335906982,
                1.825976848602295
            ],
            "min": [
                -6.359524726867676,
                0.9230621457099916,
                -1.289431095123291
            ],
            "type": "VEC3"
        },
        {
            "bufferView": 3,
            "byteOffset": 0,
            "componentType": 5126,
            "count": 730,
            "max": [
                1.0,
                0.4805822968482971,
                0.13435980677604676,
                0.012100772932171822
            ],
            "min": [
                0.46318650245666506,
                0.0,
                0.0,
                0.0
            ],
            "type": "VEC4"
        },
        {
            "bufferView": 0,
            "byteOffset": 7008,
            "componentType": 5123,
            "count": 756,
            "max": [
                160
            ],
            "min": [
                0
            ],
            "type": "SCALAR"
        },
        {
            "bufferView": 1,
            "byteOffset": 5840,
            "componentType": 5123,
            "count": 161,
            "max": [
                10,
                0,
                0,
                0
            ],
            "min": [
                0,
                0,
                0,
                0
            ],
            "type": "VEC4"
        },
        {
            "bufferView": 2,
            "byteOffset": 17520,
            "componentType": 5126,
            "count": 161,
            "max": [
                0.9209867715835572,
                0.9833640456199646,
                1.0000041723251346
            ],
            "min": [
                -0.9243395328521729,
                -0.97961163520813,
                -1.0000041723251346
            ],
            "type": "VEC3"
        },
        {
            "bufferView": 2,
            "byteOffset": 19452,
            "componentType": 5126,
            "count": 161,
            "max": [
                4.854029655456543,
                6.633079528808594,
                0.9901062250137328
            ],
            "min": [
                -4.352550029754639,
                3.739675998687744,
                -2.4855685234069826
            ],
            "type": "VEC3"
        },
        {
            "bufferView": 3,
            "byteOffset": 11680,
            "componentType": 5126,
            "count": 161,
            "max": [
                1.0,
                0.0,
                0.0,
                0.0
            ],
            "min": [
                1.0,
                0.0,
                0.0,
                0.0
            ],
            "type": "VEC4"
        },
        {
            "bufferView": 0,
            "byteOffset": 8520,
            "componentType": 5123,
            "count": 2148,
            "max": [
                531
            ],
            "min": [
                0
            ],
            "type": "SCALAR"
        },
        {
            "bufferView": 1,
            "byteOffset": 7128,
            "componentType": 5123,
            "count": 532,
            "max": [
                14,
                25,
                25,
                25
            ],
            "min": [
                0,
                0,
                0,
                0
            ],
            "type": "VEC4"
        },
        {
            "bufferView": 2,
            "byteOffset": 21384,
            "componentType": 5126,
            "count": 532,
            "max": [
                0.9940986037254334,
                0.9999733567237854,
                0.9990506172180176
            ],
            "min": [
                -0.9940986037254334,
                -0.9999733567237854,
                -0.999512016773224
            ],
            "type": "VEC3"
        },
        {
            "bufferView": 2,
            "byteOffset": 27768,
            "componentType": 5126,
            "count": 532,
            "max": [
                3.29318904876709,
                5.098484516143799,
                2.466128349304199
            ],
            "min": [
                -3.29318904876709,
                1.326371192932129,
                -3.2817416191101076
            ],
            "type": "VEC3"
        },
        {
            "bufferView": 3,
            "byteOffset": 14256,
            "componentType": 5126,
            "count": 532,
            "max": [
                0.9698320031166076,
                0.3267819285392761,
                0.2745750546455384,
                0.1371217519044876
            ],
            "min": [
                0.3396099805831909,
                0.01159721054136753,
                0.009994964115321637,
                0.006973585113883019
            ],
            "type": "VEC4"
        },
        {
            "bufferView": 0,
            "byteOffset": 12816,
            "componentType": 5123,
            "count": 6642,
            "max": [
                1363
            ],
            "min": [
                0
            ],
            "type": "SCALAR"
        },
        {
            "bufferView": 1,
            "byteOffset": 11384,
            "componentType": 5123,
            "count": 1364,
            "max": [
                29,
                29,
                26,
                5
            ],
            "min": [
                0,
                0,
                0,
                0
            ],
            "type": "VEC4"
        },
        {
            "bufferView": 2,
            "byteOffset": 34152,
            "componentType": 5126,
            "count": 1364,
            "max": [
                0.9997273087501526,
                0.9999733567237854,
                0.9996350407600404
            ],
            "min": [
                -0.9997273087501526,
                -1.0000041723251346,
