{
    "asset": {
        "generator": "COLLADA2GLTF",
        "version": "2.0"
    },
    "scenes": [
        {
            "nodes": [
                0
            ]
        }
    ],
    "scene": 0,
    "nodes": [
        {
            "children": [
                9,
                1
            ],
            "name": "Y_UP"
        },
        {
            "children": [
                8,
                7,
                6,
                5,
                4,
                3,
                2
            ],
            "name": "spike_GEO"
        },
        {
            "mesh": 0,
            "skin": 0,
            "name": "arms_GEO"
        },
        {
            "mesh": 1,
            "skin": 1,
            "name": "spikes_GEO"
        },
        {
            "mesh": 2,
            "skin": 2,
            "name": "jacket_GEO"
        },
        {
            "mesh": 3,
            "skin": 3,
            "name": "body_GEO"
        },
        {
            "mesh": 4,
            "skin": 4,
            "name": "flower_GEO"
        },
        {
            "mesh": 5,
            "skin": 5,
            "name": "ammo_GEO"
        },
        {
            "mesh": 6,
            "skin": 6,
            "name": "stitch_GEO"
        },
        {
            "children": [
                10
            ],
            "name": "CHARACTER"
        },
        {
            "children": [
                11
            ],
            "name": "Root"
        },
        {
            "children": [
                20,
                16,
                12
            ],
            "translation": [
                0.014702999964356425,
                2.617722988128662,
                -0.18156400322914124
            ],
            "rotation": [
                0.04416853189468384,
                -0.05434944108128548,
                -0.07984784245491028,
                -0.994343876838684
            ],
            "scale": [
                1.0,
                1.0000001192092896,
                1.000000238418579
            ],
            "name": "hips_s"
        },
        {
            "children": [
                13
            ],
            "translation": [
                -1.626242995262146,
                -0.08643600344657898,
                -0.10554700344800948
            ],
            "rotation": [
                0.003414139384403825,
                0.9135127067565918,
                0.39530181884765627,
                0.0959034413099289
            ],
            "scale": [
                0.9999566674232484,
                0.9999934434890748,
                0.999963104724884
            ],
            "name": "R_upperLeg_s"
        },
        {
            "children": [
                14
            ],
            "translation": [
                0.0,
                -1.4995399713516236,
                0.0
            ],
            "rotation": [
                0.00003075812855968252,
                -0.0,
                -0.0,
                -1.0
            ],
            "name": "R_lowerLeg_s"
        },
        {
            "children": [
                15
            ],
            "translation": [
                -0.0,
                -0.7633249759674072,
                0.0
            ],
            "rotation": [
                0.01605566777288914,
                -0.2678099274635315,
                0.961587369441986,
                -0.05767127498984337
            ],
            "scale": [
                0.9999129176139832,
                0.999919295310974,
                0.999993085861206
            ],
            "name": "R_ankle_s"
        },
        {
            "translation": [
                -0.001939999987371266,
                0.31836599111557009,
                -1.0564810037612916
            ],
            "rotation": [
                0.00292200967669487,
                0.7189375758171082,
                0.6950384974479675,
                -0.0020915442146360876
            ],
            "scale": [
                0.999925434589386,
                0.9999637603759766,
                0.9999614357948304
            ],
            "name": "R_toes_s"
        },
        {
            "children": [
                17
            ],
            "translation": [
                1.6262409687042237,
                -0.08644100278615952,
                -0.10554800182580948
            ],
            "rotation": [
                -0.002675940515473485,
                0.3611297011375427,
                0.9295989871025086,
                0.07345008850097656
            ],
            "scale": [
                0.9999423027038574,
                0.9999496340751648,
                0.9999927282333374
            ],
            "name": "L_upperLeg_s"
        },
        {
            "children": [
                18
            ],
            "translation": [
                0.0,
                1.9550799131393433,
                0.0
            ],
            "rotation": [
                0.00003075812855968252,
                -0.0,
                -0.0,
                -1.0
            ],
            "name": "L_lowerLeg_s"
        },
        {
            "children": [
                19
            ],
            "translation": [
                -0.0,
                0.9952170252799988,
                0.0
            ],
            "rotation": [
                -0.001476384117268026,
                0.03589458018541336,
                0.9991428256034852,
                0.019469816237688066
            ],
            "scale": [
                0.999912440776825,
                0.9999123215675354,
                0.9999993443489076
            ],
            "name": "L_ankle_s"
        },
        {
            "translation": [
                0.0019389999797567728,
                -0.3183670043945313,
                1.0564810037612916
            ],
            "rotation": [
                0.0015378999523818493,
                0.6874720454216003,
                0.7261964678764343,
                -0.00030757999047636986
            ],
            "scale": [
                0.9999632835388184,
                0.9999806880950928,
                0.9999825954437256
            ],
            "name": "L_toes_s"
        },
        {
            "children": [
                21
            ],
            "translation": [
                0.013379999436438084,
                0.6132789850234985,
                0.06879399716854096
            ],
            "rotation": [
                -0.015839986503124238,
                -0.0,
                0.0001537862844998017,
                -0.9998745322227478
            ],
            "scale": [
                1.0,
                1.0000001192092896,
                1.0
            ],
            "name": "spine_lower_s"
        },
        {
            "children": [
                22
            ],
            "translation": [
                0.012318000197410584,
                0.5639359951019287,
                0.012467999942600729
            ],
            "rotation": [
                0.016178401187062265,
                2.84254336648665e-13,
                0.0000922722610994242,
                -0.9998690485954284
            ],
            "scale": [
                1.0,
                0.9999996423721314,
                0.9999996423721314
            ],
            "name": "spine_upper_s"
        },
        {
            "children": [
                47,
                36,
                23
            ],
            "translation": [
                0.01469399966299534,
                0.6119949817657471,
                -0.03201499953866005
            ],
            "rotation": [
                0.04060019925236702,
                0.006766699720174074,
                0.0011380355572327972,
                -0.999151885509491
            ],
            "scale": [
                0.9999999403953552,
                0.9999996423721314,
                1.0000001192092896
            ],
            "name": "chest_s"
        },
        {
            "children": [
                24
            ],
            "translation": [
                -0.01409399975091219,
                0.7280910015106201,
                0.10886699706315994
            ],
            "rotation": [
                0.9975128173828124,
                0.0,
                -0.07012824714183808,
                0.0
            ],
            "scale": [
                0.9999997615814208,
                0.9998993873596193,
                0.9999001026153565
            ],
            "name": "R_clavicle_s"
        },
        {
            "children": [
                25
            ],
            "translation": [
                -2.7513558864593508,
                0.06403999775648117,
                0.2327529937028885
            ],
            "rotation": [
                0.7153081297874451,
                0.4620774984359741,
                0.523655116558075,
                0.024144960567355157
            ],
            "scale": [
                0.9999793171882628,
                0.99996680021286,
                0.9999698996543884
            ],
            "name": "R_shoulder_s"
        },
        {
            "children": [
                35,
                26
            ],
            "translation": [
                0.0,
                -1.1630250215530396,
                -0.0
            ],
            "rotation": [
                0.04127705842256546,
                0.009934792295098305,
                0.3654033839702606,
                -0.9298799633979796
            ],
            "scale": [
                0.9999980926513672,
                0.999997615814209,
                1.0000003576278689
            ],
            "name": "R_elbow_s"
        },
        {
            "children": [
                33,
                31,
                29,
                27
            ],
            "matrix": [
                0.9365259408950806,
                -0.3309239149093628,
                -0.11578568071126938,
                0.0,
                0.332247793674469,
                0.9431549310684204,
                -0.008237847127020359,
                0.0,
                0.11192990839481354,
                -0.03075517900288105,
                0.9932397603988648,
                0.0,
                -0.0,
                -1.3240770101547242,
                -0.0,
                1.0
            ],
            "name": "R_wrist_s"
        },
        {
            "children": [
                28
            ],
            "matrix": [
                -0.09947366267442705,
                -0.0002014649217016995,
                -0.010241125710308552,
                0.0,
                0.009937434457242489,
                -0.026141099631786348,
                -0.09600953757762908,
                0.0,
                -0.002483737887814641,
                -0.09652292728424072,
                0.02602364681661129,
                0.0,
                0.08759099990129471,
                -0.28149300813674929,
                -0.174345999956131,
                1.0
            ],
            "name": "R_gunbone_01_s"
        },
        {
            "matrix": [
                1.0,
                0.0,
                0.00012303251423873007,
                0.0,
                -0.0,
                1.0,
                0.0,
                0.0,
                -0.00012303251423873007,
                -0.0,
                1.0,
                0.0,
                -0.0,
                -1.0160399675369266,
                -0.0,
                1.0
            ],
            "name": "R_gunbone_02_s"
        },
        {
            "children": [
                30
            ],
            "matrix": [
                0.10739245265722276,
                0.48788848519325259,
                0.8662302494049072,
                0.0,
                0.3824099600315094,
                0.7840121984481812,
                -0.4889470934867859,
                0.0,
                -0.9176883697509766,
                0.3837595582008362,
                -0.10237608850002288,
                0.0,
                -0.7849940061569214,
                0.05631999671459198,
                0.21596600115299226,
                1.0
            ],
            "name": "R_thumb_01_s"
        },
        {
            "matrix": [
                0.9985824227333068,
                0.017595969140529634,
                -0.050230007618665698,
                0.0,
                0.04423642158508301,
                0.2504131495952606,
                0.967089295387268,
                0.0,
                0.029594119638204576,
                -0.9679409265518189,
                0.2492799162864685,
                0.0,
                -0.0,
                -0.7383710145950317,
                -0.0,
                1.0
            ],
            "name": "R_thumb_02_s"
        },
        {
            "children": [
                32
            ],
            "matrix": [
                -0.9465898275375366,
                0.2682880759239197,
                -0.17842352390289308,
                0.0,
                0.3018912076950073,
                0.5450979471206665,
                -0.7821086645126343,
                0.0,
                -0.1125837191939354,
                -0.7942633628845215,
                -0.5969459414482117,
                0.0,
                -0.7315679788589478,
                -0.7415949702262878,
                -0.3171040117740631,
                1.0
            ],
            "name": "R_index_01_s"
        },
        {
            "matrix": [
                0.99923437833786,
                0.02443542703986168,
                -0.030550945550203325,
                0.0,
                -0.01131571177393198,
                0.9280831813812256,
                0.3721995055675507,
                0.0,
                0.0374487042427063,
                -0.37156909704208376,
                0.9276497960090636,
                0.0,
                -0.0,
                -0.5064759850502014,
                -0.0,
                1.0
            ],
            "name": "R_index_02_s"
        },
        {
            "children": [
                34
            ],
            "matrix": [
                -0.9500932097434998,
                -0.09639988839626312,
                -0.29632723331451418,
                0.0,
                0.2523724138736725,
                0.3197775185108185,
                -0.9132221341133118,
                0.0,
                0.1827869415283203,
                -0.9425356984138488,
                -0.279413789510727,
                0.0,
                0.3299320042133332,
                -0.8577070236206055,
                -0.14995799958705906,
                1.0
            ],
            "name": "R_middle_01_s"
        },
        {
            "matrix": [
                0.9987185001373292,
                0.04307277500629425,
                -0.02657976560294628,
                0.0,
                -0.02018222399055958,
                0.8205030560493469,
                0.5712789297103882,
                0.0,
                0.04641580954194069,
                -0.5700104236602783,
                0.8203210234642029,
                0.0,
                -0.0,
                -0.5553569793701172,
                -0.0,
                1.0
            ],
            "name": "R_middle_02_s"
        },
        {
            "translation": [
                0.0,
                -0.4413590133190155,
                -0.0
            ],
            "rotation": [
                -0.0,
                -0.013379745185375214,
                -0.0,
                -0.9999103546142578
            ],
            "scale": [
                0.9999995827674866,
                1.0,
                0.9999995827674866
            ],
            "name": "R_forearm_twist_s"
        },
        {
            "children": [
                37
            ],
            "translation": [
                0.014158999547362328,
                0.7280889749526978,
                0.10886699706315994
            ],
            "rotation": [
                -0.0,
                -0.12370816618204116,
                -0.0,
                -0.9923185110092164
            ],
            "scale": [
                0.999999463558197,
                1.0,
                0.999999463558197
            ],
            "name": "L_clavicle_s"
        },
        {
            "children": [
                38
            ],
            "translation": [
                2.751354932785034,
                -0.06403499841690064,
                -0.2327529937028885
            ],
            "rotation": [
                0.5203946232795715,
                0.005198155529797077,
                0.7198294997215271,
                -0.4593091607093811
            ],
            "scale": [
                0.9999554753303528,
                0.9999319911003112,
                0.9999768137931824
            ],
            "name": "L_shoulder_s"
        },
        {
            "children": [
                46,
                39
            ],
            "translation": [
                -0.0,
                1.1630280017852784,
                0.0
            ],
            "rotation": [
                0.06852755695581436,
                0.007904654368758202,
                0.2496272623538971,
                -0.9658805131912231
            ],
            "scale": [
                0.9999954104423524,
                0.9999951720237732,
                0.9999999403953552
            ],
            "name": "L_elbow_s"
        },
        {
            "children": [
                44,
                42,
                40
            ],
            "matrix": [
                0.9937173128128052,
                0.001943003968335688,
                -0.1119001880288124,
                0.0,
                -0.02578008361160755,
                0.9769361019134522,
                -0.21197065711021424,
                0.0,
                0.10890740156173706,
                0.2135237157344818,
                0.970848262310028,
                0.0,
                0.0,
                1.3240809440612794,
                0.0,
                1.0
            ],
            "name": "L_wrist_s"
        },
        {
            "children": [
                41
            ],
            "matrix": [
                0.08256813883781433,
                0.157073974609375,
                0.984071969985962,
                0.0,
                0.5184110403060913,
                0.8366026878356934,
                -0.17699013650417329,
                0.0,
                -0.851069450378418,
                0.5247888565063477,
                -0.012347936630249024,
                0.0,
                0.7849940061569214,
                -0.05631999671459198,
                -0.21596099436283112,
                1.0
            ],
            "name": "L_thumb_01_s"
        },
        {
            "matrix": [
                0.998581886291504,
                0.01750984787940979,
                -0.05027614906430245,
                0.0,
                0.009298942051827908,
                0.8724856972694397,
                0.4885419309139252,
                0.0,
                0.05241960659623146,
                -0.4883168637752533,
                0.871086061000824,
                0.0,
                -0.0,
                0.7383729815483093,
                0.0,
                1.0
            ],
            "name": "L_thumb_02_s"
        },
        {
            "children": [
                43
            ],
            "matrix": [
                -0.9488087892532348,
                0.2714916169643402,
                -0.16074371337890626,
                0.0,
                0.3044249713420868,
                0.6540049910545349,
                -0.692506730556488,
                0.0,
                -0.08289605379104614,
                -0.7060683369636536,
                -0.7031418085098267,
                0.0,
                0.7315670251846314,
                0.7415930032730103,
                0.3171130120754242,
                1.0
            ],
            "name": "L_index_01_s"
        },
        {
            "matrix": [
                0.9992331862449646,
                0.0244599636644125,
                -0.030570052564144136,
                0.0,
                0.0016535259783267978,
                0.7537687420845032,
                0.6571215987205505,
                0.0,
                0.03911628946661949,
                -0.6566680073738098,
                0.7531501054763794,
                0.0,
                0.0,
                0.5064740180969238,
                0.0,
                1.0
            ],
            "name": "L_index_02_s"
        },
        {
            "children": [
                45
            ],
            "matrix": [
                -0.9501302242279052,
                -0.09636951237916948,
                -0.2963583171367645,
                0.0,
                0.18871019780635837,
                0.5788781642913818,
                -0.7932584881782532,
                0.0,
                0.24799956381320954,
                -0.8096809387207031,
                -0.5317942500114441,
                0.0,
                -0.3299329876899719,
                0.8576980233192444,
                0.14996300637722016,
                1.0
            ],
            "name": "L_middle_01_s"
        },
        {
            "matrix": [
                0.9987173676490784,
                0.04307955875992775,
                -0.02661505900323391,
                0.0,
                -0.012441937811672688,
                0.7182527780532837,
                0.6956564784049988,
                0.0,
                0.04908572137355805,
                -0.6944330930709839,
                0.7178677320480347,
                0.0,
                0.0,
                0.555359959602356,
                0.0,
                1.0
            ],
            "name": "L_middle_02_s"
        },
        {
            "translation": [
                -0.0,
                0.4413599967956543,
                0.0
            ],
            "rotation": [
                -0.0,
                -0.012856777757406237,
                -0.0,
                -0.999917447566986
            ],
            "scale": [
                1.0000003576278689,
                1.0,
                1.0000003576278689
            ],
            "name": "L_forearm_twist_s"
        },
        {
            "children": [
                48
            ],
            "matrix": [
                1.0,
                0.0,
                0.0,
                0.0,
                0.0,
                1.0,
                0.0,
                0.0,
                0.0,
                0.0,
                1.0,
                0.0,
                0.00003199999991920777,
                0.8368549942970276,
                0.003722999943420291,
                1.0
            ],
            "name": "neck_s"
        },
        {
            "children": [
                49
            ],
            "translation": [
                0.017974000424146653,
                0.25071200728416445,
                0.03162400051951409
            ],
            "rotation": [
                -0.0,
                -0.0,
                -0.00018454875680617988,
                -1.0
            ],
            "name": "head_s"
        },
        {
            "children": [
                50
            ],
            "matrix": [
                1.0,
                0.0,
                -0.0,
                0.0,
                -0.0,
                0.9999396204948424,
                -0.011011073365807534,
                0.0,
                0.0,
                0.011011073365807534,
                0.9999396204948424,
                0.0,
                -0.015103000216186049,
                0.04305800050497055,
                -0.08841300010681153,
                1.0
            ],
            "name": "hat_01_s"
        },
        {
            "translation": [
                -0.0,
                3.2207980155944826,
                -0.1963080018758774
            ],
            "rotation": [
                0.04158387333154678,
                -0.0,
                -0.0,
                -0.9991350173950196
            ],
            "name": "hat_02_s"
        }
    ],
    "meshes": [
        {
            "primitives": [
                {
                    "attributes": {
                        "JOINTS_0": 1,
                        "NORMAL": 2,
                        "POSITION": 3,
                        "WEIGHTS_0": 4
                    },
                    "indices": 0,
                    "mode": 4,
                    "material": 0
                }
            ],
            "name": "arms_GEO-mesh"
        },
        {
            "primitives": [
                {
                    "attributes": {
                        "JOINTS_0": 6,
                        "NORMAL": 7,
                        "POSITION": 8,
                        "WEIGHTS_0": 9
                    },
                    "indices": 5,
                    "mode": 4,
                    "material": 0
                }
            ],
            "name": "spikes_GEO-mesh"
        },
        {
            "primitives": [
                {
                    "attributes": {
                        "JOINTS_0": 11,
                        "NORMAL": 12,
                        "POSITION": 13,
                        "WEIGHTS_0": 14
                    },
                    "indices": 10,
                    "mode": 4,
                    "material": 0
                }
            ],
            "name": "jacket_GEO-mesh"
        },
        {
            "primitives": [
                {
                    "attributes": {
                        "JOINTS_0": 16,
                        "NORMAL": 17,
                        "POSITION": 18,
                        "WEIGHTS_0": 19
                    },
                    "indices": 15,
                    "mode": 4,
                    "material": 0
                }
            ],
            "name": "body_GEO-mesh"
        },
        {
            "primitives": [
                {
                    "attributes": {
                        "JOINTS_0": 21,
                        "NORMAL": 22,
                        "POSITION": 23,
                        "WEIGHTS_0": 24
                    },
                    "indices": 20,
                    "mode": 4,
                    "material": 0
                }
            ],
            "name": "flower_GEO-mesh"
        },
        {
            "primitives": [
                {
                    "attributes": {
                        "JOINTS_0": 26,
                        "NORMAL": 27,
                        "POSITION": 28,
                        "WEIGHTS_0": 29
                    },
                    "indices": 25,
                    "mode": 4,
                    "material": 0
                }
            ],
            "name": "ammo_GEO-mesh"
        },
        {
            "primitives": [
                {
                    "attributes": {
                        "JOINTS_0": 31,
                        "NORMAL": 32,
                        "POSITION": 33,
                        "WEIGHTS_0": 34
                    },
                    "indices": 30,
                    "mode": 4,
                    "material": 0
                }
            ],
            "name": "stitch_GEO-mesh"
        }
    ],
    "animations": [
        {
            "channels": [
                {
                    "sampler": 0,
                    "target": {
                        "node": 11,
                        "path": "translation"
                    }
                },
                {
                    "sampler": 1,
                    "target": {
                        "node": 11,
                        "path": "rotation"
                    }
                },
                {
                    "sampler": 2,
                    "target": {
                        "node": 11,
                        "path": "scale"
                    }
                },
                {
                    "sampler": 3,
                    "target": {
                        "node": 20,
                        "path": "translation"
                    }
                },
                {
                    "sampler": 4,
                    "target": {
                        "node": 20,
                        "path": "rotation"
                    }
                },
                {
                    "sampler": 5,
                    "target": {
                        "node": 20,
                        "path": "scale"
                    }
                },
                {
                    "sampler": 6,
                    "target": {
                        "node": 21,
                        "path": "translation"
                    }
                },
                {
                    "sampler": 7,
                    "target": {
                        "node": 21,
                        "path": "rotation"
                    }
                },
                {
                    "sampler": 8,
                    "target": {
                        "node": 21,
                        "path": "scale"
                    }
                },
                {
                    "sampler": 9,
                    "target": {
                        "node": 22,
                        "path": "translation"
                    }
                },
                {
                    "sampler": 10,
                    "target": {
                        "node": 22,
                        "path": "rotation"
                    }
                },
                {
                    "sampler": 11,
                    "target": {
                        "node": 22,
                        "path": "scale"
                    }
                },
                {
                    "sampler": 12,
                    "target": {
                        "node": 48,
                        "path": "translation"
                    }
                },
                {
                    "sampler": 13,
                    "target": {
                        "node": 48,
                        "path": "rotation"
                    }
                },
                {
                    "sampler": 14,
                    "target": {
                        "node": 48,
                        "path": "scale"
                    }
                },
                {
                    "sampler": 15,
                    "target": {
                        "node": 50,
                        "path": "translation"
                    }
                },
                {
                    "sampler": 16,
                    "target": {
                        "node": 50,
                        "path": "rotation"
                    }
                },
                {
                    "sampler": 17,
                    "target": {
                        "node": 50,
                        "path": "scale"
                    }
                },
                {
                    "sampler": 18,
                    "target": {
                        "node": 36,
                        "path": "translation"
                    }
                },
                {
                    "sampler": 19,
                    "target": {
                        "node": 36,
                        "path": "rotation"
                    }
                },
                {
                    "sampler": 20,
                    "target": {
                        "node": 36,
                        "path": "scale"
                    }
                },
                {
                    "sampler": 21,
                    "target": {
                        "node": 37,
                        "path": "translation"
                    }
                },
                {
                    "sampler": 22,
                    "target": {
                        "node": 37,
                        "path": "rotation"
                    }
                },
                {
                    "sampler": 23,
                    "target": {
                        "node": 37,
                        "path": "scale"
                    }
                },
                {
                    "sampler": 24,
                    "target": {
                        "node": 38,
                        "path": "translation"
                    }
                },
                {
                    "sampler": 25,
                    "target": {
                        "node": 38,
                        "path": "rotation"
                    }
                },
                {
                    "sampler": 26,
                    "target": {
                        "node": 38,
                        "path": "scale"
                    }
                },
                {
                    "sampler": 27,
                    "target": {
                        "node": 46,
                        "path": "translation"
                    }
                },
                {
                    "sampler": 28,
                    "target": {
                        "node": 46,
                        "path": "rotation"
                    }
                },
                {
                    "sampler": 29,
                    "target": {
                        "node": 46,
                        "path": "scale"
                    }
                },
                {
                    "sampler": 30,
                    "target": {
                        "node": 23,
                        "path": "translation"
                    }
                },
                {
                    "sampler": 31,
                    "target": {
                        "node": 23,
                        "path": "rotation"
                    }
                },
                {
                    "sampler": 32,
                    "target": {
                        "node": 23,
                        "path": "scale"
                    }
                },
                {
                    "sampler": 33,
                    "target": {
                        "node": 24,
                        "path": "translation"
                    }
                },
                {
                    "sampler": 34,
                    "target": {
                        "node": 24,
                        "path": "rotation"
                    }
                },
                {
                    "sampler": 35,
                    "target": {
                        "node": 24,
                        "path": "scale"
                    }
                },
                {
                    "sampler": 36,
                    "target": {
                        "node": 25,
                        "path": "translation"
                    }
                },
                {
                    "sampler": 37,
                    "target": {
                        "node": 25,
                        "path": "rotation"
                    }
                },
                {
                    "sampler": 38,
                    "target": {
                        "node": 25,
                        "path": "scale"
                    }
                },
                {
                    "sampler": 39,
                    "target": {
                        "node": 35,
                        "path": "translation"
                    }
                },
                {
                    "sampler": 40,
                    "target": {
                        "node": 35,
                        "path": "rotation"
                    }
                },
                {
                    "sampler": 41,
                    "target": {
                        "node": 35,
                        "path": "scale"
                    }
                },
                {
                    "sampler": 42,
                    "target": {
                        "node": 16,
                        "path": "translation"
                    }
                },
                {
                    "sampler": 43,
                    "target": {
                        "node": 16,
                        "path": "rotation"
                    }
                },
                {
                    "sampler": 44,
                    "target": {
                        "node": 16,
                        "path": "scale"
                    }
                },
                {
                    "sampler": 45,
                    "target": {
                        "node": 17,
                        "path": "translation"
                    }
                },
                {
                    "sampler": 46,
                    "target": {
                        "node": 17,
                        "path": "rotation"
                    }
                },
                {
                    "sampler": 47,
                    "target": {
                        "node": 17,
                        "path": "scale"
                    }
                },
                {
                    "sampler": 48,
                    "target": {
                        "node": 18,
                        "path": "translation"
                    }
                },
                {
                    "sampler": 49,
                    "target": {
                        "node": 18,
                        "path": "rotation"
                    }
                },
                {
                    "sampler": 50,
                    "target": {
                        "node": 18,
                        "path": "scale"
                    }
                },
                {
                    "sampler": 51,
                    "target": {
                        "node": 19,
                        "path": "translation"
                    }
                },
                {
                    "sampler": 52,
                    "target": {
                        "node": 19,
                        "path": "rotation"
                    }
                },
                {
                    "sampler": 53,
                    "target": {
                        "node": 19,
                        "path": "scale"
                    }
                },
                {
                    "sampler": 54,
                    "target": {
                        "node": 12,
                        "path": "translation"
                    }
                },
                {
                    "sampler": 55,
                    "target": {
                        "node": 12,
                        "path": "rotation"
                    }
                },
                {
                    "sampler": 56,
                    "target": {
                        "node": 12,
                        "path": "scale"
                    }
                },
                {
                    "sampler": 57,
                    "target": {
                        "node": 13,
                        "path": "translation"
                    }
                },
                {
                    "sampler": 58,
                    "target": {
                        "node": 13,
                        "path": "rotation"
                    }
                },
                {
