{
    "asset": {
        "generator": "COLLADA2GLTF",
        "version": "2.0"
    },
    "scenes": [
        {
            "nodes": [
                0
            ]
        }
    ],
    "scene": 0,
    "nodes": [
        {
            "children": [
                44,
                1
            ],
            "name": "Y_UP"
        },
        {
            "children": [
                2
            ],
            "name": "CHARACTER"
        },
        {
            "children": [
                3
            ],
            "name": "Root"
        },
        {
            "children": [
                12,
                8,
                4
            ],
            "matrix": [
                1.0,
                0.0,
                0.0,
                0.0,
                0.0,
                1.0,
                0.0,
                0.0,
                0.0,
                0.0,
                1.0,
                0.0,
                0.0,
                3.451750993728638,
                -0.37611299753189089,
                1.0
            ],
            "name": "hips_s"
        },
        {
            "children": [
                5
            ],
            "matrix": [
                -0.9996135234832764,
                0.025252994149923329,
                0.0003490866511128843,
                0.0,
                0.025145338848233224,
                0.9965184330940248,
                -0.07948661595582962,
                0.0,
                -0.002355213044211269,
                -0.07945246249437332,
                -0.9967676997184752,
                0.0,
                -1.2319200038909913,
                -0.33605098724365237,
                0.000661000027321279,
                1.0
            ],
            "name": "R_upperLeg_s"
        },
        {
            "children": [
                6
            ],
            "matrix": [
                0.9993779063224793,
                -0.03516624122858048,
                0.0025490415282547476,
                0.0,
                0.03452002257108689,
                0.9611681699752808,
                -0.2737912833690644,
                0.0,
                0.007178549654781818,
                0.2737089395523072,
                0.9617841839790344,
                0.0,
                0.0,
                -1.1073180437088013,
                0.0,
                1.0
            ],
            "name": "R_lowerLeg_s"
        },
        {
            "children": [
                7
            ],
            "matrix": [
                -0.9998764395713806,
                -0.009636248461902142,
                -0.002563338959589601,
                0.0,
                0.009952074848115445,
                -0.9803808331489564,
                -0.1964874565601349,
                0.0,
                -0.0006197642651386559,
                -0.19650331139564518,
                0.9805024862289428,
                0.0,
                -0.0,
                -1.4786030054092408,
                0.0,
                1.0
            ],
            "name": "R_ankle_s"
        },
        {
            "matrix": [
                -0.9999114274978638,
                0.000007430559890053701,
                0.007193003781139851,
                0.0,
                0.007130330894142389,
                -0.13065966963768006,
                0.9913654327392578,
                0.0,
                0.0009474579710513352,
                0.9913908839225768,
                0.13071930408477784,
                0.0,
                -0.001939999987371266,
                0.4965510070323944,
                -1.0066609382629397,
                1.0
            ],
            "name": "R_toes_s"
        },
        {
            "children": [
                9
            ],
            "matrix": [
                -0.9996131658554076,
                -0.02525298297405243,
                -0.000349086505593732,
                0.0,
                0.02514533139765263,
                -0.9964505434036256,
                0.07948660105466843,
                0.0,
                -0.0023552137427031996,
                0.07945247739553452,
                0.9968355298042296,
                0.0,
                1.2319209575653077,
                -0.3360559940338135,
                0.000661000027321279,
                1.0
            ],
            "name": "L_upperLeg_s"
        },
        {
            "children": [
                10
            ],
            "matrix": [
                0.9993800520896912,
                -0.03510532155632973,
                0.002540537854656577,
                0.0,
                0.03445911034941673,
                0.9611703753471376,
                -0.2737912237644196,
                0.0,
                0.007170049007982016,
                0.27370908856391909,
                0.9617845416069032,
                0.0,
                0.0,
                1.1073169708251954,
                0.0,
                1.0
            ],
            "name": "L_lowerLeg_s"
        },
        {
            "children": [
                11
            ],
            "matrix": [
                -0.9998762011528016,
                -0.009636247530579569,
                -0.0025633384939283139,
                0.0,
                0.009952079504728318,
                -0.9803812503814696,
                -0.19648756086826325,
                0.0,
                -0.0006197639741003513,
                -0.1965032368898392,
                0.9805020689964294,
                0.0,
                0.0,
                1.4785979986190797,
                -0.0,
                1.0
            ],
            "name": "L_ankle_s"
        },
        {
            "matrix": [
                -0.9999113082885742,
                0.000007430558980558999,
                0.007193002849817276,
                0.0,
                0.007130330428481102,
                -0.1306596547365189,
                0.9913653135299684,
                0.0,
                0.0009474579710513352,
                0.9913908839225768,
                0.13071930408477784,
                0.0,
                0.0019389999797567728,
                -0.4965519905090332,
                1.0066620111465457,
                1.0
            ],
            "name": "L_toes_s"
        },
        {
            "children": [
                13
            ],
            "translation": [
                -0.015124999918043614,
                0.20951099693775178,
                -0.013712000101804734
            ],
            "rotation": [
                -0.001814686111174524,
                -0.07240289449691773,
                -0.01061129942536354,
                -0.9973173141479492
            ],
            "scale": [
                0.9999995231628418,
                0.9999998807907105,
                0.9999999403953552
            ],
            "name": "spine_lower_s"
        },
        {
            "children": [
                14
            ],
            "translation": [
                -0.0014540000120177866,
                0.23249998688697816,
                0.02716900035738945
            ],
            "rotation": [
                0.001199554419144988,
                -0.0873521938920021,
                0.01814711093902588,
                -0.9960113763809204
            ],
            "scale": [
                0.9999995827674866,
                0.9999995827674866,
                0.9999998211860656
            ],
            "name": "spine_upper_s"
        },
        {
            "children": [
                42,
                31,
                18,
                17,
                16,
                15
            ],
            "translation": [
                -0.00936300028115511,
                0.22445400059223176,
                0.07406999915838242
            ],
            "rotation": [
                1.7501053384272326e-10,
                -0.0660971850156784,
                -0.007412477862089872,
                -0.9977855682373048
            ],
            "scale": [
                0.9999995231628418,
                0.999999701976776,
                1.0
            ],
            "name": "chest_s"
        },
        {
            "matrix": [
                1.0,
                0.0,
                0.0,
                0.0,
                0.0,
                1.0,
                0.0,
                0.0,
                0.0,
                0.0,
                1.0,
                0.0,
                -1.0414429903030396,
                1.259948968887329,
                0.6808019876480103,
                1.0
            ],
            "name": "leftBalls_s"
        },
        {
            "matrix": [
                1.0,
                0.0,
                0.0,
                0.0,
                0.0,
                1.0,
                0.0,
                0.0,
                0.0,
                0.0,
                1.0,
                0.0,
                0.722042977809906,
                1.5110950469970704,
                0.754863977432251,
                1.0
            ],
            "name": "upperBalls_s"
        },
        {
            "matrix": [
                1.0,
                0.0,
                0.0,
                0.0,
                0.0,
                1.0,
                0.0,
                0.0,
                0.0,
                0.0,
                1.0,
                0.0,
                0.3232190012931824,
                0.4986039996147156,
                0.06344100087881088,
                1.0
            ],
            "name": "lowerBalls_s"
        },
        {
            "children": [
                19
            ],
            "translation": [
                -0.2083079963922501,
                2.47320294380188,
                -0.19671499729156498
            ],
            "rotation": [
                0.987485647201538,
                -0.08830621838569641,
                -0.13044467568397526,
                0.0007997078937478364
            ],
            "scale": [
                0.9999972581863404,
                0.9998854398727416,
                0.9998864531517028
            ],
            "name": "R_clavicle_s"
        },
        {
            "children": [
                20
            ],
            "translation": [
                -2.3483119010925299,
                -0.05071000009775162,
                0.6803169846534729
            ],
            "rotation": [
                0.6685558557510376,
                0.40935832262039187,
                0.6099003553390503,
                0.11589622497558594
            ],
            "scale": [
                0.9999480843544006,
                0.9999205470085144,
                0.9999398589134216
            ],
            "name": "R_shoulder_s"
        },
        {
            "children": [
                30,
                21
            ],
            "translation": [
                0.0,
                -1.7560629844665528,
                -0.0
            ],
            "rotation": [
                -0.01565547101199627,
                -0.009319466538727284,
                0.32116788625717165,
                -0.9468444585800172
            ],
            "scale": [
                0.9999916553497316,
                0.9999914169311525,
                0.999999463558197
            ],
            "name": "R_elbow_s"
        },
        {
            "children": [
                28,
                26,
                24,
                22
            ],
            "translation": [
                -0.0,
                -1.752148985862732,
                -0.0
            ],
            "rotation": [
                -0.33912578225135805,
                0.12887148559093476,
                -0.06538921594619751,
                -0.9295699596405028
            ],
            "scale": [
                0.9999971985816956,
                0.99998539686203,
                0.9999834895133972
            ],
            "name": "R_wrist_s"
        },
        {
            "children": [
                23
            ],
            "matrix": [
                -0.29046282172203066,
                0.3765668869018555,
                0.8796005845069885,
                0.0,
                -0.9567798376083374,
                -0.1224171668291092,
                -0.2635743916034699,
                0.0,
                0.008469999767839909,
                -0.918203353881836,
                0.39594149589538576,
                0.0,
                -0.8630799651145935,
                -1.822322964668274,
                0.4939050078392029,
                1.0
            ],
            "name": "R_gunbone_01_s"
        },
        {
            "matrix": [
                1.0,
                0.0,
                0.0,
                0.0,
                0.0,
                1.0,
                0.0,
                0.0,
                0.0,
                0.0,
                1.0,
                0.0,
                -0.0,
                0.9124730229377748,
                2.241364002227783,
                1.0
            ],
            "name": "R_gunbone_02_s"
        },
        {
            "children": [
                25
            ],
            "matrix": [
                0.7228556871414185,
                0.5788784623146057,
                0.3772973716259003,
                0.0,
                0.02391559071838856,
                0.5247675776481628,
                -0.8508837819099426,
                0.0,
                -0.6905665397644043,
                0.624079167842865,
                0.3654925525188446,
                0.0,
                -0.9937329888343812,
                -0.7575899958610535,
                0.31294798851013186,
                1.0
            ],
            "name": "R_thumb_01_s"
        },
        {
            "matrix": [
                0.996682107448578,
                0.01389211043715477,
                -0.08019158244132996,
                0.0,
                0.04167516902089119,
                0.7592263221740723,
                0.6494837999343872,
                0.0,
                0.06990610063076019,
                -0.6506711840629578,
                0.7561286091804504,
                0.0,
                -0.0,
                -0.8453590273857117,
                -0.0,
                1.0
            ],
            "name": "R_thumb_02_s"
        },
        {
            "children": [
                27
            ],
            "matrix": [
                -0.9834455251693726,
                -0.13320882618427277,
                -0.12231278419494628,
                0.0,
                -0.06782513856887818,
                0.8986736536026001,
                -0.4333341717720032,
                0.0,
                0.1676447093486786,
                -0.4178926944732666,
                -0.8928250074386597,
                0.0,
                -0.5481860041618347,
                -1.5367199182510377,
                -0.08961500227451325,
                1.0
            ],
            "name": "R_index_01_s"
        },
        {
            "matrix": [
                0.9999394416809082,
                0.007431444711983204,
                -0.008074232377111912,
                0.0,
                -0.0073315417394042019,
                0.9998966455459596,
                0.012332459911704064,
                0.0,
                0.008165055885910988,
                -0.01227252185344696,
                0.9998912215232848,
                0.0,
                0.0,
                -0.6920289993286133,
                -0.0,
                1.0
            ],
            "name": "R_index_02_s"
        },
        {
            "children": [
                29
            ],
            "matrix": [
                -0.9521111249923706,
                -0.2916015386581421,
                -0.09079401940107346,
                0.0,
                -0.15477141737937928,
                0.7170348167419434,
                -0.6796147227287293,
                0.0,
                0.26328855752944949,
                -0.633087158203125,
                -0.7278016209602356,
                0.0,
                0.3332490026950836,
                -1.5668280124664309,
                0.0015699999639764429,
                1.0
            ],
            "name": "R_middle_01_s"
        },
        {
            "matrix": [
                0.9986265897750856,
                -0.017400218173861505,
                -0.049427833408117297,
                0.0,
                0.05190775543451309,
                0.45761871337890627,
                0.8876240253448486,
                0.0,
                0.007173684891313315,
                -0.8889699578285217,
                0.45789310336112978,
                0.0,
                0.0,
                -0.6573429703712463,
                0.0,
                1.0
            ],
            "name": "R_middle_02_s"
        },
        {
            "translation": [
                0.0,
                -0.5840499997138977,
                -0.0
            ],
            "rotation": [
                -0.0,
                0.0656360611319542,
                -0.0,
                -0.9978435635566713
            ],
            "scale": [
                0.999999701976776,
                1.0,
                0.999999701976776
            ],
            "name": "R_forearm_twist_s"
        },
        {
            "children": [
                32
            ],
            "matrix": [
                0.9917399883270264,
                -0.10791219770908356,
                -0.06932556629180908,
                0.0,
                0.10817208141088486,
                0.994131565093994,
                -0.000005063365733803948,
                0.0,
                0.06891926378011704,
                -0.007494346704334021,
                0.9975935220718384,
                0.0,
                0.2083079963922501,
                2.4731998443603517,
                -0.19671399891376496,
                1.0
            ],
            "name": "L_clavicle_s"
        },
        {
            "children": [
                33
            ],
            "matrix": [
                -0.04824724048376084,
                -0.4657751023769379,
                0.8835260272026062,
                0.0,
                0.6056784987449646,
                -0.7169597148895264,
                -0.3448822498321533,
                0.0,
                0.7941769361495972,
                0.5185021162033081,
                0.31680893898010256,
                0.0,
                2.348314046859741,
                0.05071499943733215,
                -0.6803199648857117,
                1.0
            ],
            "name": "L_shoulder_s"
        },
        {
            "children": [
                41,
                34
            ],
            "matrix": [
                0.4147695302963257,
                -0.9091894626617432,
                -0.0355769582092762,
                0.0,
                0.9098535776138306,
                0.41476312279701235,
                0.00790607463568449,
                0.0,
                0.007566090673208237,
                -0.035650815814733508,
                0.9993358850479126,
                0.0,
                0.0,
                1.7560609579086304,
                0.0,
                1.0
            ],
            "name": "L_elbow_s"
        },
        {
            "children": [
                39,
                37,
                35
            ],
            "matrix": [
                0.99042010307312,
                -0.06877235323190689,
                -0.11973653733730316,
                0.0,
                0.06486799567937851,
                0.9972367286682128,
                -0.03620937094092369,
                0.0,
                0.1218959614634514,
                0.028095079585909845,
                0.9921445250511168,
                0.0,
                -0.0,
                1.7521469593048096,
                0.0,
                1.0
            ],
            "name": "L_wrist_s"
        },
        {
            "children": [
                36
            ],
            "matrix": [
                -0.7128602862358093,
                0.4509712457656861,
                0.5369634032249451,
                0.0,
                0.3982572257518769,
                0.8906769156455994,
                -0.2192641645669937,
                0.0,
                -0.5771444439888,
                0.05753892660140991,
                -0.8145307898521423,
                0.0,
                0.8822460174560547,
                0.6178810000419617,
                -0.40087199211120608,
                1.0
            ],
            "name": "L_thumb_01_s"
        },
        {
            "matrix": [
                0.9966803193092346,
                0.013843520544469357,
                -0.08022847771644592,
                0.0,
                -0.014060808345675469,
                0.9998988509178162,
                -0.002143875230103731,
                0.0,
                0.08019065111875534,
                0.003264892147853971,
                0.9967736601829528,
                0.0,
                0.0,
                0.8453630208969116,
                -0.0,
                1.0
            ],
            "name": "L_thumb_02_s"
        },
        {
            "children": [
                38
            ],
            "matrix": [
                -0.9831965565681458,
                0.12306812405586244,
                -0.13474850356578828,
                0.0,
                0.16794684529304505,
                0.8990741968154907,
                -0.404300719499588,
                0.0,
                0.07139204442501068,
                -0.4201420843601227,
                -0.9046347737312316,
                0.0,
                0.5481889843940735,
                1.5367209911346436,
                0.08961299806833267,
                1.0
            ],
            "name": "L_index_01_s"
        },
        {
            "matrix": [
                0.9999396204948424,
                0.007444178685545921,
                -0.008029138669371605,
                0.0,
                -0.002010914497077465,
                0.8457034230232239,
                0.5336459875106812,
                0.0,
                0.01076286379247904,
                -0.533598005771637,
                0.8456680178642273,
                0.0,
                0.0,
                0.6920299530029297,
                0.0,
                1.0
            ],
            "name": "L_index_02_s"
        },
        {
            "children": [
                40
            ],
            "matrix": [
                -0.9653937816619872,
                -0.12556065618991853,
                -0.228206604719162,
                0.0,
                0.015665100887417798,
                0.8465691804885864,
                -0.5320352911949158,
                0.0,
                0.2599966824054718,
                -0.5172441601753235,
                -0.815292239189148,
                0.0,
                -0.3332509994506836,
                1.5668359994888306,
                -0.0015640000347048045,
                1.0
            ],
            "name": "L_middle_01_s"
        },
        {
            "matrix": [
                0.998627245426178,
                -0.017415134236216546,
                -0.04940168559551239,
                0.0,
                0.052202921360731128,
                0.2531233429908753,
                0.9659934043884276,
                0.0,
                -0.004320318344980478,
                -0.9672468304634094,
                0.2536851465702057,
                0.0,
                0.0,
                0.6573420166969299,
                -0.0,
                1.0
            ],
            "name": "L_middle_02_s"
        },
        {
            "matrix": [
                1.0,
                0.0,
                0.0,
                0.0,
                0.0,
                1.0,
                0.0,
                0.0,
                0.0,
                0.0,
                1.0,
                0.0,
                0.0,
                0.5840489864349365,
                0.0,
                1.0
            ],
            "name": "L_forearm_twist_s"
        },
        {
            "children": [
                43
            ],
            "matrix": [
                1.0,
                0.0,
                0.0,
                0.0,
                0.0,
                1.0,
                0.0,
                0.0,
                0.0,
                0.0,
                1.0,
                0.0,
                0.0,
                3.610445022583008,
                0.04788399860262871,
                1.0
            ],
            "name": "neck_s"
        },
        {
            "translation": [
                0.0,
                0.20005400478839878,
                0.004401000216603279
            ],
            "rotation": [
                -0.0,
                0.1488345563411713,
                -0.0,
                -0.9888615608215332
            ],
            "scale": [
                0.9999979734420776,
                1.0,
                0.9999979734420776
            ],
            "name": "head_s"
        },
        {
            "children": [
                58,
                57,
                56,
                55,
                54,
                53,
                52,
                51,
                50,
                49,
                48,
                47,
                46,
                45
            ],
            "name": "rico_GEO"
        },
        {
            "mesh": 0,
            "skin": 0,
            "name": "ball_08Geo"
        },
        {
            "mesh": 1,
            "skin": 1,
            "name": "ball_07Geo"
        },
        {
            "mesh": 2,
            "skin": 2,
            "name": "ball_06Geo"
        },
        {
            "mesh": 3,
            "skin": 3,
            "name": "ball_05Geo"
        },
        {
            "mesh": 4,
            "skin": 4,
            "name": "ball_04Geo"
        },
        {
            "mesh": 5,
            "skin": 5,
            "name": "ball_03Geo"
        },
        {
            "mesh": 6,
            "skin": 6,
            "name": "ball_02Geo"
        },
        {
            "mesh": 7,
            "skin": 7,
            "name": "ball_01Geo"
        },
        {
            "mesh": 8,
            "skin": 8,
            "name": "mainGeo"
        },
        {
            "mesh": 9,
            "skin": 9,
            "name": "headGeo"
        },
        {
            "mesh": 10,
            "skin": 10,
            "name": "pistolball_01Geo"
        },
        {
            "mesh": 11,
            "skin": 11,
            "name": "pistolGeo"
        },
        {
            "mesh": 12,
            "skin": 12,
            "name": "glassGeo"
        },
        {
            "mesh": 13,
            "skin": 13,
            "name": "armsGeo"
        }
    ],
    "meshes": [
        {
            "primitives": [
                {
                    "attributes": {
                        "JOINTS_0": 1,
                        "NORMAL": 2,
                        "POSITION": 3,
                        "WEIGHTS_0": 4
                    },
                    "indices": 0,
                    "mode": 4,
                    "material": 0
                }
            ],
            "name": "ball_08Geo-mesh"
        },
        {
            "primitives": [
                {
                    "attributes": {
                        "JOINTS_0": 6,
                        "NORMAL": 7,
                        "POSITION": 8,
                        "WEIGHTS_0": 9
                    },
                    "indices": 5,
                    "mode": 4,
                    "material": 0
                }
            ],
            "name": "ball_07Geo-mesh"
        },
        {
            "primitives": [
                {
                    "attributes": {
                        "JOINTS_0": 11,
                        "NORMAL": 12,
                        "POSITION": 13,
                        "WEIGHTS_0": 14
                    },
                    "indices": 10,
                    "mode": 4,
                    "material": 0
                }
            ],
            "name": "ball_06Geo-mesh"
        },
        {
            "primitives": [
                {
                    "attributes": {
                        "JOINTS_0": 16,
                        "NORMAL": 17,
                        "POSITION": 18,
                        "WEIGHTS_0": 19
                    },
                    "indices": 15,
                    "mode": 4,
                    "material": 0
                }
            ],
            "name": "ball_05Geo-mesh"
        },
        {
            "primitives": [
                {
                    "attributes": {
                        "JOINTS_0": 21,
                        "NORMAL": 22,
                        "POSITION": 23,
                        "WEIGHTS_0": 24
                    },
                    "indices": 20,
                    "mode": 4,
                    "material": 0
                }
            ],
            "name": "ball_04Geo-mesh"
        },
        {
            "primitives": [
                {
                    "attributes": {
                        "JOINTS_0": 26,
                        "NORMAL": 27,
                        "POSITION": 28,
                        "WEIGHTS_0": 29
                    },
                    "indices": 25,
                    "mode": 4,
                    "material": 0
                }
            ],
            "name": "ball_03Geo-mesh"
        },
        {
            "primitives": [
                {
                    "attributes": {
                        "JOINTS_0": 31,
                        "NORMAL": 32,
                        "POSITION": 33,
                        "WEIGHTS_0": 34
                    },
                    "indices": 30,
                    "mode": 4,
                    "material": 0
                }
            ],
            "name": "ball_02Geo-mesh"
        },
        {
            "primitives": [
                {
                    "attributes": {
                        "JOINTS_0": 36,
                        "NORMAL": 37,
                        "POSITION": 38,
                        "WEIGHTS_0": 39
                    },
                    "indices": 35,
                    "mode": 4,
                    "material": 0
                }
            ],
            "name": "ball_01Geo-mesh"
        },
        {
            "primitives": [
                {
                    "attributes": {
                        "JOINTS_0": 41,
                        "NORMAL": 42,
                        "POSITION": 43,
                        "WEIGHTS_0": 44
                    },
                    "indices": 40,
                    "mode": 4,
                    "material": 0
                }
            ],
            "name": "mainGeo-mesh"
        },
        {
            "primitives": [
                {
                    "attributes": {
                        "JOINTS_0": 46,
                        "NORMAL": 47,
                        "POSITION": 48,
                        "WEIGHTS_0": 49
                    },
                    "indices": 45,
                    "mode": 4,
                    "material": 0
                }
            ],
            "name": "headGeo-mesh"
        },
        {
            "primitives": [
                {
                    "attributes": {
                        "JOINTS_0": 51,
                        "NORMAL": 52,
                        "POSITION": 53,
                        "WEIGHTS_0": 54
                    },
                    "indices": 50,
                    "mode": 4,
                    "material": 0
                }
            ],
            "name": "pistolball_01Geo-mesh"
        },
        {
            "primitives": [
                {
                    "attributes": {
                        "JOINTS_0": 56,
                        "NORMAL": 57,
                        "POSITION": 58,
                        "WEIGHTS_0": 59
                    },
                    "indices": 55,
                    "mode": 4,
                    "material": 0
                },
                {
                    "attributes": {
                        "JOINTS_0": 61,
                        "NORMAL": 62,
                        "POSITION": 63,
                        "WEIGHTS_0": 64
                    },
                    "indices": 60,
                    "mode": 4,
                    "material": 1
                }
            ],
            "name": "pistolGeo-mesh"
        },
        {
            "primitives": [
                {
                    "attributes": {
                        "JOINTS_0": 66,
                        "NORMAL": 67,
                        "POSITION": 68,
                        "WEIGHTS_0": 69
                    },
                    "indices": 65,
                    "mode": 4,
                    "material": 1
                }
            ],
            "name": "glassGeo-mesh"
        },
        {
            "primitives": [
                {
                    "attributes": {
                        "JOINTS_0": 71,
                        "NORMAL": 72,
                        "POSITION": 73,
                        "WEIGHTS_0": 74
                    },
                    "indices": 70,
                    "mode": 4,
                    "material": 0
                }
            ],
            "name": "armsGeo-mesh"
        }
    ],
    "animations": [
        {
            "channels": [
                {
                    "sampler": 0,
                    "target": {
                        "node": 12,
                        "path": "translation"
                    }
                },
                {
                    "sampler": 1,
                    "target": {
                        "node": 12,
                        "path": "rotation"
                    }
                },
                {
                    "sampler": 2,
                    "target": {
                        "node": 12,
                        "path": "scale"
                    }
                },
                {
                    "sampler": 3,
                    "target": {
                        "node": 13,
                        "path": "translation"
                    }
                },
                {
                    "sampler": 4,
                    "target": {
                        "node": 13,
                        "path": "rotation"
                    }
                },
                {
                    "sampler": 5,
                    "target": {
                        "node": 13,
                        "path": "scale"
                    }
                },
                {
                    "sampler": 6,
                    "target": {
                        "node": 14,
                        "path": "translation"
                    }
                },
                {
                    "sampler": 7,
                    "target": {
                        "node": 14,
                        "path": "rotation"
                    }
                },
                {
                    "sampler": 8,
                    "target": {
                        "node": 14,
                        "path": "scale"
                    }
                },
                {
                    "sampler": 9,
                    "target": {
                        "node": 43,
                        "path": "translation"
                    }
                },
                {
                    "sampler": 10,
                    "target": {
                        "node": 43,
                        "path": "rotation"
                    }
                },
                {
                    "sampler": 11,
                    "target": {
                        "node": 43,
                        "path": "scale"
                    }
                },
                {
                    "sampler": 12,
                    "target": {
                        "node": 18,
                        "path": "translation"
                    }
                },
                {
                    "sampler": 13,
                    "target": {
                        "node": 18,
                        "path": "rotation"
                    }
                },
                {
                    "sampler": 14,
                    "target": {
                        "node": 18,
                        "path": "scale"
                    }
                },
                {
                    "sampler": 15,
                    "target": {
                        "node": 19,
                        "path": "translation"
                    }
                },
                {
                    "sampler": 16,
                    "target": {
                        "node": 19,
                        "path": "rotation"
                    }
                },
                {
                    "sampler": 17,
                    "target": {
                        "node": 19,
                        "path": "scale"
                    }
                },
                {
                    "sampler": 18,
                    "target": {
                        "node": 20,
                        "path": "translation"
                    }
                },
                {
                    "sampler": 19,
                    "target": {
                        "node": 20,
                        "path": "rotation"
                    }
                },
                {
                    "sampler": 20,
                    "target": {
                        "node": 20,
                        "path": "scale"
                    }
                },
                {
                    "sampler": 21,
                    "target": {
                        "node": 30,
                        "path": "translation"
                    }
                },
                {
                    "sampler": 22,
                    "target": {
                        "node": 30,
                        "path": "rotation"
                    }
                },
                {
                    "sampler": 23,
                    "target": {
                        "node": 30,
                        "path": "scale"
                    }
                },
                {
                    "sampler": 24,
                    "target": {
                        "node": 21,
                        "path": "translation"
                    }
                },
                {
                    "sampler": 25,
                    "target": {
                        "node": 21,
                        "path": "rotation"
                    }
                },
                {
                    "sampler": 26,
                    "target": {
                        "node": 21,
                        "path": "scale"
                    }
                }
            ],
            "samplers": [
                {
                    "input": 75,
                    "interpolation": "LINEAR",
                    "output": 76
                },
                {
                    "input": 75,
                    "interpolation": "LINEAR",
                    "output": 77
                },
                {
                    "input": 75,
