{
    "asset": {
        "generator": "COLLADA2GLTF",
        "version": "2.0"
    },
    "scenes": [
        {
            "nodes": [
                0
            ]
        }
    ],
    "scene": 0,
    "nodes": [
        {
            "children": [
                1
            ],
            "name": "Y_UP"
        },
        {
            "children": [
                48,
                2
            ],
            "name": "CHARACTER"
        },
        {
            "children": [
                3
            ],
            "name": "Root"
        },
        {
            "children": [
                12,
                8,
                4
            ],
            "translation": [
                0.12703099846839906,
                3.0984249114990236,
                -0.02311299927532673
            ],
            "rotation": [
                0.015317121520638466,
                -0.14385174214839936,
                -0.002214523497968912,
                -0.989477813243866
            ],
            "scale": [
                0.9999982118606569,
                1.000000238418579,
                0.9999983906745912
            ],
            "name": "hips_s"
        },
        {
            "children": [
                5
            ],
            "translation": [
                -1.3271600008010865,
                -0.05752800032496452,
                -0.09601099789142609
            ],
            "rotation": [
                0.1499452292919159,
                0.9212021231651306,
                -0.15729644894599918,
                0.3226514756679535
            ],
            "scale": [
                0.9999002814292908,
                0.9999943971633912,
                0.9999010562896729
            ],
            "name": "R_upperLeg_s"
        },
        {
            "children": [
                6
            ],
            "translation": [
                -0.0,
                -1.0358209609985352,
                -0.0
            ],
            "rotation": [
                0.2983754873275757,
                -0.0,
                -0.0,
                -0.9544461965560912
            ],
            "scale": [
                1.0,
                0.9999917149543762,
                0.9999917149543762
            ],
            "name": "R_lowerLeg_s"
        },
        {
            "children": [
                7
            ],
            "translation": [
                -0.0,
                -1.63988196849823,
                0.0
            ],
            "rotation": [
                0.01104212272912264,
                -0.08929048478603363,
                0.992960512638092,
                0.07695650309324265
            ],
            "scale": [
                0.999975323677063,
                0.999975562095642,
                1.0
            ],
            "name": "R_ankle_s"
        },
        {
            "matrix": [
                -0.99976909160614,
                0.000015452505977009424,
                0.015861382707953454,
                0.0,
                0.015747783705592157,
                -0.11844588816165924,
                0.9927764534950256,
                0.0,
                0.0018949906807392836,
                0.992901086807251,
                0.11853603273630142,
                0.0,
                -0.001939999987371266,
                0.4784739911556244,
                -1.1223169565200806,
                1.0
            ],
            "name": "R_toes_s"
        },
        {
            "children": [
                9
            ],
            "translation": [
                1.3271600008010865,
                -0.05752899870276451,
                -0.0960099995136261
            ],
            "rotation": [
                0.06449952721595764,
                0.16114120185375217,
                0.9790579676628112,
                -0.10614586621522904
            ],
            "scale": [
                0.9998975396156312,
                0.9999001622200012,
                0.9999969601631165
            ],
            "name": "L_upperLeg_s"
        },
        {
            "children": [
                10
            ],
            "translation": [
                0.0,
                1.0358209609985352,
                -0.0
            ],
            "rotation": [
                0.2872762680053711,
                -0.0,
                -0.0,
                -0.9578468203544616
            ],
            "scale": [
                1.0,
                0.9999966621398926,
                0.9999966621398926
            ],
            "name": "L_lowerLeg_s"
        },
        {
            "children": [
                11
            ],
            "translation": [
                -0.0,
                1.6398810148239136,
                -0.0
            ],
            "rotation": [
                0.01079605519771576,
                -0.1044233813881874,
                0.990315318107605,
                0.09073608368635178
            ],
            "scale": [
                0.9999570846557616,
                0.9999573826789856,
                0.9999989867210388
            ],
            "name": "L_ankle_s"
        },
        {
            "matrix": [
                -0.9997693300247192,
                0.00001545250961498823,
                0.01586138643324375,
                0.0,
                0.01574777625501156,
                -0.11844583600759506,
                0.9927759766578674,
                0.0,
                0.0018949912628158928,
                0.9929013848304749,
                0.1185360699892044,
                0.0,
                0.0019389999797567728,
                -0.4784739911556244,
                1.1223169565200806,
                1.0
            ],
            "name": "L_toes_s"
        },
        {
            "children": [
                13
            ],
            "matrix": [
                0.9999535083770752,
                -0.009590902365744114,
                -0.0008601716253906488,
                0.0,
                0.009600989520549776,
                0.9998745322227478,
                0.012606220319867134,
                0.0,
                0.0007391524268314242,
                -0.012613893486559393,
                0.9999201893806458,
                0.0,
                -0.004224000032991171,
                0.45388299226760867,
                0.03932299837470055,
                1.0
            ],
            "name": "spine_lower_s"
        },
        {
            "children": [
                14
            ],
            "matrix": [
                0.999984323978424,
                0.005606136750429869,
                0.0006723536062054336,
                0.0,
                -0.005588789004832506,
                0.9997082352638244,
                -0.023499106988310819,
                0.0,
                -0.0008039007079787552,
                0.023494983091950418,
                0.9997239708900452,
                0.0,
                -0.000007000000096013537,
                0.5058630108833313,
                0.016161000356078149,
                1.0
            ],
            "name": "spine_mid_s"
        },
        {
            "children": [
                15
            ],
            "matrix": [
                0.9999990463256836,
                0.001353679341264069,
                0.0001818790042307228,
                0.0,
                -0.0013529525604099036,
                0.9999912977218628,
                -0.0039370437152683739,
                0.0,
                -0.00018720715888775885,
                0.003936794586479664,
                0.9999922513961792,
                0.0,
                0.0,
                0.4390270113945008,
                0.002595999976620078,
                1.0
            ],
            "name": "spine_upper_s"
        },
        {
            "children": [
                44,
                30,
                16
            ],
            "matrix": [
                0.9999970197677612,
                0.0025836038403213026,
                0.00001915193570312113,
                0.0,
                -0.0025836031418293716,
                0.999886691570282,
                0.014824960380792618,
                0.0,
                0.000019151924789184706,
                -0.01482495665550232,
                0.9998897910118104,
                0.0,
                -0.0037070000544190408,
                0.4961250126361847,
                0.006056000012904406,
                1.0
            ],
            "name": "chest_s"
        },
        {
            "children": [
                17
            ],
            "translation": [
                -0.0993340015411377,
                0.3787199854850769,
                0.0989299938082695
            ],
            "rotation": [
                0.9983431696891784,
                -0.003014284884557128,
                0.05527211353182793,
                0.014271711930632592
            ],
            "scale": [
                0.9999995231628418,
                0.999914288520813,
                0.9999136328697204
            ],
            "name": "R_clavicle_s"
        },
        {
            "children": [
                19,
                18
            ],
            "translation": [
                -3.171456098556519,
                -0.02589999884366989,
                0.05878299847245217
            ],
            "rotation": [
                0.87266606092453,
                0.4450374841690064,
                0.19586703181266786,
                -0.04490672051906586
            ],
            "scale": [
                0.9999932050704956,
                0.999975323677063,
                0.9999712705612184
            ],
            "name": "R_shoulder_s"
        },
        {
            "translation": [
                0.0,
                -0.03999999910593033,
                -0.000007999999979801942
            ],
            "rotation": [
                -0.0,
                -0.5530598163604736,
                -0.0,
                -0.8331416249275208
            ],
            "scale": [
                1.000000238418579,
                1.0,
                1.000000238418579
            ],
            "name": "R_shoulder_twist_s"
        },
        {
            "children": [
                29,
                20
            ],
            "translation": [
                0.0,
                -1.971691012382507,
                -0.0
            ],
            "rotation": [
                -0.007720007561147213,
                -0.004275226034224033,
                0.5542721748352051,
                -0.8322768807411194
            ],
            "scale": [
                0.9999728798866272,
                0.999972641468048,
                0.9999999403953552
            ],
            "name": "R_elbow_s"
        },
        {
            "children": [
                27,
                25,
                23,
                21
            ],
            "translation": [
                -0.0,
                -1.683264970779419,
                -0.0
            ],
            "rotation": [
                -0.0930110290646553,
                0.1958337128162384,
                0.03481762111186981,
                -0.9755945205688476
            ],
            "scale": [
                0.9999982118606569,
                0.9999996423721314,
                0.9999975562095642
            ],
            "name": "R_wrist_s"
        },
        {
            "children": [
                22
            ],
            "matrix": [
                -0.1539812833070755,
                0.1448259800672531,
                0.977336883544922,
                0.0,
                -0.9880071878433228,
                -0.024018043652176858,
                -0.152151495218277,
                0.0,
                0.0014928277814760805,
                -0.9891074895858764,
                0.1468612849712372,
                0.0,
                -1.555588960647583,
                -2.255461931228638,
                0.6304259896278381,
                1.0
            ],
            "name": "R_gunbone_01_s"
        },
        {
            "matrix": [
                1.0,
                0.0,
                0.0,
                0.0,
                0.0,
                1.0,
                0.0,
                0.0,
                0.0,
                0.0,
                1.0,
                0.0,
                0.0,
                0.9502170085906982,
                1.1854610443115237,
                1.0
            ],
            "name": "R_gunbone_02_s"
        },
        {
            "children": [
                24
            ],
            "matrix": [
                0.31502583622932436,
                0.742466926574707,
                0.5911661386489868,
                0.0,
                0.6037062406539917,
                0.3238762319087982,
                -0.728436291217804,
                0.0,
                -0.7323068976402283,
                0.5863643288612366,
                -0.346202164888382,
                0.0,
                -1.1273289918899537,
                -0.3757219910621643,
                0.307809978723526,
                1.0
            ],
            "name": "R_thumb_01_s"
        },
        {
            "matrix": [
                0.999527096748352,
                0.008877944201231003,
                -0.029437130317091947,
                0.0,
                0.025867290794849397,
                0.27477574348449709,
                0.9611192345619202,
                0.0,
                0.016620658338069917,
                -0.9614256620407105,
                0.2744160294532776,
                0.0,
                0.0,
                -1.0649880170822144,
                0.0,
                1.0
            ],
            "name": "R_thumb_02_s"
        },
        {
            "children": [
                26
            ],
            "matrix": [
                -0.9891440868377686,
                -0.04618221521377564,
                -0.1395569294691086,
                0.0,
                -0.0446125827729702,
                0.998900830745697,
                -0.014356269501149656,
                0.0,
                0.140066534280777,
                -0.00797433964908123,
                -0.9901172518730164,
                0.0,
                -0.5744699835777283,
                -1.4857749938964844,
                -0.07579900324344635,
                1.0
            ],
            "name": "R_index_01_s"
        },
        {
            "matrix": [
                0.998542308807373,
                -0.012817173264920712,
                -0.052430346608161929,
                0.0,
                0.05182329937815666,
                0.4991758465766907,
                0.8649430871009827,
                0.0,
                0.015085375867784024,
                -0.8663986325263977,
                0.49911201000213625,
                0.0,
                0.0,
                -0.6790199875831604,
                0.0,
                1.0
            ],
            "name": "R_index_02_s"
        },
        {
            "children": [
                28
            ],
            "matrix": [
                -0.9884827733039856,
                -0.1418814063072205,
                -0.051288001239299777,
                0.0,
                -0.12885607779026032,
                0.970853626728058,
                -0.2020823061466217,
                0.0,
                0.0784657672047615,
                -0.1931600421667099,
                -0.9779520630836488,
                0.0,
                0.2907339930534363,
                -1.521949052810669,
                0.012657999992370606,
                1.0
            ],
            "name": "R_middle_01_s"
        },
        {
            "matrix": [
                0.9975389838218688,
                0.011195125989615918,
                0.06921430677175522,
                0.0,
                -0.06980833411216736,
                0.250672459602356,
                0.9655138850212096,
                0.0,
                -0.006538036745041609,
                -0.9679697155952454,
                0.25083720684051516,
                0.0,
                0.0,
                -0.6434440016746521,
                -0.0,
                1.0
            ],
            "name": "R_middle_02_s"
        },
        {
            "matrix": [
                0.9861454367637634,
                0.0,
                0.16588447988033296,
                0.0,
                -0.0,
                1.0,
                0.0,
                0.0,
                -0.16588447988033296,
                -0.0,
                0.9861454367637634,
                0.0,
                -0.0,
                -0.5610880255699158,
                -0.0,
                1.0
            ],
            "name": "R_forearm_twist_s"
        },
        {
            "children": [
                31
            ],
            "translation": [
                0.0993340015411377,
                0.378717988729477,
                0.0989299938082695
            ],
            "rotation": [
                0.0019069577101618052,
                -0.015532475896179676,
                -0.003721643006429076,
                -0.9998705983161926
            ],
            "scale": [
                0.999999701976776,
                1.0000001192092896,
                1.0000001192092896
            ],
            "name": "L_clavicle_s"
        },
        {
            "children": [
                33,
                32
            ],
            "translation": [
                3.171458005905152,
                0.02590399980545044,
                -0.05878299847245217
            ],
            "rotation": [
                0.8137951493263245,
                0.34762680530548098,
                0.4147101640701294,
                -0.21183043718338016
            ],
            "scale": [
                0.999978482723236,
                0.9999389052391052,
                0.9999434947967528
            ],
            "name": "L_shoulder_s"
        },
        {
            "translation": [
                0.0,
                0.03999999910593033,
                -0.0
            ],
            "rotation": [
                -0.0,
                -0.2968414723873139,
                -0.0,
                -0.9549254775047302
            ],
            "scale": [
                0.9999954700469972,
                1.0,
                0.9999954700469972
            ],
            "name": "L_shoulder_twist_s"
        },
        {
            "children": [
                43,
                34
            ],
            "translation": [
                0.0,
                1.971688985824585,
                0.0
            ],
            "rotation": [
                -0.007781755179166794,
                -0.004121559672057629,
                0.5398322939872742,
                -0.8417256474494934
            ],
            "scale": [
                0.99999737739563,
                0.9999980926513672,
                0.9999998211860656
            ],
            "name": "L_elbow_s"
        },
        {
            "children": [
                41,
                39,
                37,
                35
            ],
            "translation": [
                0.0,
                1.68326997756958,
                -0.0
            ],
            "rotation": [
                -0.1728549897670746,
                0.20576509833335877,
                0.01873108558356762,
                -0.9630300998687744
            ],
            "scale": [
                0.999995768070221,
                0.9999972581863404,
                0.9999920725822448
            ],
            "name": "L_wrist_s"
        },
        {
            "children": [
                36
            ],
            "matrix": [
                -0.24761152267456056,
                0.25762689113616946,
                0.9338589310646056,
                0.0,
                -0.9682117700576782,
                -0.03381587192416191,
                -0.24745997786521913,
                0.0,
                -0.03209158405661583,
                -0.9655557870864868,
                0.2579493224620819,
                0.0,
                1.5024549961090088,
                2.2080349922180177,
                -0.6697499752044678,
                1.0
            ],
            "name": "L_gunbone_01_s"
        },
        {
            "matrix": [
                1.0,
                0.0,
                0.0,
                0.0,
                0.0,
                1.0,
                0.0,
                0.0,
                0.0,
                0.0,
                1.0,
                0.0,
                0.0,
                -0.950219988822937,
                -1.185459017753601,
                1.0
            ],
            "name": "L_gunbone_02_s"
        },
        {
            "children": [
                38
            ],
            "matrix": [
                0.31503337621688845,
                0.7424319982528687,
                0.5912017822265625,
                0.0,
                0.6037411093711853,
                0.32388368248939516,
                -0.7284004092216492,
                0.0,
                -0.7322716116905212,
                0.5864003896713257,
                -0.3462023138999939,
                0.0,
                1.1273289918899537,
                0.3757190108299256,
                -0.3078089952468872,
                1.0
            ],
            "name": "L_thumb_01_s"
        },
        {
            "matrix": [
                0.9995275139808656,
                0.008877947926521302,
                -0.029437143355607988,
                0.0,
                0.02586727775633335,
                0.2747756242752075,
                0.9611186385154724,
                0.0,
                0.016620660200715066,
                -0.9614258408546448,
                0.2744160592556,
                0.0,
                0.0,
                1.0649909973144532,
                0.0,
                1.0
            ],
            "name": "L_thumb_02_s"
        },
        {
            "children": [
                40
            ],
            "matrix": [
                -0.9891440868377686,
                -0.04618221521377564,
                -0.1395569294691086,
                0.0,
                -0.0446125827729702,
                0.998900830745697,
                -0.014356269501149656,
                0.0,
                0.140066534280777,
                -0.00797433964908123,
                -0.9901172518730164,
                0.0,
                0.5744699835777283,
                1.4857699871063233,
                0.07580799609422684,
                1.0
            ],
            "name": "L_index_01_s"
        },
        {
            "matrix": [
                0.998542308807373,
                -0.012817173264920712,
                -0.052430346608161929,
                0.0,
                0.05182326957583428,
                0.49917560815811159,
                0.864942729473114,
                0.0,
                0.015085389837622645,
                -0.8663994073867798,
                0.49911242723464968,
                0.0,
                -0.0,
                0.6790210008621216,
                -0.0,
                1.0
            ],
            "name": "L_index_02_s"
        },
        {
            "children": [
                42
            ],
            "matrix": [
                -0.9884822368621826,
                -0.1418813169002533,
                -0.05128796771168709,
                0.0,
                -0.1288561224937439,
                0.9708539843559264,
                -0.20208238065242768,
                0.0,
                0.07846581935882569,
                -0.19316016137599946,
                -0.9779527187347412,
                0.0,
                -0.2907339930534363,
                1.5219470262527466,
                -0.012652999721467497,
                1.0
            ],
            "name": "L_middle_01_s"
        },
        {
            "matrix": [
                0.9975388646125794,
                0.011195125058293345,
                0.06921429932117462,
                0.0,
                -0.06980833411216736,
                0.250672459602356,
                0.9655138850212096,
                0.0,
                -0.006538036745041609,
                -0.9679697155952454,
                0.25083720684051516,
                0.0,
                -0.0,
                0.6434450149536133,
                0.0,
                1.0
            ],
            "name": "L_middle_02_s"
        },
        {
            "matrix": [
                0.985102117061615,
                0.0,
                0.1719668805599213,
                0.0,
                -0.0,
                1.0,
                0.0,
                0.0,
                -0.1719668805599213,
                -0.0,
                0.985102117061615,
                0.0,
                0.0,
                0.5610899925231934,
                0.0,
                1.0
            ],
            "name": "L_forearm_twist_s"
        },
        {
            "children": [
                45
            ],
            "matrix": [
                1.0,
                0.0,
                0.0,
                0.0,
                0.0,
                1.0,
                0.0,
                0.0,
                0.0,
                0.0,
                1.0,
                0.0,
                -0.0,
                0.7968209981918335,
                -0.31887200474739077,
                1.0
            ],
            "name": "neck_s"
        },
        {
            "children": [
                46
            ],
            "translation": [
                0.0,
                0.47194400429725649,
                -0.0
            ],
            "rotation": [
                0.08276984095573425,
                -0.0004613703931681812,
                0.004459911957383156,
                -0.9965586066246032
            ],
            "scale": [
                0.9999997615814208,
                1.0,
                1.0000001192092896
            ],
            "name": "head_s"
        },
        {
            "children": [
                47
            ],
            "matrix": [
                1.0,
                0.0,
                0.0,
                0.0,
                0.0,
                1.0,
                0.0,
                0.0,
                0.0,
                0.0,
                1.0,
                0.0,
                -0.0,
                1.352275013923645,
                -0.1159610003232956,
                1.0
            ],
            "name": "hat_01_s"
        },
        {
            "translation": [
                1.1953259706497193,
                1.987154006958008,
                1.0935800075531006
            ],
            "rotation": [
                0.9088374376296996,
                0.3166536688804627,
                -0.24418772757053376,
                -0.11857208609580994
            ],
            "scale": [
                0.9999818205833436,
                0.9998973608016968,
                0.999892234802246
            ],
            "name": "feather_s"
        },
        {
            "children": [
                56,
                55,
                54,
                53,
                52,
                51,
                50,
                49
            ],
            "name": "GEO"
        },
        {
            "mesh": 0,
            "skin": 0,
            "name": "gunGeo"
        },
        {
            "mesh": 1,
            "skin": 1,
            "name": "legsGeo"
        },
        {
            "mesh": 2,
            "skin": 2,
            "name": "armsGeo"
        },
        {
            "mesh": 3,
            "skin": 3,
            "name": "headGeo"
        },
        {
            "mesh": 4,
            "skin": 4,
            "name": "bodyGeo"
        },
        {
            "mesh": 5,
            "skin": 5,
            "name": "daggerGeo"
        },
        {
            "mesh": 6,
            "skin": 6,
            "name": "featherGeo"
        },
        {
            "mesh": 7,
            "skin": 7,
            "name": "hatGeo"
        }
    ],
    "meshes": [
        {
            "primitives": [
                {
                    "attributes": {
                        "JOINTS_0": 1,
                        "NORMAL": 2,
                        "POSITION": 3,
                        "WEIGHTS_0": 4
                    },
                    "indices": 0,
                    "mode": 4,
                    "material": 0
                },
                {
                    "attributes": {
                        "JOINTS_0": 6,
                        "NORMAL": 7,
                        "POSITION": 8,
                        "WEIGHTS_0": 9
                    },
                    "indices": 5,
                    "mode": 4,
                    "material": 1
                }
            ],
            "name": "gunGeo-mesh"
        },
        {
            "primitives": [
                {
                    "attributes": {
                        "JOINTS_0": 11,
                        "NORMAL": 12,
                        "POSITION": 13,
                        "WEIGHTS_0": 14
                    },
                    "indices": 10,
                    "mode": 4,
                    "material": 0
                }
            ],
            "name": "legsGeo-mesh"
        },
        {
            "primitives": [
                {
                    "attributes": {
                        "JOINTS_0": 16,
                        "NORMAL": 17,
                        "POSITION": 18,
                        "WEIGHTS_0": 19
                    },
                    "indices": 15,
                    "mode": 4,
                    "material": 0
                },
                {
                    "attributes": {
                        "JOINTS_0": 21,
                        "NORMAL": 22,
                        "POSITION": 23,
                        "WEIGHTS_0": 24
                    },
                    "indices": 20,
                    "mode": 4,
                    "material": 1
                }
            ],
            "name": "armsGeo-mesh"
        },
        {
            "primitives": [
                {
                    "attributes": {
                        "JOINTS_0": 26,
                        "NORMAL": 27,
                        "POSITION": 28,
                        "WEIGHTS_0": 29
                    },
                    "indices": 25,
                    "mode": 4,
                    "material": 0
                },
                {
                    "attributes": {
                        "JOINTS_0": 31,
                        "NORMAL": 32,
                        "POSITION": 33,
                        "WEIGHTS_0": 34
                    },
                    "indices": 30,
                    "mode": 4,
                    "material": 1
                }
            ],
            "name": "headGeo-mesh"
        },
        {
            "primitives": [
                {
                    "attributes": {
                        "JOINTS_0": 36,
                        "NORMAL": 37,
                        "POSITION": 38,
                        "WEIGHTS_0": 39
                    },
                    "indices": 35,
                    "mode": 4,
                    "material": 0
                },
                {
                    "attributes": {
                        "JOINTS_0": 41,
                        "NORMAL": 42,
                        "POSITION": 43,
                        "WEIGHTS_0": 44
                    },
                    "indices": 40,
                    "mode": 4,
                    "material": 1
                }
            ],
            "name": "bodyGeo-mesh"
        },
        {
            "primitives": [
                {
                    "attributes": {
                        "JOINTS_0": 46,
                        "NORMAL": 47,
                        "POSITION": 48,
                        "WEIGHTS_0": 49
                    },
                    "indices": 45,
                    "mode": 4,
                    "material": 0
                },
                {
                    "attributes": {
                        "JOINTS_0": 51,
                        "NORMAL": 52,
                        "POSITION": 53,
                        "WEIGHTS_0": 54
                    },
                    "indices": 50,
                    "mode": 4,
                    "material": 1
                }
            ],
            "name": "daggerGeo-mesh"
        },
        {
            "primitives": [
                {
                    "attributes": {
                        "JOINTS_0": 56,
                        "NORMAL": 57,
                        "POSITION": 58,
                        "WEIGHTS_0": 59
                    },
                    "indices": 55,
                    "mode": 4,
                    "material": 0
                }
            ],
            "name": "featherGeo-mesh"
        },
        {
            "primitives": [
                {
                    "attributes": {
                        "JOINTS_0": 61,
                        "NORMAL": 62,
                        "POSITION": 63,
                        "WEIGHTS_0": 64
                    },
                    "indices": 60,
                    "mode": 4,
                    "material": 0
                }
            ],
            "name": "hatGeo-mesh"
        }
    ],
    "animations": [
        {
            "channels": [
                {
                    "sampler": 0,
                    "target": {
                        "node": 3,
                        "path": "translation"
                    }
                },
                {
                    "sampler": 1,
                    "target": {
                        "node": 3,
                        "path": "rotation"
                    }
                },
                {
                    "sampler": 2,
                    "target": {
                        "node": 3,
                        "path": "scale"
                    }
                },
                {
                    "sampler": 3,
                    "target": {
                        "node": 45,
                        "path": "translation"
                    }
                },
                {
                    "sampler": 4,
                    "target": {
                        "node": 45,
                        "path": "rotation"
                    }
                },
                {
                    "sampler": 5,
                    "target": {
                        "node": 45,
                        "path": "scale"
                    }
                },
                {
                    "sampler": 6,
                    "target": {
                        "node": 47,
                        "path": "translation"
                    }
                },
                {
                    "sampler": 7,
                    "target": {
                        "node": 47,
                        "path": "rotation"
                    }
                },
                {
                    "sampler": 8,
                    "target": {
                        "node": 47,
                        "path": "scale"
                    }
                },
                {
                    "sampler": 9,
                    "target": {
                        "node": 30,
                        "path": "translation"
                    }
                },
                {
                    "sampler": 10,
                    "target": {
                        "node": 30,
                        "path": "rotation"
                    }
                },
                {
                    "sampler": 11,
                    "target": {
                        "node": 30,
                        "path": "scale"
                    }
                },
                {
                    "sampler": 12,
                    "target": {
                        "node": 31,
                        "path": "translation"
                    }
                },
                {
                    "sampler": 13,
                    "target": {
                        "node": 31,
                        "path": "rotation"
                    }
                },
                {
                    "sampler": 14,
                    "target": {
                        "node": 31,
                        "path": "scale"
                    }
                },
                {
                    "sampler": 15,
                    "target": {
                        "node": 33,
                        "path": "translation"
                    }
                },
                {
                    "sampler": 16,
                    "target": {
                        "node": 33,
                        "path": "rotation"
                    }
                },
                {
                    "sampler": 17,
                    "target": {
                        "node": 33,
                        "path": "scale"
                    }
                },
                {
                    "sampler": 18,
                    "target": {
                        "node": 34,
                        "path": "translation"
                    }
                },
                {
                    "sampler": 19,
                    "target": {
                        "node": 34,
                        "path": "rotation"
                    }
                },
                {
                    "sampler": 20,
                    "target": {
                        "node": 34,
                        "path": "scale"
                    }
                },
                {
                    "sampler": 21,
                    "target": {
                        "node": 32,
                        "path": "translation"
                    }
                },
                {
                    "sampler": 22,
                    "target": {
                        "node": 32,
                        "path": "rotation"
                    }
                },
                {
                    "sampler": 23,
                    "target": {
                        "node": 32,
                        "path": "scale"
                    }
                },
                {
                    "sampler": 24,
                    "target": {
                        "node": 16,
                        "path": "translation"
                    }
                },
                {
                    "sampler": 25,
                    "target": {
                        "node": 16,
                        "path": "rotation"
                    }
                },
                {
                    "sampler": 26,
                    "target": {
                        "node": 16,
                        "path": "scale"
                    }
                },
                {
                    "sampler": 27,
                    "target": {
                        "node": 17,
                        "path": "translation"
                    }
                },
                {
                    "sampler": 28,
                    "target": {
                        "node": 17,
                        "path": "rotation"
                    }
                },
                {
                    "sampler": 29,
