{
    "asset": {
        "generator": "COLLADA2GLTF",
        "version": "2.0"
    },
    "scenes": [
        {
            "nodes": [
                0
            ]
        }
    ],
    "scene": 0,
    "nodes": [
        {
            "children": [
                1
            ],
            "name": "Y_UP"
        },
        {
            "children": [
                48,
                2
            ],
            "name": "CHARACTER"
        },
        {
            "children": [
                3
            ],
            "name": "Root"
        },
        {
            "children": [
                12,
                8,
                4
            ],
            "translation": [
                0.0956220030784607,
                3.7013890743255617,
                -0.0793600007891655
            ],
            "rotation": [
                -0.11497010290622713,
                -0.060714542865753177,
                0.017377765849232678,
                -0.991358995437622
            ],
            "scale": [
                0.999999463558197,
                0.9999983906745912,
                0.999998152256012
            ],
            "name": "hips_s"
        },
        {
            "children": [
                5
            ],
            "translation": [
                -1.3271600008010865,
                -0.05752800032496452,
                -0.09601099789142609
            ],
            "rotation": [
                -0.1326899826526642,
                0.8667912483215332,
                0.4801630973815918,
                0.02196120098233223
            ],
            "scale": [
                0.9999459981918336,
                0.9999862909317016,
                0.9999579191207886
            ],
            "name": "R_upperLeg_s"
        },
        {
            "children": [
                6
            ],
            "translation": [
                -0.0,
                -1.0879019498825074,
                -0.0
            ],
            "rotation": [
                -0.0,
                -0.0,
                -0.0,
                -1.0
            ],
            "name": "R_lowerLeg_s"
        },
        {
            "children": [
                7
            ],
            "translation": [
                -0.0,
                -1.7223360538482669,
                0.0
            ],
            "rotation": [
                -0.016947653144598008,
                0.2583671510219574,
                0.9638019800186156,
                -0.06323844939470291
            ],
            "scale": [
                0.999908983707428,
                0.9999148845672609,
                0.999993622303009
            ],
            "name": "R_ankle_s"
        },
        {
            "matrix": [
                -0.99976909160614,
                0.000015452505977009424,
                0.015861382707953454,
                0.0,
                0.015747783705592157,
                -0.11844588816165924,
                0.9927764534950256,
                0.0,
                0.0018949906807392836,
                0.992901086807251,
                0.11853603273630142,
                0.0,
                -0.001939999987371266,
                0.4784739911556244,
                -1.1223169565200806,
                1.0
            ],
            "name": "R_toes_s"
        },
        {
            "children": [
                9
            ],
            "translation": [
                1.3271600008010865,
                -0.05752899870276451,
                -0.0960099995136261
            ],
            "rotation": [
                -0.1051308810710907,
                0.4069898724555969,
                0.9060999751091005,
                0.04776715859770775
            ],
            "scale": [
                0.9999845027923584,
                0.9999863505363464,
                0.9999974966049194
            ],
            "name": "L_upperLeg_s"
        },
        {
            "children": [
                10
            ],
            "translation": [
                0.0,
                1.391126036643982,
                -0.0
            ],
            "rotation": [
                -0.0,
                -0.0,
                -0.0,
                -1.0
            ],
            "name": "L_lowerLeg_s"
        },
        {
            "children": [
                11
            ],
            "translation": [
                -0.0,
                2.2023909091949465,
                -0.0
            ],
            "rotation": [
                -0.001353352447040379,
                0.030358154326677324,
                0.9984970688819884,
                -0.045183490961790088
            ],
            "scale": [
                0.9999222755432128,
                0.9999231696128844,
                1.000000238418579
            ],
            "name": "L_ankle_s"
        },
        {
            "matrix": [
                -0.9997693300247192,
                0.00001545250961498823,
                0.01586138643324375,
                0.0,
                0.01574777625501156,
                -0.11844583600759506,
                0.9927759766578674,
                0.0,
                0.0018949912628158928,
                0.9929013848304749,
                0.1185360699892044,
                0.0,
                0.0019389999797567728,
                -0.4784739911556244,
                1.1223169565200806,
                1.0
            ],
            "name": "L_toes_s"
        },
        {
            "children": [
                13
            ],
            "translation": [
                -0.0017750000115484,
                0.45382198691368105,
                0.039827000349760059
            ],
            "rotation": [
                -0.005720940418541431,
                -0.00003075775384786539,
                0.0020300119649618866,
                -0.9999815821647644
            ],
            "scale": [
                1.0000003576278689,
                0.9999998807907105,
                0.999999701976776
            ],
            "name": "spine_lower_s"
        },
        {
            "children": [
                14
            ],
            "translation": [
                -0.00001700000029813964,
                0.5058760046958923,
                0.016161000356078149
            ],
            "rotation": [
                0.011380204930901528,
                0.0008304474758915603,
                -0.001199535559862852,
                -0.999934196472168
            ],
            "scale": [
                1.000000238418579,
                1.000000238418579,
                0.9999996423721314
            ],
            "name": "spine_mid_s"
        },
        {
            "children": [
                15
            ],
            "translation": [
                0.0000019999999949504856,
                0.4390259981155396,
                0.002595999976620078
            ],
            "rotation": [
                0.0019069486297667029,
                0.0003690867742989212,
                -0.00027681508800014853,
                -0.9999979138374328
            ],
            "scale": [
                0.999999463558197,
                0.9999995231628418,
                0.9999996423721314
            ],
            "name": "spine_upper_s"
        },
        {
            "children": [
                44,
                30,
                16
            ],
            "translation": [
                -0.0015529999509453774,
                0.4961279928684235,
                0.006504000164568424
            ],
            "rotation": [
                -0.007566488813608885,
                -0.0011380494106560946,
                -0.0005228874506428838,
                -0.9999706149101256
            ],
            "scale": [
                1.000000238418579,
                0.9999999403953552,
                1.0
            ],
            "name": "chest_s"
        },
        {
            "children": [
                17
            ],
            "translation": [
                -0.10184700042009354,
                0.3960750102996826,
                0.07077199965715409
            ],
            "rotation": [
                0.99794340133667,
                -0.05616411566734314,
                -0.030204351991415025,
                0.00513658719137311
            ],
            "scale": [
                0.9999997615814208,
                0.9999684691429138,
                0.999967873096466
            ],
            "name": "R_clavicle_s"
        },
        {
            "children": [
                19,
                18
            ],
            "translation": [
                -3.171456098556519,
                -0.02589999884366989,
                0.05878299847245217
            ],
            "rotation": [
                0.7605223655700684,
                0.2884792685508728,
                0.5508448481559753,
                -0.1868240386247635
            ],
            "scale": [
                0.9999595880508424,
                0.9999083876609802,
                0.99993097782135
            ],
            "name": "R_shoulder_s"
        },
        {
            "translation": [
                0.0,
                -0.03999999910593033,
                -0.000007999999979801942
            ],
            "rotation": [
                -0.0,
                -0.16326026618480686,
                -0.0,
                -0.986582577228546
            ],
            "scale": [
                0.9999982118606569,
                1.0,
                0.9999982118606569
            ],
            "name": "R_shoulder_twist_s"
        },
        {
            "children": [
                29,
                20
            ],
            "translation": [
                0.0,
                -1.971691012382507,
                -0.0
            ],
            "rotation": [
                -0.008058412000536919,
                -0.0035370877012610437,
                0.4757230579853058,
                -0.8795451521873474
            ],
            "scale": [
                0.9999836683273317,
                0.9999839663505554,
                0.9999998211860656
            ],
            "name": "R_elbow_s"
        },
        {
            "children": [
                27,
                25,
                23,
                21
            ],
            "translation": [
                0.0,
                -1.683264970779419,
                -0.0
            ],
            "rotation": [
                -0.014578917995095252,
                0.37526896595954897,
                0.17276336252689362,
                -0.9105519652366638
            ],
            "scale": [
                0.9999857544898988,
                0.9999971389770508,
                0.9999881982803344
            ],
            "name": "R_wrist_s"
        },
        {
            "children": [
                22
            ],
            "matrix": [
                -0.1539812833070755,
                0.1448259800672531,
                0.977336883544922,
                0.0,
                -0.9880071878433228,
                -0.024018043652176858,
                -0.152151495218277,
                0.0,
                0.0014928277814760805,
                -0.9891074895858764,
                0.1468612849712372,
                0.0,
                -1.555588960647583,
                -2.255461931228638,
                0.6304259896278381,
                1.0
            ],
            "name": "R_gunbone_01_s"
        },
        {
            "matrix": [
                1.0,
                0.0,
                0.0,
                0.0,
                0.0,
                1.0,
                0.0,
                0.0,
                0.0,
                0.0,
                1.0,
                0.0,
                -0.0,
                0.9502170085906982,
                1.1854610443115237,
                1.0
            ],
            "name": "R_gunbone_02_s"
        },
        {
            "children": [
                24
            ],
            "matrix": [
                0.31502583622932436,
                0.742466926574707,
                0.5911661386489868,
                0.0,
                0.6037062406539917,
                0.3238762319087982,
                -0.728436291217804,
                0.0,
                -0.7323068976402283,
                0.5863643288612366,
                -0.346202164888382,
                0.0,
                -1.1273289918899537,
                -0.3757219910621643,
                0.307809978723526,
                1.0
            ],
            "name": "R_thumb_01_s"
        },
        {
            "matrix": [
                0.999527096748352,
                0.008877944201231003,
                -0.029437130317091947,
                0.0,
                0.025867290794849397,
                0.27477574348449709,
                0.9611192345619202,
                0.0,
                0.016620658338069917,
                -0.9614256620407105,
                0.2744160294532776,
                0.0,
                -0.0,
                -1.0649880170822144,
                0.0,
                1.0
            ],
            "name": "R_thumb_02_s"
        },
        {
            "children": [
                26
            ],
            "matrix": [
                -0.9891440868377686,
                -0.04618221521377564,
                -0.1395569294691086,
                0.0,
                -0.0446125827729702,
                0.998900830745697,
                -0.014356269501149656,
                0.0,
                0.140066534280777,
                -0.00797433964908123,
                -0.9901172518730164,
                0.0,
                -0.5744699835777283,
                -1.4857749938964844,
                -0.07579900324344635,
                1.0
            ],
            "name": "R_index_01_s"
        },
        {
            "matrix": [
                0.998542308807373,
                -0.012817173264920712,
                -0.052430346608161929,
                0.0,
                0.05182329937815666,
                0.4991758465766907,
                0.8649430871009827,
                0.0,
                0.015085375867784024,
                -0.8663986325263977,
                0.49911201000213625,
                0.0,
                -0.0,
                -0.6790199875831604,
                0.0,
                1.0
            ],
            "name": "R_index_02_s"
        },
        {
            "children": [
                28
            ],
            "matrix": [
                -0.9884827733039856,
                -0.1418814063072205,
                -0.051288001239299777,
                0.0,
                -0.12885607779026032,
                0.970853626728058,
                -0.2020823061466217,
                0.0,
                0.0784657672047615,
                -0.1931600421667099,
                -0.9779520630836488,
                0.0,
                0.2907339930534363,
                -1.521949052810669,
                0.012657999992370606,
                1.0
            ],
            "name": "R_middle_01_s"
        },
        {
            "matrix": [
                0.9975389838218688,
                0.011195125989615918,
                0.06921430677175522,
                0.0,
                -0.06980833411216736,
                0.250672459602356,
                0.9655138850212096,
                0.0,
                -0.006538036745041609,
                -0.9679697155952454,
                0.25083720684051516,
                0.0,
                0.0,
                -0.6434440016746521,
                -0.0,
                1.0
            ],
            "name": "R_middle_02_s"
        },
        {
            "translation": [
                0.0,
                -0.5610880255699158,
                -0.0
            ],
            "rotation": [
                -0.0,
                0.14477643370628358,
                -0.0,
                -0.9894641041755676
            ],
            "scale": [
                0.999998927116394,
                1.0,
                0.999998927116394
            ],
            "name": "R_forearm_twist_s"
        },
        {
            "children": [
                31
            ],
            "translation": [
                0.09682100266218186,
                0.39607301354408266,
                0.07077199965715409
            ],
            "rotation": [
                -0.008673618547618389,
                -0.02454449981451035,
                -0.028635244816541673,
                -0.999250829219818
            ],
            "scale": [
                0.999999701976776,
                0.9999997615814208,
                0.9999998807907105
            ],
            "name": "L_clavicle_s"
        },
        {
            "children": [
                33,
                32
            ],
            "translation": [
                3.171458005905152,
                0.02590399980545044,
                -0.05878299847245217
            ],
            "rotation": [
                0.6455487012863159,
                0.3484265208244324,
                0.6606510281562805,
                -0.15929560363292698
            ],
            "scale": [
                0.999965488910675,
                0.9999474883079528,
                0.99996680021286
            ],
            "name": "L_shoulder_s"
        },
        {
            "translation": [
                0.0,
                0.03999999910593033,
                -0.0
            ],
            "rotation": [
                -0.0,
                -0.04207686334848404,
                -0.0,
                -0.9991143941879273
            ],
            "scale": [
                1.000000238418579,
                1.0,
                1.000000238418579
            ],
            "name": "L_shoulder_twist_s"
        },
        {
            "children": [
                43,
                34
            ],
            "translation": [
                0.0,
                1.971688985824585,
                0.0
            ],
            "rotation": [
                -0.008304433897137642,
                -0.0029219314455986025,
                0.4068558216094971,
                -0.9134450554847716
            ],
            "scale": [
                0.9999851584434508,
                0.9999847412109376,
                0.9999998211860656
            ],
            "name": "L_elbow_s"
        },
        {
            "children": [
                41,
                39,
                37,
                35
            ],
            "translation": [
                0.0,
                1.68326997756958,
                0.0
            ],
            "rotation": [
                -0.03121832013130188,
                0.39365851879119875,
                0.1356382668018341,
                -0.9086521863937378
            ],
            "scale": [
                0.9999810457229614,
                0.9999974370002748,
                0.9999823570251464
            ],
            "name": "L_wrist_s"
        },
        {
            "children": [
                36
            ],
            "matrix": [
                -0.24761152267456056,
                0.25762689113616946,
                0.9338589310646056,
                0.0,
                -0.9682117700576782,
                -0.03381587192416191,
                -0.24745997786521913,
                0.0,
                -0.03209158405661583,
                -0.9655557870864868,
                0.2579493224620819,
                0.0,
                1.5024549961090088,
                2.2080349922180177,
                -0.6697499752044678,
                1.0
            ],
            "name": "L_gunbone_01_s"
        },
        {
            "matrix": [
                1.0,
                0.0,
                0.0,
                0.0,
                0.0,
                1.0,
                0.0,
                0.0,
                0.0,
                0.0,
                1.0,
                0.0,
                -0.0,
                -0.950219988822937,
                -1.185459017753601,
                1.0
            ],
            "name": "L_gunbone_02_s"
        },
        {
            "children": [
                38
            ],
            "matrix": [
                0.31503337621688845,
                0.7424319982528687,
                0.5912017822265625,
                0.0,
                0.6037411093711853,
                0.32388368248939516,
                -0.7284004092216492,
                0.0,
                -0.7322716116905212,
                0.5864003896713257,
                -0.3462023138999939,
                0.0,
                1.1273289918899537,
                0.3757190108299256,
                -0.3078089952468872,
                1.0
            ],
            "name": "L_thumb_01_s"
        },
        {
            "matrix": [
                0.9995275139808656,
                0.008877947926521302,
                -0.029437143355607988,
                0.0,
                0.02586727775633335,
                0.2747756242752075,
                0.9611186385154724,
                0.0,
                0.016620660200715066,
                -0.9614258408546448,
                0.2744160592556,
                0.0,
                0.0,
                1.0649909973144532,
                -0.0,
                1.0
            ],
            "name": "L_thumb_02_s"
        },
        {
            "children": [
                40
            ],
            "matrix": [
                -0.9891440868377686,
                -0.04618221521377564,
                -0.1395569294691086,
                0.0,
                -0.0446125827729702,
                0.998900830745697,
                -0.014356269501149656,
                0.0,
                0.140066534280777,
                -0.00797433964908123,
                -0.9901172518730164,
                0.0,
                0.5744699835777283,
                1.4857699871063233,
                0.07580799609422684,
                1.0
            ],
            "name": "L_index_01_s"
        },
        {
            "matrix": [
                0.998542308807373,
                -0.012817173264920712,
                -0.052430346608161929,
                0.0,
                0.05182326957583428,
                0.49917560815811159,
                0.864942729473114,
                0.0,
                0.015085389837622645,
                -0.8663994073867798,
                0.49911242723464968,
                0.0,
                -0.0,
                0.6790210008621216,
                -0.0,
                1.0
            ],
            "name": "L_index_02_s"
        },
        {
            "children": [
                42
            ],
            "matrix": [
                -0.9884822368621826,
                -0.1418813169002533,
                -0.05128796771168709,
                0.0,
                -0.1288561224937439,
                0.9708539843559264,
                -0.20208238065242768,
                0.0,
                0.07846581935882569,
                -0.19316016137599946,
                -0.9779527187347412,
                0.0,
                -0.2907339930534363,
                1.5219470262527466,
                -0.012652999721467497,
                1.0
            ],
            "name": "L_middle_01_s"
        },
        {
            "matrix": [
                0.9975388646125794,
                0.011195125058293345,
                0.06921429932117462,
                0.0,
                -0.06980833411216736,
                0.250672459602356,
                0.9655138850212096,
                0.0,
                -0.006538036745041609,
                -0.9679697155952454,
                0.25083720684051516,
                0.0,
                0.0,
                0.6434450149536133,
                0.0,
                1.0
            ],
            "name": "L_middle_02_s"
        },
        {
            "translation": [
                -0.0,
                0.5610899925231934,
                0.0
            ],
            "rotation": [
                -0.0,
                0.15123280882835389,
                -0.0,
                -0.9884974360466005
            ],
            "scale": [
                0.999997079372406,
                1.0,
                0.999997079372406
            ],
            "name": "L_forearm_twist_s"
        },
        {
            "children": [
                45
            ],
            "matrix": [
                1.0,
                0.0,
                0.0,
                0.0,
                0.0,
                1.0,
                0.0,
                0.0,
                0.0,
                0.0,
                1.0,
                0.0,
                -0.0,
                0.7968209981918335,
                -0.31887200474739077,
                1.0
            ],
            "name": "neck_s"
        },
        {
            "children": [
                46
            ],
            "translation": [
                -0.03375399857759476,
                0.51493901014328,
                0.04268199950456619
            ],
            "rotation": [
                0.07040522992610932,
                0.05059703066945076,
                -0.016640115529298784,
                -0.9960955381393432
            ],
            "scale": [
                1.0,
                1.0000001192092896,
                1.000000238418579
            ],
            "name": "head_s"
        },
        {
            "children": [
                47
            ],
            "translation": [
                -0.04198100045323372,
                1.3741810321807862,
                -0.04957199841737747
            ],
            "rotation": [
                -0.00510579627007246,
                0.0036294199526309969,
                -0.0009842496365308762,
                -0.9999799132347108
            ],
            "scale": [
                0.9999995827674866,
                1.0000003576278689,
                1.0000001192092896
            ],
            "name": "hat_01_s"
        },
        {
            "translation": [
                1.1953539848327637,
                1.976773977279663,
                1.094622015953064
            ],
            "rotation": [
                0.9221555590629578,
                0.3312021493911743,
                -0.17719683051109318,
                -0.09202790260314942
            ],
            "scale": [
                0.9999815225601196,
                0.9998825192451476,
                0.9998723268508912
            ],
            "name": "feather_s"
        },
        {
            "children": [
                56,
                55,
                54,
                53,
                52,
                51,
                50,
                49
            ],
            "name": "GEO"
        },
        {
            "mesh": 0,
            "skin": 0,
            "name": "gunGeo"
        },
        {
            "mesh": 1,
            "skin": 1,
            "name": "legsGeo"
        },
        {
            "mesh": 2,
            "skin": 2,
            "name": "armsGeo"
        },
        {
            "mesh": 3,
            "skin": 3,
            "name": "headGeo"
        },
        {
            "mesh": 4,
            "skin": 4,
            "name": "bodyGeo"
        },
        {
            "mesh": 5,
            "skin": 5,
            "name": "daggerGeo"
        },
        {
            "mesh": 6,
            "skin": 6,
            "name": "featherGeo"
        },
        {
            "mesh": 7,
            "skin": 7,
            "name": "hatGeo"
        }
    ],
    "meshes": [
        {
            "primitives": [
                {
                    "attributes": {
                        "JOINTS_0": 1,
                        "NORMAL": 2,
                        "POSITION": 3,
                        "WEIGHTS_0": 4
                    },
                    "indices": 0,
                    "mode": 4,
                    "material": 0
                },
                {
                    "attributes": {
                        "JOINTS_0": 6,
                        "NORMAL": 7,
                        "POSITION": 8,
                        "WEIGHTS_0": 9
                    },
                    "indices": 5,
                    "mode": 4,
                    "material": 1
                }
            ],
            "name": "gunGeo-mesh"
        },
        {
            "primitives": [
                {
                    "attributes": {
                        "JOINTS_0": 11,
                        "NORMAL": 12,
                        "POSITION": 13,
                        "WEIGHTS_0": 14
                    },
                    "indices": 10,
                    "mode": 4,
                    "material": 0
                }
            ],
            "name": "legsGeo-mesh"
        },
        {
            "primitives": [
                {
                    "attributes": {
                        "JOINTS_0": 16,
                        "NORMAL": 17,
                        "POSITION": 18,
                        "WEIGHTS_0": 19
                    },
                    "indices": 15,
                    "mode": 4,
                    "material": 0
                },
                {
                    "attributes": {
                        "JOINTS_0": 21,
                        "NORMAL": 22,
                        "POSITION": 23,
                        "WEIGHTS_0": 24
                    },
                    "indices": 20,
                    "mode": 4,
                    "material": 1
                }
            ],
            "name": "armsGeo-mesh"
        },
        {
            "primitives": [
                {
                    "attributes": {
                        "JOINTS_0": 26,
                        "NORMAL": 27,
                        "POSITION": 28,
                        "WEIGHTS_0": 29
                    },
                    "indices": 25,
                    "mode": 4,
                    "material": 0
                },
                {
                    "attributes": {
                        "JOINTS_0": 31,
                        "NORMAL": 32,
                        "POSITION": 33,
                        "WEIGHTS_0": 34
                    },
                    "indices": 30,
                    "mode": 4,
                    "material": 1
                }
            ],
            "name": "headGeo-mesh"
        },
        {
            "primitives": [
                {
                    "attributes": {
                        "JOINTS_0": 36,
                        "NORMAL": 37,
                        "POSITION": 38,
                        "WEIGHTS_0": 39
                    },
                    "indices": 35,
                    "mode": 4,
                    "material": 0
                },
                {
                    "attributes": {
                        "JOINTS_0": 41,
                        "NORMAL": 42,
                        "POSITION": 43,
                        "WEIGHTS_0": 44
                    },
                    "indices": 40,
                    "mode": 4,
                    "material": 1
                }
            ],
            "name": "bodyGeo-mesh"
        },
        {
            "primitives": [
                {
                    "attributes": {
                        "JOINTS_0": 46,
                        "NORMAL": 47,
                        "POSITION": 48,
                        "WEIGHTS_0": 49
                    },
                    "indices": 45,
                    "mode": 4,
                    "material": 0
                },
                {
                    "attributes": {
                        "JOINTS_0": 51,
                        "NORMAL": 52,
                        "POSITION": 53,
                        "WEIGHTS_0": 54
                    },
                    "indices": 50,
                    "mode": 4,
                    "material": 1
                }
            ],
            "name": "daggerGeo-mesh"
        },
        {
            "primitives": [
                {
                    "attributes": {
                        "JOINTS_0": 56,
                        "NORMAL": 57,
                        "POSITION": 58,
                        "WEIGHTS_0": 59
                    },
                    "indices": 55,
                    "mode": 4,
                    "material": 0
                }
            ],
            "name": "featherGeo-mesh"
        },
        {
            "primitives": [
                {
                    "attributes": {
                        "JOINTS_0": 61,
                        "NORMAL": 62,
                        "POSITION": 63,
                        "WEIGHTS_0": 64
                    },
                    "indices": 60,
                    "mode": 4,
                    "material": 0
                }
            ],
            "name": "hatGeo-mesh"
        }
    ],
    "animations": [
        {
            "channels": [
                {
                    "sampler": 0,
                    "target": {
                        "node": 3,
                        "path": "translation"
                    }
                },
                {
                    "sampler": 1,
                    "target": {
                        "node": 3,
                        "path": "rotation"
                    }
                },
                {
                    "sampler": 2,
                    "target": {
                        "node": 3,
                        "path": "scale"
                    }
                },
                {
                    "sampler": 3,
                    "target": {
                        "node": 12,
                        "path": "translation"
                    }
                },
                {
                    "sampler": 4,
                    "target": {
                        "node": 12,
                        "path": "rotation"
                    }
                },
                {
                    "sampler": 5,
                    "target": {
                        "node": 12,
                        "path": "scale"
                    }
                },
                {
                    "sampler": 6,
                    "target": {
                        "node": 13,
                        "path": "translation"
                    }
                },
                {
                    "sampler": 7,
                    "target": {
                        "node": 13,
                        "path": "rotation"
                    }
                },
                {
                    "sampler": 8,
                    "target": {
                        "node": 13,
                        "path": "scale"
                    }
                },
                {
                    "sampler": 9,
                    "target": {
                        "node": 14,
                        "path": "translation"
                    }
                },
                {
                    "sampler": 10,
                    "target": {
                        "node": 14,
                        "path": "rotation"
                    }
                },
                {
                    "sampler": 11,
                    "target": {
                        "node": 14,
                        "path": "scale"
                    }
                },
                {
                    "sampler": 12,
                    "target": {
                        "node": 15,
                        "path": "translation"
                    }
                },
                {
                    "sampler": 13,
                    "target": {
                        "node": 15,
                        "path": "rotation"
                    }
                },
                {
                    "sampler": 14,
                    "target": {
                        "node": 15,
                        "path": "scale"
                    }
                },
                {
                    "sampler": 15,
                    "target": {
                        "node": 45,
                        "path": "translation"
                    }
                },
                {
                    "sampler": 16,
                    "target": {
                        "node": 45,
                        "path": "rotation"
                    }
                },
                {
                    "sampler": 17,
                    "target": {
                        "node": 45,
                        "path": "scale"
                    }
                },
                {
                    "sampler": 18,
                    "target": {
                        "node": 46,
                        "path": "translation"
                    }
                },
                {
                    "sampler": 19,
                    "target": {
                        "node": 46,
                        "path": "rotation"
                    }
                },
                {
                    "sampler": 20,
                    "target": {
                        "node": 46,
                        "path": "scale"
                    }
                },
                {
                    "sampler": 21,
                    "target": {
                        "node": 47,
                        "path": "translation"
                    }
                },
                {
                    "sampler": 22,
                    "target": {
                        "node": 47,
                        "path": "rotation"
                    }
                },
                {
                    "sampler": 23,
                    "target": {
                        "node": 47,
                        "path": "scale"
                    }
                },
                {
                    "sampler": 24,
                    "target": {
                        "node": 30,
                        "path": "translation"
                    }
                },
                {
                    "sampler": 25,
                    "target": {
                        "node": 30,
                        "path": "rotation"
                    }
                },
                {
                    "sampler": 26,
                    "target": {
                        "node": 30,
                        "path": "scale"
                    }
                },
                {
                    "sampler": 27,
                    "target": {
                        "node": 31,
                        "path": "translation"
                    }
                },
                {
                    "sampler": 28,
                    "target": {
                        "node": 31,
                        "path": "rotation"
                    }
                },
                {
                    "sampler": 29,
                    "target": {
                        "node": 31,
                        "path": "scale"
                    }
                },
                {
                    "sampler": 30,
                    "target": {
                        "node": 33,
                        "path": "translation"
                    }
                },
                {
                    "sampler": 31,
                    "target": {
                        "node": 33,
                        "path": "rotation"
                    }
                },
                {
