{
    "asset": {
        "generator": "COLLADA2GLTF",
        "version": "2.0"
    },
    "scenes": [
        {
            "nodes": [
                0
            ]
        }
    ],
    "scene": 0,
    "nodes": [
        {
            "children": [
                1
            ],
            "name": "Y_UP"
        },
        {
            "children": [
                53,
                2
            ],
            "name": "CHARACTER"
        },
        {
            "children": [
                3
            ],
            "name": "Root"
        },
        {
            "children": [
                12,
                8,
                4
            ],
            "translation": [
                -0.1572199910879135,
                2.344681978225708,
                -0.930226981639862
            ],
            "rotation": [
                -0.15169724822044373,
                -0.0771404504776001,
                0.011872492730617524,
                -0.985340416431427
            ],
            "scale": [
                0.9999995827674866,
                0.999999225139618,
                0.9999989867210388
            ],
            "name": "hips_s"
        },
        {
            "children": [
                5
            ],
            "translation": [
                -0.6335150003433228,
                -0.13714900612831117,
                0.27533599734306338
            ],
            "rotation": [
                0.07609529793262482,
                0.8176706433296204,
                -0.5603801012039185,
                0.10756070911884308
            ],
            "scale": [
                0.999942660331726,
                0.9999812841415404,
                0.999960958957672
            ],
            "name": "R_upperLeg_s"
        },
        {
            "children": [
                6
            ],
            "translation": [
                0.0,
                -0.7851830124855042,
                -0.0
            ],
            "rotation": [
                0.4926384687423706,
                -0.0,
                -0.0,
                -0.8702269792556763
            ],
            "scale": [
                1.0,
                0.9999813437461852,
                0.9999813437461852
            ],
            "name": "R_lowerLeg_s"
        },
        {
            "children": [
                7
            ],
            "translation": [
                0.0,
                -1.3709889650344849,
                -0.0
            ],
            "rotation": [
                0.012518507428467274,
                -0.062192682176828387,
                0.9971436858177184,
                0.04047753289341927
            ],
            "scale": [
                0.9999173283576964,
                0.9999176859855652,
                0.9999996423721314
            ],
            "name": "R_ankle_s"
        },
        {
            "matrix": [
                -0.999758005142212,
                0.00002853477963071782,
                0.018361255526542665,
                0.0,
                0.0181674025952816,
                -0.14335747063159944,
                0.9894618391990662,
                0.0,
                0.002661225153133273,
                0.9896288514137268,
                0.14340566098690034,
                0.0,
                -0.0019389999797567728,
                0.25478899478912356,
                -0.7135319709777832,
                1.0
            ],
            "name": "R_toes_s"
        },
        {
            "children": [
                9
            ],
            "translation": [
                0.6335150003433228,
                -0.13714998960494996,
                0.27533599734306338
            ],
            "rotation": [
                0.1711990386247635,
                0.3531017601490021,
                0.91052907705307,
                -0.1300448179244995
            ],
            "scale": [
                0.9999332427978516,
                0.999939739704132,
                0.9999887347221376
            ],
            "name": "L_upperLeg_s"
        },
        {
            "children": [
                10
            ],
            "translation": [
                -0.0,
                0.7851840257644653,
                0.0
            ],
            "rotation": [
                0.4766825139522553,
                -0.0,
                -0.0,
                -0.8790728449821472
            ],
            "scale": [
                1.0,
                0.9999926686286926,
                0.9999926686286926
            ],
            "name": "L_lowerLeg_s"
        },
        {
            "children": [
                11
            ],
            "translation": [
                -0.0,
                1.3709880113601685,
                0.0
            ],
            "rotation": [
                0.011226673610508442,
                -0.2509852945804596,
                0.9607262015342712,
                0.117803156375885
            ],
            "scale": [
                0.9999843835830689,
                0.9999855160713196,
                0.9999988675117492
            ],
            "name": "L_ankle_s"
        },
        {
            "matrix": [
                -0.999758005142212,
                0.00002853477963071782,
                0.018361255526542665,
                0.0,
                0.0181674025952816,
                -0.14335747063159944,
                0.9894618391990662,
                0.0,
                0.002661225153133273,
                0.9896288514137268,
                0.14340566098690034,
                0.0,
                0.0019389999797567728,
                -0.2547900080680847,
                0.7135319709777832,
                1.0
            ],
            "name": "L_toes_s"
        },
        {
            "children": [
                13
            ],
            "translation": [
                -0.006074999924749136,
                0.2601189911365509,
                0.06152999773621559
            ],
            "rotation": [
                -0.0003690890735015273,
                -0.003444831119850278,
                -0.0018146876245737076,
                -0.999992311000824
            ],
            "scale": [
                0.9999995827674866,
                0.9999999403953552,
                1.000000238418579
            ],
            "name": "spine_lower_s"
        },
        {
            "children": [
                14
            ],
            "translation": [
                0.0002139999996870756,
                0.26764997839927676,
                0.023336999118328096
            ],
            "rotation": [
                0.015348066575825216,
                -0.00525955855846405,
                0.003629401559010148,
                -0.9998617172241212
            ],
            "scale": [
                0.9999998211860656,
                0.9999995231628418,
                1.000000238418579
            ],
            "name": "spine_mid_s"
        },
        {
            "children": [
                15
            ],
            "translation": [
                -0.000003999999989900971,
                0.2447610050439835,
                0.003265999956056476
            ],
            "rotation": [
                -0.017347196117043496,
                -0.005074974615126848,
                0.01559402048587799,
                -0.999714970588684
            ],
            "scale": [
                0.9999996423721314,
                1.0000003576278689,
                0.9999995827674866
            ],
            "name": "spine_upper_s"
        },
        {
            "children": [
                43,
                33,
                29,
                17,
                16
            ],
            "translation": [
                -0.003011999884620309,
                0.24640999734401704,
                0.005605000071227551
            ],
            "rotation": [
                -0.04179982841014862,
                -0.008889000862836838,
                0.010919013991951945,
                -0.9990267753601074
            ],
            "scale": [
                1.0000001192092896,
                0.9999998211860656,
                0.9999999403953552
            ],
            "name": "chest_s"
        },
        {
            "translation": [
                1.0165430307388306,
                0.23497100174427033,
                0.8080499768257141
            ],
            "rotation": [
                0.3470250964164734,
                -0.012056431733071804,
                0.5757918357849121,
                -0.7401666641235352
            ],
            "scale": [
                0.999963879585266,
                0.9999502897262572,
                0.9999862909317016
            ],
            "name": "scarf_end_s"
        },
        {
            "children": [
                18
            ],
            "translation": [
                -0.1191440001130104,
                0.5658760070800781,
                0.4250679910182953
            ],
            "rotation": [
                0.9998810887336732,
                0.0013225936563685537,
                -0.006182358134537935,
                -0.013348973356187344
            ],
            "scale": [
                0.9999997615814208,
                0.9999605417251588,
                0.9999610185623168
            ],
            "name": "R_clavicle_s"
        },
        {
            "children": [
                20,
                19
            ],
            "translation": [
                -1.195528030395508,
                -0.1043899953365326,
                0.5416409969329834
            ],
            "rotation": [
                0.75689297914505,
                0.2986294627189636,
                0.522732138633728,
                -0.25418412685394289
            ],
            "scale": [
                0.9999452829360962,
                0.999873459339142,
                0.999900758266449
            ],
            "name": "R_shoulder_s"
        },
        {
            "translation": [
                9.999999974752428e-7,
                -0.03999900072813034,
                -0.000003999999989900971
            ],
            "rotation": [
                -0.0,
                -0.1585861444473267,
                -0.0,
                -0.9873448014259338
            ],
            "scale": [
                0.9999985098838806,
                1.0,
                0.9999985098838806
            ],
            "name": "R_shoulder_twist_s"
        },
        {
            "children": [
                28,
                21
            ],
            "translation": [
                0.0,
                -1.1708459854125977,
                -0.0
            ],
            "rotation": [
                -0.017931565642356874,
                0.00953479204326868,
                0.6495039463043213,
                -0.7600760459899902
            ],
            "scale": [
                0.999980628490448,
                0.9999811053276062,
                1.0
            ],
            "name": "R_elbow_s"
        },
        {
            "children": [
                26,
                24,
                22
            ],
            "translation": [
                0.0,
                -1.2895289659500125,
                0.0
            ],
            "rotation": [
                -0.03063393570482731,
                0.24719373881816865,
                0.0007074107998050749,
                -0.968479335308075
            ],
            "scale": [
                0.9999925494194032,
                0.9999999403953552,
                0.9999924898147584
            ],
            "name": "R_wrist_s"
        },
        {
            "children": [
                23
            ],
            "matrix": [
                -0.4049286246299744,
                0.2659655511379242,
                0.8747580647468567,
                0.0,
                -0.4952928423881531,
                0.7403997182846069,
                -0.4543962180614472,
                0.0,
                -0.7685205936431885,
                -0.61729496717453,
                -0.16806155443191529,
                0.0,
                -0.4845010042190552,
                -0.7904459834098816,
                0.3840499818325043,
                1.0
            ],
            "name": "blower_s"
        },
        {
            "matrix": [
                1.0,
                0.0,
                0.0,
                0.0,
                0.0,
                0.7927435040473938,
                0.6095502972602844,
                0.0,
                0.0,
                -0.6095502972602844,
                0.7927435040473938,
                0.0,
                -0.00023799999326001853,
                -2.501012086868286,
                1.907662034034729,
                1.0
            ],
            "name": "blower_cannon_s"
        },
        {
            "children": [
                25
            ],
            "matrix": [
                0.19997303187847136,
                0.7693694233894348,
                0.6066446304321289,
                0.0,
                0.7845203876495361,
                0.2452206015586853,
                -0.5695035457611084,
                0.0,
                -0.5869199633598328,
                0.5898116230964661,
                -0.554548978805542,
                0.0,
                -0.48232901096344,
                -0.24127399921417237,
                -0.02247999981045723,
                1.0
            ],
            "name": "R_thumb_01_s"
        },
        {
            "matrix": [
                0.9990167021751404,
                -0.011636621318757534,
                -0.042774301022291186,
                0.0,
                0.03776649385690689,
                0.7286795973777771,
                0.6837958097457886,
                0.0,
                0.02321087196469307,
                -0.6847391724586487,
                0.728402853012085,
                0.0,
                -0.0,
                -0.6446040272712708,
                0.0,
                1.0
            ],
            "name": "R_thumb_02_s"
        },
        {
            "children": [
                27
            ],
            "matrix": [
                -0.9987465143203737,
                -0.0021503069438040258,
                0.04791922867298126,
                0.0,
                -0.04087759926915169,
                0.5608810186386108,
                -0.8268601298332214,
                0.0,
                -0.0250977985560894,
                -0.827866792678833,
                -0.5602205395698547,
                0.0,
                -0.1166130006313324,
                -0.8025869727134705,
                -0.07226099818944931,
                1.0
            ],
            "name": "R_index_01_s"
        },
        {
            "matrix": [
                0.9993782043457032,
                0.007993437349796296,
                -0.03432971611618996,
                0.0,
                0.0091864550486207,
                0.8812248110771179,
                0.4726012051105499,
                0.0,
                0.034029893577098849,
                -0.472622811794281,
                0.8806034922599793,
                0.0,
                -0.0,
                -0.4789760112762451,
                0.0,
                1.0
            ],
            "name": "R_index_02_s"
        },
        {
            "translation": [
                0.0,
                -0.429843008518219,
                0.0
            ],
            "rotation": [
                -0.0,
                0.090150386095047,
                -0.0,
                -0.9959281086921692
            ],
            "scale": [
                0.9999998211860656,
                1.0,
                0.9999998211860656
            ],
            "name": "R_forearm_twist_s"
        },
        {
            "children": [
                32,
                31,
                30
            ],
            "translation": [
                0.00418699998408556,
                -0.07190600037574768,
                -1.0558029413223269
            ],
            "rotation": [
                0.981610894203186,
                0.012487752363085749,
                -0.002460641087964177,
                0.19042281806468965
            ],
            "scale": [
                1.000000238418579,
                0.9999668598175048,
                0.9999664425849916
            ],
            "name": "back_item_01_s"
        },
        {
            "translation": [
                -2.5573298931121828,
                3.6446919441223146,
                -0.9904009699821472
            ],
            "rotation": [
                0.9959747791290284,
                -0.002552913036197424,
                -0.04921279847621918,
                -0.07464966922998429
            ],
            "scale": [
                0.9999995827674866,
                0.9999338388442992,
                0.999934494495392
            ],
            "name": "blowerPipe_s"
        },
        {
            "translation": [
                1.435394048690796,
                -0.011462999507784844,
                0.5795029997825623
            ],
            "rotation": [
                0.49887701869010928,
                -0.5009991526603699,
                0.49887701869010928,
                -0.5010964870452881
            ],
            "scale": [
                0.9999510645866394,
                0.9999512434005736,
                0.999951183795929
            ],
            "name": "cord_s"
        },
        {
            "translation": [
                -0.0,
                0.1017879992723465,
                1.1676160097122193
            ],
            "rotation": [
                -0.7099453210830689,
                -0.0,
                -0.0,
                -0.7042458653450012
            ],
            "scale": [
                1.0,
                0.9999847412109376,
                0.9999847412109376
            ],
            "name": "back_item_02_s"
        },
        {
            "children": [
                34
            ],
            "translation": [
                0.11931999772787094,
                0.5658929944038391,
                0.4250450134277344
            ],
            "rotation": [
                -0.00919655617326498,
                0.05090402066707611,
                -0.011195809580385684,
                -0.998598337173462
            ],
            "scale": [
                0.9999998807907105,
                0.9999997615814208,
                0.9999993443489076
            ],
            "name": "L_clavicle_s"
        },
        {
            "children": [
                36,
                35
            ],
            "translation": [
                1.195531964302063,
                0.10439299792051316,
                -0.5416409969329834
            ],
            "rotation": [
                0.6842117309570313,
                0.265287846326828,
                0.6343528032302856,
                -0.24295739829540256
            ],
            "scale": [
                0.9999573826789856,
                0.9999225735664368,
                0.9999516606330872
            ],
            "name": "L_shoulder_s"
        },
        {
            "translation": [
                0.0,
                0.03999999910593033,
                -0.0
            ],
            "rotation": [
                -0.0,
                -0.0357406809926033,
                -0.0,
                -0.999360978603363
            ],
            "scale": [
                0.999999463558197,
                1.0,
                0.999999463558197
            ],
            "name": "L_shoulder_twist_s"
        },
        {
            "children": [
                42,
                37
            ],
            "translation": [
                0.0,
                1.1708420515060425,
                0.0
            ],
            "rotation": [
                -0.00485969427973032,
                -0.0005536350072361529,
                0.4058458209037781,
                -0.91392582654953
            ],
            "scale": [
                0.9999914765357972,
                0.9999920129776,
                1.0000003576278689
            ],
            "name": "L_elbow_s"
        },
        {
            "children": [
                40,
                38
            ],
            "translation": [
                0.0,
                1.289533019065857,
                0.0
            ],
            "rotation": [
                0.04432142525911331,
                0.003936948720365763,
                0.011195697821676733,
                -0.9989468455314636
            ],
            "scale": [
                1.000000238418579,
                0.9999998807907105,
                0.9999999403953552
            ],
            "name": "L_wrist_s"
        },
        {
            "children": [
                39
            ],
            "matrix": [
                0.05686283856630325,
                0.7686827182769775,
                0.637022852897644,
                0.0,
                0.6996409893035889,
                0.4245499670505524,
                -0.5746313333511353,
                0.0,
                -0.7121610641479492,
                0.4783576428890228,
                -0.5136606097221375,
                0.0,
                0.4823310077190399,
                0.24126699566841129,
                0.022477999329566957,
                1.0
            ],
            "name": "L_thumb_01_s"
        },
        {
            "matrix": [
                0.999017596244812,
                -0.011597927659749985,
                -0.042767107486724856,
                0.0,
                0.019266076385974885,
                0.9828278422355652,
                0.18351492285728458,
                0.0,
                0.03990434110164642,
                -0.18415868282318116,
                0.9820862412452698,
                0.0,
                -0.0,
                0.6446059942245483,
                -0.0,
                1.0
            ],
            "name": "L_thumb_02_s"
        },
        {
            "children": [
                41
            ],
            "matrix": [
                -0.998842716217041,
                -0.002120755147188902,
                0.04794210195541382,
                0.0,
                -0.022025374695658685,
                0.9078446626663208,
                -0.4187266230583191,
                0.0,
                -0.0426359586417675,
                -0.4193003475666046,
                -0.9068405032157898,
                0.0,
                0.11661499738693236,
                0.802586019039154,
                0.07226099818944931,
                1.0
            ],
            "name": "L_index_01_s"
        },
        {
            "matrix": [
                0.9993804693222046,
                0.007966326549649239,
                -0.03428442031145096,
                0.0,
                -0.0076559167355299,
                0.9999281167984008,
                0.009175301529467106,
                0.0,
                0.0343550480902195,
                -0.008907131850719452,
                0.9993696212768556,
                0.0,
                -0.0,
                0.478973001241684,
                0.0,
                1.0
            ],
            "name": "L_index_02_s"
        },
        {
            "matrix": [
                0.9992347359657288,
                0.0,
                0.03911590948700905,
                0.0,
                -0.0,
                1.0,
                0.0,
                0.0,
                -0.03911590948700905,
                -0.0,
                0.9992347359657288,
                0.0,
                0.0,
                0.4298439919948578,
                0.0,
                1.0
            ],
            "name": "L_forearm_twist_s"
        },
        {
            "children": [
                44
            ],
            "matrix": [
                1.0,
                0.0,
                0.0,
                0.0,
                0.0,
                0.9968655109405518,
                0.07910806685686112,
                0.0,
                0.0,
                -0.07910806685686112,
                0.9968655109405518,
                0.0,
                -0.0,
                0.6683189868927002,
                0.0585159994661808,
                1.0
            ],
            "name": "neck_s"
        },
        {
            "children": [
                49,
                48,
                47,
                46,
                45
            ],
            "translation": [
                0.015845000743865968,
                1.670586943626404,
                -0.4240089952945709
            ],
            "rotation": [
                0.12066038697957993,
                0.03973826393485069,
                -0.03949219360947609,
                -0.9911112189292908
            ],
            "scale": [
                0.999999225139618,
                0.9999984502792358,
                0.9999987483024596
            ],
            "name": "head_s"
        },
        {
            "matrix": [
                1.0,
                0.0,
                0.0,
                0.0,
                0.0,
                1.0,
                0.0,
                0.0,
                0.0,
                0.0,
                1.0,
                0.0,
                -0.0,
                2.413696050643921,
                1.6010680198669434,
                1.0
            ],
            "name": "hair_01_s"
        },
        {
            "translation": [
                -0.0,
                -0.10558199882507324,
                2.403172016143799
            ],
            "rotation": [
                -0.0,
                -0.0,
                -0.0,
                -1.000519037246704
            ],
            "scale": [
                1.0,
                1.0041530132293702,
                1.0
            ],
            "name": "tash_s"
        },
        {
            "translation": [
                -1.288559913635254,
                1.3397990465164185,
                2.4303860664367677
            ],
            "rotation": [
                0.9882546663284302,
                0.0,
                0.15268272161483766,
                -0.0
            ],
            "scale": [
                0.9999982118606569,
                0.9999183416366576,
                0.9999203085899352
            ],
            "name": "R_eyebrow_s"
        },
        {
            "translation": [
                1.28856098651886,
                1.3550009727478028,
                2.430388927459717
            ],
            "rotation": [
                -0.0,
                -0.15267953276634217,
                -0.0,
                -0.9882752895355224
            ],
            "scale": [
                0.9999982118606569,
                1.0,
                0.9999982118606569
            ],
            "name": "L_eyebrow_s"
        },
        {
            "children": [
                52,
                51,
                50
            ],
            "matrix": [
                1.0,
                0.0,
                0.0,
                0.0,
                0.0,
                1.0,
                0.0,
                0.0,
                0.0,
                0.0,
                1.0,
                0.0,
                -0.0,
                1.173861026763916,
                0.012845000252127648,
                1.0
            ],
            "name": "hat_01_s"
        },
        {
            "matrix": [
                0.0000400543212890625,
                -0.9940659403800964,
                0.10840968787670136,
                0.0,
                0.9999598860740662,
                0.0000400543212890625,
                0.0,
                0.0,
                0.0,
                0.10840968787670136,
                0.9941059947013856,
                0.0,
                2.430185079574585,
                -0.6158260107040405,
                -0.1894640028476715,
                1.0
            ],
            "name": "L_hat_ear_s"
        },
        {
            "matrix": [
                0.0000400543212890625,
                0.9940659403800964,
                -0.10840968787670136,
                0.0,
                0.9999598860740662,
                0.0000400543212890625,
                0.0,
                0.0,
                0.0,
                -0.10840968787670136,
                -0.9940258860588074,
                0.0,
                -2.430189847946167,
                -0.6158289909362793,
                -0.1894640028476715,
                1.0
            ],
            "name": "R_hat_ear_s"
        },
        {
            "translation": [
                0.0,
                1.7344419956207276,
                -2.1142899990081789
            ],
            "rotation": [
                0.465480387210846,
                -0.0,
                -0.0,
                -0.8850523829460144
            ],
            "scale": [
                1.0,
                0.9999837875366212,
                0.9999837875366212
            ],
            "name": "hat_02_s"
        },
        {
            "children": [
                64,
                63,
                62,
                61,
                60,
                59,
                58,
                57,
                56,
                55,
                54
            ],
            "name": "GEO"
        },
        {
            "mesh": 0,
            "skin": 0,
            "name": "scarf_GEO"
        },
        {
            "mesh": 1,
            "skin": 1,
            "name": "hair_GEO"
        },
        {
            "mesh": 2,
            "skin": 2,
            "name": "gloves_GEO"
        },
        {
            "mesh": 3,
            "skin": 3,
            "name": "fan_GEO"
        },
        {
            "mesh": 4,
            "skin": 4,
            "name": "cord_GEO"
        },
        {
            "mesh": 5,
            "skin": 5,
            "name": "buttons_GEO"
        },
        {
            "mesh": 6,
            "skin": 6,
            "name": "backpack_GEO"
        },
        {
            "mesh": 7,
            "skin": 7,
            "name": "hat_GEO"
        },
        {
            "mesh": 8,
            "skin": 8,
            "name": "pipe_GEO"
        },
        {
            "mesh": 9,
            "skin": 9,
            "name": "blower_GEO"
        },
        {
            "mesh": 10,
            "skin": 10,
            "name": "body_GEO"
        }
    ],
    "meshes": [
        {
            "primitives": [
                {
                    "attributes": {
                        "JOINTS_0": 1,
                        "NORMAL": 2,
                        "POSITION": 3,
                        "WEIGHTS_0": 4
                    },
                    "indices": 0,
                    "mode": 4,
                    "material": 0
                }
            ],
            "name": "scarf_GEO-mesh"
        },
        {
            "primitives": [
                {
                    "attributes": {
                        "JOINTS_0": 6,
                        "NORMAL": 7,
                        "POSITION": 8,
                        "WEIGHTS_0": 9
                    },
                    "indices": 5,
                    "mode": 4,
                    "material": 0
                }
            ],
            "name": "hair_GEO-mesh"
        },
        {
            "primitives": [
                {
                    "attributes": {
                        "JOINTS_0": 11,
                        "NORMAL": 12,
                        "POSITION": 13,
                        "WEIGHTS_0": 14
                    },
                    "indices": 10,
                    "mode": 4,
                    "material": 0
                }
            ],
            "name": "gloves_GEO-mesh"
        },
        {
            "primitives": [
                {
                    "attributes": {
                        "JOINTS_0": 16,
                        "NORMAL": 17,
                        "POSITION": 18,
                        "WEIGHTS_0": 19
                    },
                    "indices": 15,
                    "mode": 4,
                    "material": 0
                }
            ],
            "name": "fan_GEO-mesh"
        },
        {
            "primitives": [
                {
                    "attributes": {
                        "JOINTS_0": 21,
                        "NORMAL": 22,
                        "POSITION": 23,
                        "WEIGHTS_0": 24
                    },
                    "indices": 20,
                    "mode": 4,
                    "material": 0
                }
            ],
            "name": "cord_GEO-mesh"
        },
        {
            "primitives": [
                {
                    "attributes": {
                        "JOINTS_0": 26,
                        "NORMAL": 27,
                        "POSITION": 28,
                        "WEIGHTS_0": 29
                    },
                    "indices": 25,
                    "mode": 4,
                    "material": 0
                }
            ],
            "name": "buttons_GEO-mesh"
        },
        {
            "primitives": [
                {
                    "attributes": {
                        "JOINTS_0": 31,
                        "NORMAL": 32,
                        "POSITION": 33,
                        "WEIGHTS_0": 34
                    },
                    "indices": 30,
                    "mode": 4,
                    "material": 0
                }
            ],
            "name": "backpack_GEO-mesh"
        },
        {
            "primitives": [
                {
                    "attributes": {
                        "JOINTS_0": 36,
                        "NORMAL": 37,
                        "POSITION": 38,
                        "WEIGHTS_0": 39
                    },
                    "indices": 35,
                    "mode": 4,
                    "material": 0
                }
            ],
            "name": "hat_GEO-mesh"
        },
        {
            "primitives": [
                {
                    "attributes": {
                        "JOINTS_0": 41,
                        "NORMAL": 42,
                        "POSITION": 43,
                        "WEIGHTS_0": 44
                    },
                    "indices": 40,
                    "mode": 4,
                    "material": 0
                }
            ],
            "name": "pipe_GEO-mesh"
        },
        {
            "primitives": [
                {
                    "attributes": {
                        "JOINTS_0": 46,
                        "NORMAL": 47,
                        "POSITION": 48,
                        "WEIGHTS_0": 49
                    },
                    "indices": 45,
                    "mode": 4,
                    "material": 0
                }
            ],
            "name": "blower_GEO-mesh"
        },
        {
            "primitives": [
                {
                    "attributes": {
                        "JOINTS_0": 51,
                        "NORMAL": 52,
                        "POSITION": 53,
                        "WEIGHTS_0": 54
                    },
                    "indices": 50,
                    "mode": 4,
                    "material": 0
                }
            ],
            "name": "body_GEO-mesh"
        }
    ],
    "animations": [
        {
            "channels": [
                {
                    "sampler": 0,
                    "target": {
                        "node": 3,
                        "path": "translation"
                    }
                },
                {
                    "sampler": 1,
                    "target": {
                        "node": 3,
                        "path": "rotation"
                    }
                },
                {
                    "sampler": 2,
                    "target": {
                        "node": 3,
                        "path": "scale"
                    }
                },
                {
                    "sampler": 3,
                    "target": {
                        "node": 12,
                        "path": "translation"
                    }
                },
                {
                    "sampler": 4,
                    "target": {
                        "node": 12,
                        "path": "rotation"
                    }
                },
                {
                    "sampler": 5,
                    "target": {
                        "node": 12,
                        "path": "scale"
                    }
                },
                {
                    "sampler": 6,
                    "target": {
                        "node": 13,
                        "path": "translation"
                    }
                },
                {
                    "sampler": 7,
                    "target": {
                        "node": 13,
                        "path": "rotation"
                    }
                },
                {
                    "sampler": 8,
                    "target": {
                        "node": 13,
                        "path": "scale"
                    }
                },
                {
                    "sampler": 9,
                    "target": {
                        "node": 14,
                        "path": "translation"
                    }
                },
                {
                    "sampler": 10,
                    "target": {
                        "node": 14,
                        "path": "rotation"
                    }
                },
                {
                    "sampler": 11,
                    "target": {
                        "node": 14,
                        "path": "scale"
                    }
                },
                {
                    "sampler": 12,
                    "target": {
                        "node": 15,
                        "path": "translation"
                    }
                },
                {
                    "sampler": 13,
                    "target": {
                        "node": 15,
                        "path": "rotation"
                    }
                },
                {
                    "sampler": 14,
                    "target": {
                        "node": 15,
                        "path": "scale"
                    }
                },
                {
                    "sampler": 15,
                    "target": {
                        "node": 44,
                        "path": "translation"
                    }
                },
                {
                    "sampler": 16,
                    "target": {
                        "node": 44,
                        "path": "rotation"
                    }
                },
                {
                    "sampler": 17,
                    "target": {
                        "node": 44,
                        "path": "scale"
                    }
                },
                {
                    "sampler": 18,
                    "target": {
                        "node": 52,
                        "path": "translation"
                    }
                },
                {
                    "sampler": 19,
                    "target": {
                        "node": 52,
