{
    "asset": {
        "generator": "COLLADA2GLTF",
        "version": "2.0"
    },
    "scenes": [
        {
            "nodes": [
                0
            ]
        }
    ],
    "scene": 0,
    "nodes": [
        {
            "children": [
                1
            ],
            "name": "Y_UP"
        },
        {
            "children": [
                53,
                2
            ],
            "name": "CHARACTER"
        },
        {
            "children": [
                3
            ],
            "name": "Root"
        },
        {
            "children": [
                12,
                8,
                4
            ],
            "translation": [
                -0.1627279967069626,
                2.262259960174561,
                -0.9710959792137146
            ],
            "rotation": [
                -0.15169724822044373,
                -0.0771404504776001,
                0.011872492730617524,
                -0.985340416431427
            ],
            "scale": [
                0.9999995827674866,
                0.999999225139618,
                0.9999989867210388
            ],
            "name": "hips_s"
        },
        {
            "children": [
                5
            ],
            "translation": [
                -0.6335150003433228,
                -0.13714900612831117,
                0.27533599734306338
            ],
            "rotation": [
                0.04933582618832588,
                0.8175169825553894,
                -0.5736672878265381,
                -0.010980596765875817
            ],
            "scale": [
                0.9999662637710572,
                0.9999881982803344,
                0.9999769926071168
            ],
            "name": "R_upperLeg_s"
        },
        {
            "children": [
                6
            ],
            "translation": [
                0.0,
                -0.7851830124855042,
                -0.0
            ],
            "rotation": [
                0.5922296643257141,
                -0.0,
                -0.0,
                -0.8057577013969421
            ],
            "scale": [
                1.0,
                0.9999758005142212,
                0.9999758005142212
            ],
            "name": "R_lowerLeg_s"
        },
        {
            "children": [
                7
            ],
            "translation": [
                0.0,
                -1.3709889650344849,
                -0.0
            ],
            "rotation": [
                0.013072152622044089,
                -0.1736288815736771,
                0.9834871292114258,
                0.048812951892614368
            ],
            "scale": [
                0.9998953938484192,
                0.9998982548713684,
                0.9999966621398926
            ],
            "name": "R_ankle_s"
        },
        {
            "matrix": [
                -0.999758005142212,
                0.00002853477963071782,
                0.018361255526542665,
                0.0,
                0.0181674025952816,
                -0.14335747063159944,
                0.9894618391990662,
                0.0,
                0.002661225153133273,
                0.9896288514137268,
                0.14340566098690034,
                0.0,
                -0.0019389999797567728,
                0.25478899478912356,
                -0.7135319709777832,
                1.0
            ],
            "name": "R_toes_s"
        },
        {
            "children": [
                9
            ],
            "translation": [
                0.6335150003433228,
                -0.13714998960494996,
                0.27533599734306338
            ],
            "rotation": [
                -0.014886867254972458,
                0.5687770247459412,
                0.8194854259490967,
                -0.06859035044908524
            ],
            "scale": [
                0.9999796748161316,
                0.9999868273735046,
                0.9999931454658508
            ],
            "name": "L_upperLeg_s"
        },
        {
            "children": [
                10
            ],
            "translation": [
                -0.0,
                0.7851840257644653,
                0.0
            ],
            "rotation": [
                0.5862988829612732,
                -0.0,
                -0.0,
                -0.8100875020027161
            ],
            "scale": [
                1.0,
                0.999984323978424,
                0.999984323978424
            ],
            "name": "L_lowerLeg_s"
        },
        {
            "children": [
                11
            ],
            "translation": [
                -0.0,
                1.3709880113601685,
                0.0
            ],
            "rotation": [
                0.018024185672402387,
                -0.17126056551933289,
                0.9827181696891784,
                0.06785215437412262
            ],
            "scale": [
                0.9999876618385316,
                0.9999884366989136,
                0.9999995231628418
            ],
            "name": "L_ankle_s"
        },
        {
            "matrix": [
                -0.999758005142212,
                0.00002853477963071782,
                0.018361255526542665,
                0.0,
                0.0181674025952816,
                -0.14335747063159944,
                0.9894618391990662,
                0.0,
                0.002661225153133273,
                0.9896288514137268,
                0.14340566098690034,
                0.0,
                0.0019389999797567728,
                -0.2547900080680847,
                0.7135319709777832,
                1.0
            ],
            "name": "L_toes_s"
        },
        {
            "children": [
                13
            ],
            "translation": [
                -0.002644999884068966,
                0.2605429887771607,
                0.05386700108647347
            ],
            "rotation": [
                0.01943875104188919,
                -0.00313726719468832,
                0.008089229464530945,
                -0.9997733235359192
            ],
            "scale": [
                1.0,
                0.9999995827674866,
                0.999999463558197
            ],
            "name": "spine_lower_s"
        },
        {
            "children": [
                14
            ],
            "translation": [
                -0.00039999998989515007,
                0.2675470113754273,
                0.02332600019872189
            ],
            "rotation": [
                -0.004152252338826656,
                0.009134954772889614,
                -0.0061822435818612579,
                -0.9999305605888368
            ],
            "scale": [
                1.0,
                1.0,
                0.9999998807907105
            ],
            "name": "spine_mid_s"
        },
        {
            "children": [
                15
            ],
            "translation": [
                -0.00009899999713525176,
                0.24564999341964725,
                0.0032770000398159029
            ],
            "rotation": [
                -0.055056069046258929,
                0.008243030868470669,
                -0.0003075759159401059,
                -0.9984490871429445
            ],
            "scale": [
                0.9999997615814208,
                1.0,
                0.9999995231628418
            ],
            "name": "spine_upper_s"
        },
        {
            "children": [
                43,
                33,
                29,
                17,
                16
            ],
            "translation": [
                -0.002185000106692314,
                0.2456579953432083,
                0.005745000205934048
            ],
            "rotation": [
                -0.06665276736021042,
                0.009350459091365338,
                0.0038140020333230497,
                -0.9977250695228576
            ],
            "scale": [
                0.9999997615814208,
                0.9999995827674866,
                1.0
            ],
            "name": "chest_s"
        },
        {
            "matrix": [
                0.3365706503391266,
                -0.8607327342033386,
                0.38182082772254946,
                0.0,
                0.8439950346946716,
                0.0959843173623085,
                -0.5275983810424805,
                0.0,
                0.41751590371131899,
                0.4998272657394409,
                0.7588318586349487,
                0.0,
                1.0165430307388306,
                0.23497100174427033,
                0.8080499768257141,
                1.0
            ],
            "name": "scarf_end_s"
        },
        {
            "children": [
                18
            ],
            "translation": [
                0.11945799738168717,
                0.5665590167045593,
                0.42211300134658816
            ],
            "rotation": [
                0.9998810887336732,
                0.0013225936563685537,
                -0.006182358134537935,
                -0.013348973356187344
            ],
            "scale": [
                0.9999997615814208,
                0.9999605417251588,
                0.9999610185623168
            ],
            "name": "R_clavicle_s"
        },
        {
            "children": [
                20,
                19
            ],
            "translation": [
                -1.195528030395508,
                -0.1043899953365326,
                0.5416409969329834
            ],
            "rotation": [
                0.07809454947710037,
                0.5032317042350769,
                0.8519965410232544,
                0.1212787702679634
            ],
            "scale": [
                0.9998969435691834,
                0.999923586845398,
                0.9999725818634032
            ],
            "name": "R_shoulder_s"
        },
        {
            "translation": [
                9.999999974752428e-7,
                -0.03999900072813034,
                -0.000003999999989900971
            ],
            "rotation": [
                -0.0,
                0.3587902784347534,
                -0.0,
                -0.9334174394607544
            ],
            "scale": [
                0.9999974966049194,
                1.0,
                0.9999974966049194
            ],
            "name": "R_shoulder_twist_s"
        },
        {
            "children": [
                28,
                21
            ],
            "translation": [
                0.0,
                -1.1708459854125977,
                -0.0
            ],
            "rotation": [
                -0.004398354794830084,
                -0.002183795208111406,
                0.6907873749732971,
                -0.7230350375175476
            ],
            "scale": [
                0.9999904036521912,
                0.9999908208847046,
                1.0000003576278689
            ],
            "name": "R_elbow_s"
        },
        {
            "children": [
                26,
                24,
                22
            ],
            "translation": [
                0.0,
                -1.2895289659500125,
                0.0
            ],
            "rotation": [
                -0.46578872203826907,
                0.23470911383628849,
                -0.08196818828582764,
                -0.8492475152015686
            ],
            "scale": [
                0.9999963641166688,
                0.9999852180480956,
                0.9999826550483704
            ],
            "name": "R_wrist_s"
        },
        {
            "children": [
                23
            ],
            "translation": [
                -0.331497997045517,
                4.7097930908203129,
                -0.4643059968948364
            ],
            "rotation": [
                -0.06302037835121155,
                0.5657994151115418,
                0.2510973513126374,
                -0.7828254699707031
            ],
            "scale": [
                0.999959111213684,
                0.9999927878379822,
                0.9999650120735169
            ],
            "name": "blower_s"
        },
        {
            "matrix": [
                1.0,
                0.0,
                0.0,
                0.0,
                0.0,
                0.7927435040473938,
                0.6095502972602844,
                0.0,
                0.0,
                -0.6095502972602844,
                0.7927435040473938,
                0.0,
                -0.00023799999326001853,
                -2.501012086868286,
                1.907662034034729,
                1.0
            ],
            "name": "blower_cannon_s"
        },
        {
            "children": [
                25
            ],
            "matrix": [
                0.19997303187847136,
                0.7693694233894348,
                0.6066446304321289,
                0.0,
                0.7845203876495361,
                0.2452206015586853,
                -0.5695035457611084,
                0.0,
                -0.5869199633598328,
                0.5898116230964661,
                -0.554548978805542,
                0.0,
                -0.48232901096344,
                -0.24127399921417237,
                -0.02247999981045723,
                1.0
            ],
            "name": "R_thumb_01_s"
        },
        {
            "matrix": [
                0.9990167021751404,
                -0.011636621318757534,
                -0.042774301022291186,
                0.0,
                0.03776649385690689,
                0.7286795973777771,
                0.6837958097457886,
                0.0,
                0.02321087196469307,
                -0.6847391724586487,
                0.728402853012085,
                0.0,
                -0.0,
                -0.6446040272712708,
                -0.0,
                1.0
            ],
            "name": "R_thumb_02_s"
        },
        {
            "children": [
                27
            ],
            "matrix": [
                -0.9987465143203737,
                -0.0021503069438040258,
                0.04791922867298126,
                0.0,
                -0.04087759926915169,
                0.5608810186386108,
                -0.8268601298332214,
                0.0,
                -0.0250977985560894,
                -0.827866792678833,
                -0.5602205395698547,
                0.0,
                -0.1166130006313324,
                -0.8025869727134705,
                -0.07226099818944931,
                1.0
            ],
            "name": "R_index_01_s"
        },
        {
            "matrix": [
                0.9993782043457032,
                0.007993437349796296,
                -0.03432971611618996,
                0.0,
                0.0091864550486207,
                0.8812248110771179,
                0.4726012051105499,
                0.0,
                0.034029893577098849,
                -0.472622811794281,
                0.8806034922599793,
                0.0,
                -0.0,
                -0.4789760112762451,
                0.0,
                1.0
            ],
            "name": "R_index_02_s"
        },
        {
            "translation": [
                0.0,
                -0.429843008518219,
                0.0
            ],
            "rotation": [
                -0.0,
                0.10331332683563233,
                -0.0,
                -0.9946486353874208
            ],
            "scale": [
                0.9999989867210388,
                1.0,
                0.9999989867210388
            ],
            "name": "R_forearm_twist_s"
        },
        {
            "children": [
                32,
                31,
                30
            ],
            "translation": [
                -0.0005619999719783664,
                -0.10319600254297257,
                -1.0474649667739869
            ],
            "rotation": [
                0.9805343151092528,
                0.016701590269804,
                -0.002552913734689355,
                0.19552865624427796
            ],
            "scale": [
                0.9999997615814208,
                0.9999313950538636,
                0.999932050704956
            ],
            "name": "back_item_01_s"
        },
        {
            "translation": [
                -2.496100902557373,
                3.2651360034942629,
                -1.103713035583496
            ],
            "rotation": [
                0.9620180726051332,
                0.017593584954738618,
                0.1508679986000061,
                0.226686492562294
            ],
            "scale": [
                0.99999737739563,
                0.9998790621757508,
                0.9998815059661864
            ],
            "name": "blowerPipe_s"
        },
        {
            "matrix": [
                0.00004875659215031192,
                -0.9999420642852784,
                -0.004244534764438868,
                0.0,
                0.0,
                0.004293262027204037,
                -0.9999420642852784,
                0.0,
                0.999951183795929,
                0.0,
                0.00004875659942626953,
                0.0,
                1.435394048690796,
                -0.011462999507784844,
                0.5795029997825623,
                1.0
            ],
            "name": "cord_s"
        },
        {
            "matrix": [
                1.0,
                0.0,
                0.0,
                0.0,
                0.0,
                -0.008075473830103875,
                0.9999521374702454,
                0.0,
                0.0,
                -0.9999521374702454,
                -0.008075473830103875,
                0.0,
                -0.0,
                0.1017879992723465,
                1.1676160097122193,
                1.0
            ],
            "name": "back_item_02_s"
        },
        {
            "children": [
                34
            ],
            "translation": [
                -0.2083970010280609,
                0.5692440271377564,
                0.4099169969558716
            ],
            "rotation": [
                -0.009042829275131226,
                0.25876641273498537,
                -0.007874028757214547,
                -0.965865433216095
            ],
            "scale": [
                0.999999701976776,
                1.000000238418579,
                0.9999995231628418
            ],
            "name": "L_clavicle_s"
        },
        {
            "children": [
                36,
                35
            ],
            "translation": [
                1.195531964302063,
                0.10439299792051316,
                -0.5416409969329834
            ],
            "rotation": [
                0.4832697212696076,
                0.39813169836997988,
                0.7787002921104431,
                -0.039216503500938418
            ],
            "scale": [
                0.999954640865326,
                0.9999505877494812,
                0.9999770522117616
            ],
            "name": "L_shoulder_s"
        },
        {
            "translation": [
                -0.0,
                0.03999999910593033,
                -0.0
            ],
            "rotation": [
                -0.0,
                0.06834248453378678,
                -0.0,
                -0.9976617097854614
            ],
            "scale": [
                0.9999991655349731,
                1.0,
                0.9999991655349731
            ],
            "name": "L_shoulder_twist_s"
        },
        {
            "children": [
                42,
                37
            ],
            "translation": [
                0.0,
                1.1708420515060425,
                0.0
            ],
            "rotation": [
                -0.00449046865105629,
                -0.001937667722813785,
                0.6530247926712036,
                -0.7572957277297974
            ],
            "scale": [
                0.9999566674232484,
                0.9999562501907348,
                1.0000003576278689
            ],
            "name": "L_elbow_s"
        },
        {
            "children": [
                40,
                38
            ],
            "translation": [
                0.0,
                1.289533019065857,
                0.0
            ],
            "rotation": [
                0.2977944016456604,
                0.2072442322969437,
                0.23225010931491853,
                -0.9024535417556764
            ],
            "scale": [
                0.999994933605194,
                0.999992847442627,
                0.9999933242797852
            ],
            "name": "L_wrist_s"
        },
        {
            "children": [
                39
            ],
            "matrix": [
                0.05686283856630325,
                0.7686827182769775,
                0.637022852897644,
                0.0,
                0.6996409893035889,
                0.4245499670505524,
                -0.5746313333511353,
                0.0,
                -0.7121610641479492,
                0.4783576428890228,
                -0.5136606097221375,
                0.0,
                0.4823310077190399,
                0.24126699566841129,
                0.022477999329566957,
                1.0
            ],
            "name": "L_thumb_01_s"
        },
        {
            "matrix": [
                0.999017596244812,
                -0.011597927659749985,
                -0.042767107486724856,
                0.0,
                0.019266076385974885,
                0.9828278422355652,
                0.18351492285728458,
                0.0,
                0.03990434110164642,
                -0.18415868282318116,
                0.9820862412452698,
                0.0,
                -0.0,
                0.6446059942245483,
                -0.0,
                1.0
            ],
            "name": "L_thumb_02_s"
        },
        {
            "children": [
                41
            ],
            "matrix": [
                -0.998842716217041,
                -0.002120755147188902,
                0.04794210195541382,
                0.0,
                -0.022025374695658685,
                0.9078446626663208,
                -0.4187266230583191,
                0.0,
                -0.0426359586417675,
                -0.4193003475666046,
                -0.9068405032157898,
                0.0,
                0.11661499738693236,
                0.802586019039154,
                0.07226099818944931,
                1.0
            ],
            "name": "L_index_01_s"
        },
        {
            "matrix": [
                0.9993804693222046,
                0.007966326549649239,
                -0.03428442031145096,
                0.0,
                -0.0076559167355299,
                0.9999281167984008,
                0.009175301529467106,
                0.0,
                0.0343550480902195,
                -0.008907131850719452,
                0.9993696212768556,
                0.0,
                -0.0,
                0.478973001241684,
                -0.0,
                1.0
            ],
            "name": "L_index_02_s"
        },
        {
            "translation": [
                -0.0,
                0.4298439919948578,
                0.0
            ],
            "rotation": [
                -0.0,
                0.09759312123060228,
                -0.0,
                -0.9952261447906494
            ],
            "scale": [
                0.9999988675117492,
                1.0,
                0.9999988675117492
            ],
            "name": "L_forearm_twist_s"
        },
        {
            "children": [
                44
            ],
            "matrix": [
                1.0,
                0.0,
                0.0,
                0.0,
                0.0,
                0.9968655109405518,
                0.07910806685686112,
                0.0,
                0.0,
                -0.07910806685686112,
                0.9968655109405518,
                0.0,
                0.0,
                0.6683189868927002,
                0.0585159994661808,
                1.0
            ],
            "name": "neck_s"
        },
        {
            "children": [
                49,
                48,
                47,
                46,
                45
            ],
            "translation": [
                0.00788199994713068,
                1.642781972885132,
                -0.44328299164772036
            ],
            "rotation": [
                0.16759805381298066,
                -0.04084606096148491,
                -0.0012918193824589253,
                -0.9850075244903565
            ],
            "scale": [
                0.9999995231628418,
                0.9999983906745912,
                0.9999980926513672
            ],
            "name": "head_s"
        },
        {
            "matrix": [
                1.0,
                0.0,
                0.0,
                0.0,
                0.0,
                1.0,
                0.0,
                0.0,
                0.0,
                0.0,
                1.0,
                0.0,
                -0.0,
                2.413696050643921,
                1.6010680198669434,
                1.0
            ],
            "name": "hair_01_s"
        },
        {
            "translation": [
                -0.0,
                -0.10048799961805344,
                2.4033899307250978
            ],
            "rotation": [
                0.0009241554071195424,
                0.0007992730243131518,
                -0.0012630076380446554,
                -1.00051748752594
            ],
            "scale": [
                0.999999701976776,
                1.0041531324386597,
                1.0000001192092896
            ],
            "name": "tash_s"
        },
        {
            "translation": [
                -1.2711050510406497,
                1.3459160327911378,
                2.435671091079712
            ],
            "rotation": [
                0.9865936040878296,
                0.05788657441735268,
                0.15228287875652314,
                0.009196643717586996
            ],
            "scale": [
                0.9999999403953552,
                0.9999852180480956,
                0.9999848008155824
            ],
            "name": "R_eyebrow_s"
        },
        {
            "translation": [
                1.2682650089263917,
                1.3614510297775269,
                2.436588048934937
            ],
            "rotation": [
                0.008888865821063519,
                -0.15255635976791385,
                0.06000755354762077,
                -0.9864305853843688
            ],
            "scale": [
                0.9999980926513672,
                0.9999992847442628,
                0.9999975562095642
            ],
            "name": "L_eyebrow_s"
        },
        {
            "children": [
                52,
                51,
                50
            ],
            "matrix": [
                1.0,
                0.0,
                0.0,
                0.0,
                0.0,
                1.0,
                0.0,
                0.0,
                0.0,
                0.0,
                1.0,
                0.0,
                -0.0,
                1.173861026763916,
                0.012845000252127648,
                1.0
            ],
            "name": "hat_01_s"
        },
        {
            "matrix": [
                0.0000400543212890625,
                -0.9940659403800964,
                0.10840968787670136,
                0.0,
                0.9999598860740662,
                0.0000400543212890625,
                0.0,
                0.0,
                0.0,
                0.10840968787670136,
                0.9941059947013856,
                0.0,
                2.430185079574585,
                -0.6158260107040405,
                -0.1894640028476715,
                1.0
            ],
            "name": "L_hat_ear_s"
        },
        {
            "matrix": [
                0.0000400543212890625,
                0.9940659403800964,
                -0.10840968787670136,
                0.0,
                0.9999598860740662,
                0.0000400543212890625,
                0.0,
                0.0,
                0.0,
                -0.10840968787670136,
                -0.9940258860588074,
                0.0,
                -2.430189847946167,
                -0.6158289909362793,
                -0.1894640028476715,
                1.0
            ],
            "name": "R_hat_ear_s"
        },
        {
            "matrix": [
                1.0,
                0.0,
                -0.0,
                0.0,
                -0.0,
                0.5666353106498718,
                -0.8239490389823914,
                0.0,
                0.0,
                0.8239490389823914,
                0.5666353106498718,
                0.0,
                0.0,
                1.7344419956207276,
                -2.1142899990081789,
                1.0
            ],
            "name": "hat_02_s"
        },
        {
            "children": [
                64,
                63,
                62,
                61,
                60,
                59,
                58,
                57,
                56,
                55,
                54
            ],
            "name": "GEO"
        },
        {
            "mesh": 0,
            "skin": 0,
            "name": "scarf_GEO"
        },
        {
            "mesh": 1,
            "skin": 1,
            "name": "hair_GEO"
        },
        {
            "mesh": 2,
            "skin": 2,
            "name": "gloves_GEO"
        },
        {
            "mesh": 3,
            "skin": 3,
            "name": "fan_GEO"
        },
        {
            "mesh": 4,
            "skin": 4,
            "name": "cord_GEO"
        },
        {
            "mesh": 5,
            "skin": 5,
            "name": "buttons_GEO"
        },
        {
            "mesh": 6,
            "skin": 6,
            "name": "backpack_GEO"
        },
        {
            "mesh": 7,
            "skin": 7,
            "name": "hat_GEO"
        },
        {
            "mesh": 8,
            "skin": 8,
            "name": "pipe_GEO"
        },
        {
            "mesh": 9,
            "skin": 9,
            "name": "blower_GEO"
        },
        {
            "mesh": 10,
            "skin": 10,
            "name": "body_GEO"
        }
    ],
    "meshes": [
        {
            "primitives": [
                {
                    "attributes": {
                        "JOINTS_0": 1,
                        "NORMAL": 2,
                        "POSITION": 3,
                        "WEIGHTS_0": 4
                    },
                    "indices": 0,
                    "mode": 4,
                    "material": 0
                }
            ],
            "name": "scarf_GEO-mesh"
        },
        {
            "primitives": [
                {
                    "attributes": {
                        "JOINTS_0": 6,
                        "NORMAL": 7,
                        "POSITION": 8,
                        "WEIGHTS_0": 9
                    },
                    "indices": 5,
                    "mode": 4,
                    "material": 0
                }
            ],
            "name": "hair_GEO-mesh"
        },
        {
            "primitives": [
                {
                    "attributes": {
                        "JOINTS_0": 11,
                        "NORMAL": 12,
                        "POSITION": 13,
                        "WEIGHTS_0": 14
                    },
                    "indices": 10,
                    "mode": 4,
                    "material": 0
                }
            ],
            "name": "gloves_GEO-mesh"
        },
        {
            "primitives": [
                {
                    "attributes": {
                        "JOINTS_0": 16,
                        "NORMAL": 17,
                        "POSITION": 18,
                        "WEIGHTS_0": 19
                    },
                    "indices": 15,
                    "mode": 4,
                    "material": 0
                }
            ],
            "name": "fan_GEO-mesh"
        },
        {
            "primitives": [
                {
                    "attributes": {
                        "JOINTS_0": 21,
                        "NORMAL": 22,
                        "POSITION": 23,
                        "WEIGHTS_0": 24
                    },
                    "indices": 20,
                    "mode": 4,
                    "material": 0
                }
            ],
            "name": "cord_GEO-mesh"
        },
        {
            "primitives": [
                {
                    "attributes": {
                        "JOINTS_0": 26,
                        "NORMAL": 27,
                        "POSITION": 28,
                        "WEIGHTS_0": 29
                    },
                    "indices": 25,
                    "mode": 4,
                    "material": 0
                }
            ],
            "name": "buttons_GEO-mesh"
        },
        {
            "primitives": [
                {
                    "attributes": {
                        "JOINTS_0": 31,
                        "NORMAL": 32,
                        "POSITION": 33,
                        "WEIGHTS_0": 34
                    },
                    "indices": 30,
                    "mode": 4,
                    "material": 0
                }
            ],
            "name": "backpack_GEO-mesh"
        },
        {
            "primitives": [
                {
                    "attributes": {
                        "JOINTS_0": 36,
                        "NORMAL": 37,
                        "POSITION": 38,
                        "WEIGHTS_0": 39
                    },
                    "indices": 35,
                    "mode": 4,
                    "material": 0
                }
            ],
            "name": "hat_GEO-mesh"
        },
        {
            "primitives": [
                {
                    "attributes": {
                        "JOINTS_0": 41,
                        "NORMAL": 42,
                        "POSITION": 43,
                        "WEIGHTS_0": 44
                    },
                    "indices": 40,
                    "mode": 4,
                    "material": 0
                }
            ],
            "name": "pipe_GEO-mesh"
        },
        {
            "primitives": [
                {
                    "attributes": {
                        "JOINTS_0": 46,
                        "NORMAL": 47,
                        "POSITION": 48,
                        "WEIGHTS_0": 49
                    },
                    "indices": 45,
                    "mode": 4,
                    "material": 0
                }
            ],
            "name": "blower_GEO-mesh"
        },
        {
            "primitives": [
                {
                    "attributes": {
                        "JOINTS_0": 51,
                        "NORMAL": 52,
                        "POSITION": 53,
                        "WEIGHTS_0": 54
                    },
                    "indices": 50,
                    "mode": 4,
                    "material": 0
                }
            ],
            "name": "body_GEO-mesh"
        }
    ],
    "animations": [
        {
            "channels": [
                {
                    "sampler": 0,
                    "target": {
                        "node": 3,
                        "path": "translation"
                    }
                },
                {
                    "sampler": 1,
                    "target": {
                        "node": 3,
                        "path": "rotation"
                    }
                },
                {
                    "sampler": 2,
                    "target": {
                        "node": 3,
                        "path": "scale"
                    }
                },
                {
                    "sampler": 3,
                    "target": {
                        "node": 12,
                        "path": "translation"
                    }
                },
                {
                    "sampler": 4,
                    "target": {
                        "node": 12,
                        "path": "rotation"
                    }
                },
                {
                    "sampler": 5,
                    "target": {
                        "node": 12,
                        "path": "scale"
                    }
                },
                {
                    "sampler": 6,
                    "target": {
                        "node": 13,
                        "path": "translation"
                    }
                },
                {
                    "sampler": 7,
                    "target": {
                        "node": 13,
                        "path": "rotation"
                    }
                },
                {
                    "sampler": 8,
                    "target": {
                        "node": 13,
                        "path": "scale"
                    }
                },
                {
                    "sampler": 9,
                    "target": {
                        "node": 14,
                        "path": "translation"
                    }
                },
                {
                    "sampler": 10,
                    "target": {
                        "node": 14,
                        "path": "rotation"
                    }
                },
                {
                    "sampler": 11,
                    "target": {
                        "node": 14,
                        "path": "scale"
                    }
                },
                {
                    "sampler": 12,
                    "target": {
                        "node": 15,
                        "path": "translation"
                    }
                },
                {
                    "sampler": 13,
                    "target": {
                        "node": 15,
                        "path": "rotation"
                    }
                },
                {
                    "sampler": 14,
                    "target": {
                        "node": 15,
                        "path": "scale"
                    }
                },
                {
                    "sampler": 15,
                    "target": {
                        "node": 44,
                        "path": "translation"
                    }
                },
                {
                    "sampler": 16,
                    "target": {
                        "node": 44,
                        "path": "rotation"
                    }
                },
                {
                    "sampler": 17,
                    "target": {
                        "node": 44,
                        "path": "scale"
                    }
                },
                {
                    "sampler": 18,
                    "target": {
                        "node": 48,
