{
    "asset": {
        "generator": "COLLADA2GLTF",
        "version": "2.0"
    },
    "scenes": [
        {
            "nodes": [
                0
            ]
        }
    ],
    "scene": 0,
    "nodes": [
        {
            "children": [
                2,
                1
            ],
            "name": "Y_UP"
        },
        {
            "matrix": [
                0.6972104907035828,
                -0.000017406424376531505,
                0.7168511152267456,
                0.0,
                0.026724856346845628,
                0.9993058443069458,
                -0.025966987013816838,
                0.0,
                -0.716352641582489,
                0.03726259618997574,
                0.6967265605926514,
                0.0,
                -23.86665153503418,
                8.416664123535157,
                23.20967674255371,
                1.0
            ],
            "camera": 0,
            "name": "portrait_small_ncl1_1"
        },
        {
            "children": [
                12,
                3
            ],
            "name": "CHARACTER"
        },
        {
            "children": [
                11,
                10,
                9,
                8,
                7,
                6,
                5,
                4
            ],
            "name": "geoGrp"
        },
        {
            "mesh": 0,
            "skin": 0,
            "name": "arrowGeo5"
        },
        {
            "mesh": 1,
            "skin": 1,
            "name": "quiverGeo"
        },
        {
            "mesh": 2,
            "skin": 2,
            "name": "bowGeo"
        },
        {
            "mesh": 3,
            "skin": 3,
            "name": "arrowGeo"
        },
        {
            "mesh": 4,
            "skin": 4,
            "name": "legsGeo"
        },
        {
            "mesh": 5,
            "skin": 5,
            "name": "torsoGeo"
        },
        {
            "mesh": 6,
            "skin": 6,
            "name": "hatGeo"
        },
        {
            "mesh": 7,
            "skin": 7,
            "name": "hairGeo"
        },
        {
            "children": [
                13
            ],
            "name": "Root"
        },
        {
            "children": [
                22,
                18,
                14
            ],
            "matrix": [
                0.2510780692100525,
                0.1531294584274292,
                0.9557649493217468,
                0.0,
                0.01236110832542181,
                0.9868197441101074,
                -0.161349356174469,
                0.0,
                -0.9678754210472108,
                0.052323829382658008,
                0.24587611854076384,
                0.0,
                0.01396699994802475,
                3.2798891067504885,
                -0.4230250120162964,
                1.0
            ],
            "name": "hips_s"
        },
        {
            "children": [
                15
            ],
            "matrix": [
                -0.8119256496429443,
                0.4851315617561341,
                -0.32446321845054629,
                0.0,
                0.5835297107696533,
                0.6854004263877869,
                -0.43553951382637026,
                0.0,
                0.011080547235906124,
                -0.542999267578125,
                -0.8395713567733765,
                0.0,
                -1.3253799676895142,
                -0.11859999597072602,
                -0.0,
                1.0
            ],
            "name": "R_upperLeg_s"
        },
        {
            "children": [
                16
            ],
            "matrix": [
                1.0,
                0.0,
                -0.0,
                0.0,
                -0.0,
                0.03632104769349098,
                -0.999334454536438,
                0.0,
                0.0,
                0.999334454536438,
                0.03632104769349098,
                0.0,
                0.0,
                -1.4550420045852662,
                -0.0,
                1.0
            ],
            "name": "R_lowerLeg_s"
        },
        {
            "children": [
                17
            ],
            "matrix": [
                -0.9364761114120485,
                0.2928361296653748,
                0.19247396290302277,
                0.0,
                -0.3373379111289978,
                -0.6046233773231506,
                -0.7214263677597046,
                0.0,
                -0.0948800891637802,
                -0.7406079769134522,
                0.6651769280433655,
                0.0,
                -0.0,
                -2.159039974212647,
                0.0,
                1.0
            ],
            "name": "R_ankle_s"
        },
        {
            "matrix": [
                -0.999897301197052,
                0.00002938834404631052,
                0.009721762500703337,
                0.0,
                0.00963812693953514,
                -0.12789848446846009,
                0.991709291934967,
                0.0,
                0.0012728467117995024,
                0.9917557239532472,
                0.12794724106788636,
                0.0,
                -0.001939999987371266,
                0.4931130111217499,
                -1.3501839637756348,
                1.0
            ],
            "name": "R_toes_s"
        },
        {
            "children": [
                19
            ],
            "matrix": [
                -0.33262112736701968,
                0.03299886360764504,
                0.9424434304237366,
                0.0,
                0.5287489295005798,
                -0.820936381816864,
                0.21537509560585026,
                0.0,
                0.7808411121368408,
                0.5699759125709534,
                0.25568029284477236,
                0.0,
                1.3253819942474366,
                -0.1186020001769066,
                -0.0,
                1.0
            ],
            "name": "L_upperLeg_s"
        },
        {
            "children": [
                20
            ],
            "matrix": [
                1.0,
                0.0,
                0.0,
                0.0,
                0.0,
                1.0,
                0.0,
                0.0,
                0.0,
                0.0,
                1.0,
                0.0,
                0.0,
                1.5661890506744385,
                -0.0,
                1.0
            ],
            "name": "L_lowerLeg_s"
        },
        {
            "children": [
                21
            ],
            "matrix": [
                -0.9989874362945556,
                -0.04298647120594978,
                0.000013251791642687748,
                0.0,
                0.030897514894604684,
                -0.7178183794021606,
                0.6954346895217896,
                0.0,
                -0.029886100441217424,
                0.6947925686836243,
                0.718571662902832,
                0.0,
                -0.0,
                2.3239738941192629,
                -0.0,
                1.0
            ],
            "name": "L_ankle_s"
        },
        {
            "matrix": [
                -0.9998973608016968,
                -0.000016807576685096138,
                0.009762384928762913,
                0.0,
                0.009684321470558644,
                -0.1278984695672989,
                0.9917089343070984,
                0.0,
                0.0012322263792157174,
                0.9917557239532472,
                0.12794721126556397,
                0.0,
                0.0019389999797567728,
                -0.4931130111217499,
                1.3501839637756348,
                1.0
            ],
            "name": "L_toes_s"
        },
        {
            "children": [
                23
            ],
            "translation": [
                0.02122199907898903,
                0.5754960179328919,
                0.046859998255968097
            ],
            "rotation": [
                -0.03657094389200211,
                0.006520640570670366,
                -0.02842015214264393,
                -0.998905599117279
            ],
            "scale": [
                1.0000003576278689,
                1.0000001192092896,
                0.9999998211860656
            ],
            "name": "spine_lower_s"
        },
        {
            "children": [
                24
            ],
            "translation": [
                -0.000025999999706982636,
                0.6741549968719482,
                0.01608400046825409
            ],
            "rotation": [
                0.03586322441697121,
                -0.004736653529107571,
                -0.03509428352117539,
                -0.9987289905548096
            ],
            "scale": [
                0.9999999403953552,
                0.9999992847442628,
                1.000000238418579
            ],
            "name": "spine_mid_s"
        },
        {
            "children": [
                25
            ],
            "translation": [
                -0.000295000005280599,
                0.7049700021743774,
                0.002876000013202429
            ],
            "rotation": [
                0.03561781346797943,
                -0.0062131271697580818,
                -0.03970864787697792,
                -0.9985570311546326
            ],
            "scale": [
                1.0000003576278689,
                0.9999997615814208,
                1.0000001192092896
            ],
            "name": "spine_upper_s"
        },
        {
            "children": [
                53,
                39,
                37,
                26
            ],
            "translation": [
                0.012492000125348568,
                0.6111909747123718,
                -0.0032909999135881664
            ],
            "rotation": [
                0.024728946387767793,
                0.06677430123090744,
                -0.02309880778193474,
                -0.9971940517425536
            ],
            "scale": [
                0.9999998211860656,
                1.0000001192092896,
                0.9999995231628418
            ],
            "name": "chest_s"
        },
        {
            "children": [
                27
            ],
            "translation": [
                -0.2806270122528076,
                1.097141981124878,
                0.8756539821624756
            ],
            "rotation": [
                0.9476539492607116,
                -0.16215617954730988,
                -0.27457666397094729,
                0.013964131474494934
            ],
            "scale": [
                0.9999856352806092,
                0.9998637437820436,
                0.9998707175254822
            ],
            "name": "R_clavicle_s"
        },
        {
            "children": [
                28
            ],
            "translation": [
                -2.470592975616455,
                -0.1159299984574318,
                1.7050559520721436
            ],
            "rotation": [
                0.6298008561134338,
                0.2623349726200104,
                0.5583500266075134,
                -0.4719506800174713
            ],
            "scale": [
                0.9999706149101256,
                0.9999446868896484,
                0.9999634623527528
            ],
            "name": "R_shoulder_s"
        },
        {
            "children": [
                36,
                29
            ],
            "translation": [
                0.0,
                -2.710345983505249,
                -0.0
            ],
            "rotation": [
                -0.013379729352891446,
                0.04518350213766098,
                0.9575580954551696,
                -0.2842655181884766
            ],
            "scale": [
                0.9998987913131714,
                0.99989914894104,
                0.999999701976776
            ],
            "name": "R_elbow_s"
        },
        {
            "children": [
                34,
                32,
                30
            ],
            "translation": [
                -0.0,
                -2.201725959777832,
                0.0
            ],
            "rotation": [
                0.031495045870542529,
                0.44022318720817568,
                -0.012302745133638382,
                -0.8972435593605042
            ],
            "scale": [
                0.9999766945838928,
                0.9999998211860656,
                0.9999773502349854
            ],
            "name": "R_wrist_s"
        },
        {
            "children": [
                31
            ],
            "translation": [
                -0.6354110240936279,
                -0.4824909865856171,
                -0.05054999887943268
            ],
            "rotation": [
                0.30532482266426089,
                0.6200613975524902,
                0.054532136768102649,
                -0.7206218838691711
            ],
            "scale": [
                0.9999740719795228,
                0.9999934434890748,
                0.9999681115150452
            ],
            "name": "R_thumb_01_s"
        },
        {
            "translation": [
                0.0,
                -0.6783499717712402,
                0.0
            ],
            "rotation": [
                -0.13096371293067933,
                0.05483989790081978,
                0.08452048897743225,
                -0.9862533807754516
            ],
            "scale": [
                0.9999984502792358,
                0.99999737739563,
                0.9999975562095642
            ],
            "name": "R_thumb_02_s"
        },
        {
            "children": [
                33
            ],
            "translation": [
                -0.7671639919281006,
                -1.3724329471588138,
                -0.32040998339653017
            ],
            "rotation": [
                0.03100406564772129,
                0.9753669500350952,
                -0.2166286408901215,
                -0.027067044749855996
            ],
            "scale": [
                0.9999250769615172,
                0.999996542930603,
                0.9999287128448486
            ],
            "name": "R_index_01_s"
        },
        {
            "translation": [
                -0.0,
                -0.7885739803314209,
                -0.0
            ],
            "rotation": [
                -0.5729418396949768,
                -0.0515180341899395,
                0.011533869430422785,
                -0.8178811073303223
            ],
            "scale": [
                0.9999998807907105,
                0.9999717473983764,
                0.9999722838401794
            ],
            "name": "R_index_02_s"
        },
        {
            "children": [
                35
            ],
            "translation": [
                0.23849299550056456,
                -1.4141210317611697,
                -0.3260450065135956
            ],
            "rotation": [
                -0.053518909960985187,
                0.8117651343345642,
                -0.5795730948448181,
                0.04730580374598503
            ],
            "scale": [
                0.9999394416809082,
                0.9999797940254213,
                0.9999597072601318
            ],
            "name": "R_middle_01_s"
        },
        {
            "translation": [
                0.0,
                -0.6565030217170715,
                -0.0
            ],
            "rotation": [
                -0.6108631491661072,
                -0.02091469801962376,
                0.008212096989154816,
                -0.7914007306098938
            ],
            "scale": [
                1.0,
                0.999967098236084,
                0.999967098236084
            ],
            "name": "R_middle_02_s"
        },
        {
            "translation": [
                -0.0,
                -0.733909010887146,
                0.0
            ],
            "rotation": [
                -0.0,
                0.04758255556225777,
                -0.0,
                -0.9988671541213988
            ],
            "scale": [
                0.999999463558197,
                1.0,
                0.999999463558197
            ],
            "name": "R_forearm_twist_s"
        },
        {
            "children": [
                38
            ],
            "matrix": [
                0.8661655783653259,
                0.47609636187553408,
                -0.1519126445055008,
                0.0,
                -0.494219183921814,
                0.8611330986022949,
                -0.11909806728363036,
                0.0,
                0.07411129027605057,
                0.17823942005634309,
                0.9811910390853882,
                0.0,
                -1.7937029600143433,
                1.4126349687576297,
                -3.632101058959961,
                1.0
            ],
            "name": "back_item_01_s"
        },
        {
            "name": "back_item_arrows_s"
        },
        {
            "children": [
                40
            ],
            "translation": [
                0.2806270122528076,
                1.0971399545669556,
                0.8756539821624756
            ],
            "rotation": [
                0.01485582534223795,
                0.09808534383773804,
                -0.1490195989608765,
                -0.9838448762893676
            ],
            "scale": [
                0.9999977350234984,
                0.9999986290931702,
                0.999999701976776
            ],
            "name": "L_clavicle_s"
        },
        {
            "children": [
                41
            ],
            "translation": [
                2.4705970287323,
                0.11593200266361237,
                -1.7050559520721436
            ],
            "rotation": [
                0.5643784999847412,
                0.5522291660308838,
                0.5227940678596497,
                -0.32117509841918948
            ],
            "scale": [
                0.9999390840530396,
                0.9999367594718932,
                0.9999337196350098
            ],
            "name": "L_shoulder_s"
        },
        {
            "children": [
                52,
                42
            ],
            "matrix": [
                0.9535444974899292,
                -0.30125030875205996,
                0.00000937539789447328,
                0.0,
                0.30125030875205996,
                0.9535444974899292,
                -0.0000607972324360162,
                0.0,
                0.000009375401532452088,
                0.00006079725426388905,
                1.0,
                0.0,
                0.0,
                2.710344076156616,
                -0.0,
                1.0
            ],
            "name": "L_elbow_s"
        },
        {
            "children": [
                50,
                48,
                46,
                43
            ],
            "translation": [
                0.0,
                2.201719999313355,
                -0.0
            ],
            "rotation": [
                -0.11558490991592409,
                0.5964707732200623,
                0.03266391530632973,
                -0.7935818433761597
            ],
            "scale": [
                0.99997079372406,
                0.9999991655349731,
                0.9999706149101256
            ],
            "name": "L_wrist_s"
        },
        {
            "children": [
                44
            ],
            "matrix": [
                -0.968057096004486,
                -0.24484628438949586,
                -0.05292433872818947,
                0.0,
                0.2443729043006897,
                -0.87661212682724,
                -0.41439715027809145,
                0.0,
                0.05506950244307518,
                -0.4141172170639038,
                0.908552885055542,
                0.0,
                0.13485300540924073,
                1.2104690074920657,
                -0.417153000831604,
                1.0
            ],
            "name": "L_gunbone_00_s"
        },
        {
            "children": [
                45
            ],
            "translation": [
                -0.14159199595451356,
                9.21922779083252,
                -0.5201089978218079
            ],
            "rotation": [
                -0.007504777517169714,
                0.0011072622146457434,
                0.0032295158598572017,
                -0.9999661445617676
            ],
            "scale": [
                1.0000004768371585,
                1.0000004768371585,
                1.0
            ],
            "name": "L_gunbone_01_s"
        },
        {
            "matrix": [
                0.7492477297782898,
                -0.05084811523556709,
                -0.6603159308433533,
                0.0,
                0.07685598731040955,
                1.1839401721954346,
                -0.003964392468333244,
                0.0,
                0.6590956449508667,
                -0.04027299955487251,
                0.7509645819664002,
                0.0,
                -0.40781599283218386,
                -5.964202880859375,
                -0.07902299612760544,
                1.0
            ],
            "name": "arrow_s"
        },
        {
            "children": [
                47
            ],
            "matrix": [
                0.7323645353317261,
                0.6203192472457886,
                0.2807284593582154,
                0.0,
                0.14870834350585938,
                0.2566786706447602,
                -0.954932689666748,
                0.0,
                -0.6644473671913147,
                0.7410902380943298,
                0.09574325382709505,
                0.0,
                0.6354110240936279,
                0.4824909865856171,
                0.05055100098252297,
                1.0
            ],
            "name": "L_thumb_01_s"
        },
        {
            "matrix": [
                0.9797003269195556,
                -0.14025378227233888,
                0.1432349979877472,
                0.0,
                0.08626019209623337,
                0.9399102926254273,
                0.3303449153900147,
                0.0,
                -0.18096017837524418,
                -0.31128376722335818,
                0.9329292178153992,
                0.0,
                -0.0,
                0.6783509850502014,
                -0.0,
                1.0
            ],
            "name": "L_thumb_02_s"
        },
        {
            "children": [
                49
            ],
            "matrix": [
                -0.987763524055481,
                -0.1315716803073883,
                0.08279821276664734,
                0.0,
                -0.14583788812160493,
                0.9687786102294922,
                -0.20049339532852177,
                0.0,
                -0.05383269116282463,
                -0.21013125777244569,
                -0.9761098027229308,
                0.0,
                0.7671650052070618,
                1.3724340200424197,
                0.3204190135002136,
                1.0
            ],
            "name": "L_index_01_s"
        },
        {
            "matrix": [
                0.9944270253181458,
                0.04014386236667633,
                -0.09748601913452149,
                0.0,
                0.004258916713297367,
                0.908620834350586,
                0.4175931215286255,
                0.0,
                0.10534188896417618,
                -0.41568124294281008,
                0.9033865332603456,
                0.0,
                -0.0,
                0.7885779738426209,
                -0.0,
                1.0
            ],
            "name": "L_index_02_s"
        },
        {
            "children": [
                51
            ],
            "matrix": [
                -0.9395662546157836,
                -0.3322308659553528,
                -0.08182728290557862,
                0.0,
                -0.14195072650909425,
                0.5961258411407471,
                -0.7902241945266724,
                0.0,
                0.3113245368003845,
                -0.7309079766273499,
                -0.6072328686714172,
                0.0,
                -0.2384900003671646,
                1.4141210317611697,
                0.3260599970817566,
                1.0
            ],
            "name": "L_middle_01_s"
        },
        {
            "matrix": [
                0.9989888668060304,
                0.012563507072627545,
                -0.043164998292922977,
                0.0,
                0.018786314874887468,
                0.7556469440460205,
                0.6547025442123413,
                0.0,
                0.04084280133247376,
                -0.6548514366149902,
                0.7546467185020447,
                0.0,
                -0.0,
                0.6565049886703491,
                0.0,
                1.0
            ],
            "name": "L_middle_02_s"
        },
        {
            "translation": [
                0.0,
                0.7339069843292236,
                -0.0
            ],
            "rotation": [
                -0.0,
                0.2268955111503601,
                -0.0,
                -0.9739177227020264
            ],
            "scale": [
                0.999994933605194,
                1.0,
                0.999994933605194
            ],
            "name": "L_forearm_twist_s"
        },
        {
            "children": [
                54
            ],
            "translation": [
                -0.0,
                2.08442497253418,
                -0.4661499857902527
            ],
            "rotation": [
                0.04653596132993698,
                -0.1633525937795639,
                -0.09707038849592208,
                -0.9806764721870422
            ],
            "scale": [
                0.9999975562095642,
                0.999999225139618,
                0.9999980926513672
            ],
            "name": "neck_s"
        },
        {
            "children": [
                56,
                55
            ],
            "translation": [
                -0.18215399980545045,
                1.852200984954834,
                0.4603559970855713
            ],
            "rotation": [
                -0.06305300444364548,
                -0.4582877457141876,
                -0.018608329817652704,
                -0.8863657712936401
            ],
            "scale": [
                0.9999906420707704,
                0.999999463558197,
                0.999990463256836
            ],
            "name": "head_s"
        },
        {
            "matrix": [
                1.0,
                0.0,
                0.0,
                0.0,
                0.0,
                0.999348282814026,
                0.03610338270664215,
                0.0,
                0.0,
                -0.03610338270664215,
                0.999348282814026,
                0.0,
                -0.0,
                1.4411020278930665,
                0.035631000995635989,
                1.0
            ],
            "name": "hat_01_s"
        },
        {
            "children": [
                57
            ],
            "matrix": [
                0.7751296162605286,
                -0.18107520043849946,
                0.6052896976470947,
                0.0,
                0.3348488509654999,
                -0.694646418094635,
                -0.6366060376167297,
                0.0,
                0.535761296749115,
                0.696134090423584,
                -0.47779831290245058,
                0.0,
                0.0,
                -0.8351370096206665,
                -2.1541829109191896,
                1.0
            ],
            "name": "hair_01_s"
        },
        {
            "children": [
                58
            ],
            "matrix": [
                1.0,
                0.0,
                -0.0,
                0.0,
                -0.0,
                0.7929418087005615,
                -0.6092791557312012,
                0.0,
                0.0,
                0.6092791557312012,
                0.7929418087005615,
                0.0,
                -0.0,
                1.9030870199203492,
                0.0,
                1.0
            ],
            "name": "hair_02_s"
        },
        {
            "matrix": [
                1.0,
                0.0,
                0.0,
                0.0,
                0.0,
                1.0,
                0.0,
                0.0,
                0.0,
                0.0,
                1.0,
                0.0,
                0.0,
                1.161734938621521,
                -0.01756400056183338,
                1.0
            ],
            "name": "hair_03_s"
        }
    ],
    "cameras": [
        {
            "perspective": {
                "yfov": 0.4403952658176422,
                "zfar": 10000.0,
                "znear": 0.10000000149011612
            },
            "type": "perspective",
            "name": "portrait_small-camera"
        }
    ],
    "meshes": [
        {
            "primitives": [
                {
                    "attributes": {
                        "JOINTS_0": 1,
                        "NORMAL": 2,
                        "POSITION": 3,
                        "WEIGHTS_0": 4
                    },
                    "indices": 0,
                    "mode": 4,
                    "material": 0
                }
            ],
            "name": "arrowGeo5-mesh"
        },
        {
            "primitives": [
                {
                    "attributes": {
                        "JOINTS_0": 6,
                        "NORMAL": 7,
                        "POSITION": 8,
                        "WEIGHTS_0": 9
                    },
                    "indices": 5,
                    "mode": 4,
                    "material": 0
                }
            ],
            "name": "quiverGeo-mesh"
        },
        {
            "primitives": [
                {
                    "attributes": {
                        "JOINTS_0": 11,
                        "NORMAL": 12,
                        "POSITION": 13,
                        "WEIGHTS_0": 14
                    },
                    "indices": 10,
                    "mode": 4,
                    "material": 0
                }
            ],
            "name": "bowGeo-mesh"
        },
        {
            "primitives": [
                {
                    "attributes": {
                        "JOINTS_0": 16,
                        "NORMAL": 17,
                        "POSITION": 18,
                        "WEIGHTS_0": 19
                    },
                    "indices": 15,
                    "mode": 4,
                    "material": 0
                }
            ],
            "name": "arrowGeo-mesh"
        },
        {
            "primitives": [
                {
                    "attributes": {
                        "JOINTS_0": 21,
                        "NORMAL": 22,
                        "POSITION": 23,
                        "WEIGHTS_0": 24
                    },
                    "indices": 20,
                    "mode": 4,
                    "material": 0
                }
            ],
            "name": "legsGeo-mesh"
        },
        {
            "primitives": [
                {
                    "attributes": {
                        "JOINTS_0": 26,
                        "NORMAL": 27,
                        "POSITION": 28,
                        "WEIGHTS_0": 29
                    },
                    "indices": 25,
                    "mode": 4,
                    "material": 0
                }
            ],
            "name": "torsoGeo-mesh"
        },
        {
            "primitives": [
                {
                    "attributes": {
                        "JOINTS_0": 31,
                        "NORMAL": 32,
                        "POSITION": 33,
                        "WEIGHTS_0": 34
                    },
                    "indices": 30,
                    "mode": 4,
                    "material": 0
                }
            ],
            "name": "hatGeo-mesh"
        },
        {
            "primitives": [
                {
                    "attributes": {
                        "JOINTS_0": 36,
                        "NORMAL": 37,
                        "POSITION": 38,
                        "WEIGHTS_0": 39
                    },
                    "indices": 35,
                    "mode": 4,
                    "material": 1
                },
                {
                    "attributes": {
                        "JOINTS_0": 41,
                        "NORMAL": 42,
                        "POSITION": 43,
                        "WEIGHTS_0": 44
                    },
                    "indices": 40,
                    "mode": 4,
                    "material": 0
                }
            ],
            "name": "hairGeo-mesh"
        }
    ],
    "animations": [
        {
            "channels": [
                {
                    "sampler": 0,
                    "target": {
                        "node": 22,
                        "path": "translation"
                    }
                },
                {
                    "sampler": 1,
                    "target": {
                        "node": 22,
                        "path": "rotation"
                    }
                },
                {
                    "sampler": 2,
                    "target": {
                        "node": 22,
                        "path": "scale"
                    }
                },
                {
                    "sampler": 3,
                    "target": {
                        "node": 23,
                        "path": "translation"
                    }
                },
                {
                    "sampler": 4,
                    "target": {
                        "node": 23,
                        "path": "rotation"
                    }
                },
                {
                    "sampler": 5,
                    "target": {
                        "node": 23,
                        "path": "scale"
                    }
                },
                {
                    "sampler": 6,
                    "target": {
                        "node": 24,
                        "path": "translation"
                    }
                },
                {
                    "sampler": 7,
                    "target": {
                        "node": 24,
                        "path": "rotation"
                    }
                },
                {
                    "sampler": 8,
                    "target": {
                        "node": 24,
                        "path": "scale"
                    }
                },
                {
                    "sampler": 9,
                    "target": {
                        "node": 25,
                        "path": "translation"
                    }
                },
                {
                    "sampler": 10,
                    "target": {
                        "node": 25,
                        "path": "rotation"
                    }
                },
                {
                    "sampler": 11,
                    "target": {
                        "node": 25,
                        "path": "scale"
                    }
                },
                {
                    "sampler": 12,
                    "target": {
                        "node": 53,
                        "path": "translation"
                    }
                },
                {
                    "sampler": 13,
                    "target": {
                        "node": 53,
                        "path": "rotation"
                    }
                },
                {
                    "sampler": 14,
                    "target": {
                        "node": 53,
                        "path": "scale"
                    }
                },
                {
                    "sampler": 15,
                    "target": {
                        "node": 54,
                        "path": "translation"
                    }
                },
                {
                    "sampler": 16,
                    "target": {
                        "node": 54,
                        "path": "rotation"
                    }
                },
                {
                    "sampler": 17,
                    "target": {
                        "node": 54,
                        "path": "scale"
                    }
                },
                {
                    "sampler": 18,
                    "target": {
                        "node": 39,
                        "path": "translation"
                    }
                },
                {
                    "sampler": 19,
                    "target": {
                        "node": 39,
                        "path": "rotation"
                    }
                },
                {
                    "sampler": 20,
                    "target": {
                        "node": 39,
                        "path": "scale"
                    }
                },
                {
                    "sampler": 21,
                    "target": {
                        "node": 40,
                        "path": "translation"
                    }
                },
                {
                    "sampler": 22,
                    "target": {
                        "node": 40,
                        "path": "rotation"
                    }
                },
                {
                    "sampler": 23,
                    "target": {
                        "node": 40,
                        "path": "scale"
                    }
                },
                {
                    "sampler": 24,
                    "target": {
                        "node": 52,
                        "path": "translation"
                    }
                },
                {
                    "sampler": 25,
                    "target": {
                        "node": 52,
                        "path": "rotation"
                    }
                },
                {
                    "sampler": 26,
                    "target": {
                        "node": 52,
                        "path": "scale"
                    }
                },
                {
                    "sampler": 27,
                    "target": {
                        "node": 42,
                        "path": "translation"
                    }
                },
                {
                    "sampler": 28,
                    "target": {
                        "node": 42,
                        "path": "rotation"
                    }
                },
                {
                    "sampler": 29,
                    "target": {
                        "node": 42,
                        "path": "scale"
                    }
                },
                {
                    "sampler": 30,
                    "target": {
                        "node": 44,
