{
    "asset": {
        "generator": "COLLADA2GLTF",
        "version": "2.0"
    },
    "scenes": [
        {
            "nodes": [
                0
            ]
        }
    ],
    "scene": 0,
    "nodes": [
        {
            "children": [
                2,
                1
            ],
            "name": "Y_UP"
        },
        {
            "matrix": [
                0.6972104907035828,
                -0.000017406424376531505,
                0.7168511152267456,
                0.0,
                0.026724856346845628,
                0.9993058443069458,
                -0.025966987013816838,
                0.0,
                -0.716352641582489,
                0.03726259618997574,
                0.6967265605926514,
                0.0,
                -23.86665153503418,
                8.416664123535157,
                23.20967674255371,
                1.0
            ],
            "camera": 0,
            "name": "portrait_small_ncl1_1"
        },
        {
            "children": [
                12,
                3
            ],
            "name": "CHARACTER"
        },
        {
            "children": [
                11,
                10,
                9,
                8,
                7,
                6,
                5,
                4
            ],
            "name": "geoGrp"
        },
        {
            "mesh": 0,
            "skin": 0,
            "name": "arrowGeo5"
        },
        {
            "mesh": 1,
            "skin": 1,
            "name": "quiverGeo"
        },
        {
            "mesh": 2,
            "skin": 2,
            "name": "bowGeo"
        },
        {
            "mesh": 3,
            "skin": 3,
            "name": "arrowGeo"
        },
        {
            "mesh": 4,
            "skin": 4,
            "name": "legsGeo"
        },
        {
            "mesh": 5,
            "skin": 5,
            "name": "torsoGeo"
        },
        {
            "mesh": 6,
            "skin": 6,
            "name": "hatGeo"
        },
        {
            "mesh": 7,
            "skin": 7,
            "name": "hairGeo"
        },
        {
            "children": [
                13
            ],
            "name": "Root"
        },
        {
            "children": [
                22,
                18,
                14
            ],
            "translation": [
                0.3542729914188385,
                4.193758010864258,
                -0.08118899911642075
            ],
            "rotation": [
                -0.1374835968017578,
                0.18755589425563813,
                0.01623966917395592,
                -0.9724472761154176
            ],
            "scale": [
                0.9999954104423524,
                0.9999979138374328,
                0.9999927878379822
            ],
            "name": "hips_s"
        },
        {
            "children": [
                15
            ],
            "translation": [
                -1.3253799676895142,
                -0.11859999597072602,
                -0.0
            ],
            "rotation": [
                0.08378475159406662,
                0.9174495935440064,
                0.3422133624553681,
                -0.1847018003463745
            ],
            "scale": [
                0.9999208450317384,
                0.999989092350006,
                0.999929428100586
            ],
            "name": "R_upperLeg_s"
        },
        {
            "children": [
                16
            ],
            "translation": [
                0.0,
                -1.4550420045852662,
                -0.0
            ],
            "rotation": [
                0.47871050238609316,
                -0.0,
                -0.0,
                -0.8779689073562622
            ],
            "scale": [
                1.0,
                0.9999893307685852,
                0.9999893307685852
            ],
            "name": "R_lowerLeg_s"
        },
        {
            "children": [
                17
            ],
            "translation": [
                -0.0,
                -2.159039974212647,
                0.0
            ],
            "rotation": [
                0.006366905756294727,
                0.042722854763269427,
                0.9989582300186156,
                0.013656552881002428
            ],
            "scale": [
                0.999940037727356,
                0.999940037727356,
                0.9999995231628418
            ],
            "name": "R_ankle_s"
        },
        {
            "matrix": [
                -0.999897301197052,
                0.00002938834404631052,
                0.009721762500703337,
                0.0,
                0.00963812693953514,
                -0.12789848446846009,
                0.991709291934967,
                0.0,
                0.0012728467117995024,
                0.9917557239532472,
                0.12794724106788636,
                0.0,
                -0.001939999987371266,
                0.4931130111217499,
                -1.3501839637756348,
                1.0
            ],
            "name": "R_toes_s"
        },
        {
            "children": [
                19
            ],
            "translation": [
                1.3253819942474366,
                -0.1186020001769066,
                -0.0
            ],
            "rotation": [
                0.16535499691963197,
                0.4157251715660095,
                0.8936429023742676,
                -0.03435668721795082
            ],
            "scale": [
                0.9998981952667236,
                0.9999135136604308,
                0.9999791979789734
            ],
            "name": "L_upperLeg_s"
        },
        {
            "children": [
                20
            ],
            "translation": [
                0.0,
                1.455036997795105,
                0.0
            ],
            "rotation": [
                0.13219574093818665,
                -0.0,
                -0.0,
                -0.9912233352661132
            ],
            "scale": [
                1.0,
                0.9999987483024596,
                0.9999987483024596
            ],
            "name": "L_lowerLeg_s"
        },
        {
            "children": [
                21
            ],
            "translation": [
                -0.0,
                2.159044027328491,
                -0.0
            ],
            "rotation": [
                -0.0020300273317843677,
                -0.0505354106426239,
                0.998035728931427,
                -0.03660202026367188
            ],
            "scale": [
                0.9999452233314514,
                0.999946117401123,
                1.0000003576278689
            ],
            "name": "L_ankle_s"
        },
        {
            "matrix": [
                -0.9998973608016968,
                -0.000016807576685096138,
                0.009762384928762913,
                0.0,
                0.009684321470558644,
                -0.1278984695672989,
                0.9917089343070984,
                0.0,
                0.0012322263792157174,
                0.9917557239532472,
                0.12794721126556397,
                0.0,
                0.0019389999797567728,
                -0.4931130111217499,
                1.3501839637756348,
                1.0
            ],
            "name": "L_toes_s"
        },
        {
            "children": [
                23
            ],
            "translation": [
                0.012571999803185465,
                0.5997299551963806,
                0.02551800012588501
            ],
            "rotation": [
                0.016116784885525705,
                -0.0004613584605976939,
                0.007104918360710144,
                -0.9998447895050048
            ],
            "scale": [
                1.000000238418579,
                0.9999996423721314,
                1.000000238418579
            ],
            "name": "spine_lower_s"
        },
        {
            "children": [
                24
            ],
            "translation": [
                -0.000019999999494757504,
                0.7424690127372742,
                0.01771399937570095
            ],
            "rotation": [
                0.005136521533131599,
                0.000891971169039607,
                0.000953486072830856,
                -0.9999860525131226
            ],
            "scale": [
                1.0000004768371585,
                0.999999701976776,
                1.0000004768371585
            ],
            "name": "spine_mid_s"
        },
        {
            "children": [
                25
            ],
            "translation": [
                -0.0,
                0.7771310210227966,
                0.00316899991594255
            ],
            "rotation": [
                0.0013840855099260808,
                -4.547514708547197e-13,
                -0.003998469561338425,
                -0.9999909996986388
            ],
            "scale": [
                1.0,
                0.9999998807907105,
                0.9999998211860656
            ],
            "name": "spine_upper_s"
        },
        {
            "children": [
                53,
                39,
                37,
                26
            ],
            "translation": [
                0.004852999933063984,
                0.6451709866523743,
                0.006002000067383051
            ],
            "rotation": [
                -0.0005843876861035824,
                -0.3716391026973725,
                -0.008765799924731255,
                -0.9283317923545836
            ],
            "scale": [
                0.9999877214431764,
                1.000000238418579,
                0.9999868869781494
            ],
            "name": "chest_s"
        },
        {
            "children": [
                27
            ],
            "matrix": [
                0.9771527647972108,
                -0.1133483424782753,
                -0.17978715896606446,
                0.0,
                -0.11148475110530852,
                -0.9935306906700134,
                0.02046985924243927,
                0.0,
                -0.18094880878925324,
                0.00004160124808549881,
                -0.983467698097229,
                0.0,
                -0.2806270122528076,
                1.097141981124878,
                0.8756539821624756,
                1.0
            ],
            "name": "R_clavicle_s"
        },
        {
            "children": [
                28
            ],
            "translation": [
                -2.470592975616455,
                -0.1159299984574318,
                1.7050559520721436
            ],
            "rotation": [
                0.3678041100502014,
                0.3687268495559693,
                0.8522734045982361,
                0.04884371906518936
            ],
            "scale": [
                0.9999916553497316,
                0.9999915957450868,
                0.9999970197677612
            ],
            "name": "R_shoulder_s"
        },
        {
            "children": [
                36,
                29
            ],
            "matrix": [
                0.2762390971183777,
                -0.9610425233840942,
                0.00003700587330968119,
                0.0,
                0.9610425233840942,
                0.2762390971183777,
                -0.000049138081521959978,
                0.0,
                0.00003700587330968119,
                0.000049138081521959978,
                1.0,
                0.0,
                0.0,
                -2.710345983505249,
                0.0,
                1.0
            ],
            "name": "R_elbow_s"
        },
        {
            "children": [
                34,
                32,
                30
            ],
            "matrix": [
                0.9198852181434633,
                0.13353842496871949,
                0.3687424957752228,
                0.0,
                -0.09775465726852416,
                0.9886399507522584,
                -0.11416324228048325,
                0.0,
                -0.37979936599731448,
                0.06896886229515076,
                0.9224902391433716,
                0.0,
                0.0,
                -2.201725959777832,
                -0.0,
                1.0
            ],
            "name": "R_wrist_s"
        },
        {
            "children": [
                31
            ],
            "matrix": [
                0.2250505238771439,
                0.300070583820343,
                0.9269617199897766,
                0.0,
                0.45725879073143008,
                0.8075935244560242,
                -0.3724164366722107,
                0.0,
                -0.860357403755188,
                0.5076785683631897,
                0.04453982412815094,
                0.0,
                -0.6354110240936279,
                -0.4824909865856171,
                -0.05054999887943268,
                1.0
            ],
            "name": "R_thumb_01_s"
        },
        {
            "matrix": [
                0.9796962141990662,
                -0.1810821145772934,
                0.08603252470493317,
                0.0,
                0.15235237777233125,
                0.9514068961143494,
                0.2675976157188416,
                0.0,
                -0.13031162321567536,
                -0.24905607104301456,
                0.9596796631813048,
                0.0,
                0.0,
                -0.6783499717712402,
                0.0,
                1.0
            ],
            "name": "R_thumb_02_s"
        },
        {
            "children": [
                33
            ],
            "matrix": [
                -0.9965372085571288,
                0.07220766693353653,
                0.03936786204576492,
                0.0,
                0.04875369369983673,
                0.9042217135429382,
                -0.424263209104538,
                0.0,
                -0.06623333692550659,
                -0.4209063947200775,
                -0.9046040177345276,
                0.0,
                -0.7671639919281006,
                -1.3724329471588138,
                -0.32040998339653017,
                1.0
            ],
            "name": "R_index_01_s"
        },
        {
            "matrix": [
                0.9944255352020264,
                0.04017071053385735,
                -0.09748857468366625,
                0.0,
                0.07790404558181763,
                0.34316736459732058,
                0.936007797718048,
                0.0,
                0.07105392217636109,
                -0.9383854866027832,
                0.3381251692771912,
                0.0,
                0.0,
                -0.7885739803314209,
                -0.0,
                1.0
            ],
            "name": "R_index_02_s"
        },
        {
            "children": [
                35
            ],
            "matrix": [
                -0.989734947681427,
                -0.1417238861322403,
                -0.014766166917979718,
                0.0,
                -0.032055262476205829,
                0.3224617540836334,
                -0.9460182189941406,
                0.0,
                0.13883863389492036,
                -0.9358907341957092,
                -0.3236539661884308,
                0.0,
                0.23849299550056456,
                -1.4141210317611697,
                -0.3260450065135956,
                1.0
            ],
            "name": "R_middle_01_s"
        },
        {
            "matrix": [
                0.9989902973175048,
                0.012555730529129506,
                -0.04313745349645615,
                0.0,
                0.03855196759104729,
                0.2535050511360169,
                0.96653151512146,
                0.0,
                0.02307017892599106,
                -0.9672186374664308,
                0.252765029668808,
                0.0,
                0.0,
                -0.6565030217170715,
                -0.0,
                1.0
            ],
            "name": "R_middle_02_s"
        },
        {
            "matrix": [
                0.986642062664032,
                0.0,
                0.1629006713628769,
                0.0,
                -0.0,
                1.0,
                0.0,
                0.0,
                -0.1629006713628769,
                -0.0,
                0.986642062664032,
                0.0,
                -0.0,
                -0.733909010887146,
                0.0,
                1.0
            ],
            "name": "R_forearm_twist_s"
        },
        {
            "children": [
                38
            ],
            "translation": [
                -1.5199769735336304,
                1.779750943183899,
                -4.111240863800049
            ],
            "rotation": [
                -0.08981191366910935,
                0.006213013548403978,
                -0.2655603289604187,
                -0.9598802924156188
            ],
            "scale": [
                0.9999951720237732,
                0.999995529651642,
                0.9999990463256836
            ],
            "name": "back_item_01_s"
        },
        {
            "translation": [
                -0.02832400053739548,
                0.10457299649715424,
                0.03739999979734421
            ],
            "rotation": [
                -0.002983451122418046,
                0.014794224873185158,
                -0.004613582976162434,
                -0.9998754262924194
            ],
            "scale": [
                0.9999996423721314,
                0.9999998211860656,
                1.0
            ],
            "name": "back_item_arrows_s"
        },
        {
            "children": [
                40
            ],
            "matrix": [
                0.8002353310585022,
                0.13983596861362458,
                0.5831464529037476,
                0.0,
                -0.11303985863924028,
                0.9901748299598694,
                -0.08231706917285919,
                0.0,
                -0.588927686214447,
                -0.00004779919981956482,
                0.8081799149513245,
                0.0,
                0.2806270122528076,
                1.0971399545669556,
                0.8756539821624756,
                1.0
            ],
            "name": "L_clavicle_s"
        },
        {
            "children": [
                41
            ],
            "translation": [
                2.4705970287323,
                0.11593200266361237,
                -1.7050559520721436
            ],
            "rotation": [
                0.7347778081893921,
                0.3105635344982147,
                0.6009190678596497,
                -0.05032007023692131
            ],
            "scale": [
                0.9999857544898988,
                0.99997079372406,
                0.9999792575836182
            ],
            "name": "L_shoulder_s"
        },
        {
            "children": [
                52,
                42
            ],
            "matrix": [
                0.7535402178764343,
                -0.6573840379714966,
                0.000021594640202238226,
                0.0,
                0.6573840379714966,
                0.7535402178764343,
                -0.00005759958003181964,
                0.0,
                0.00002159464384021703,
                0.00005759959094575606,
                1.0,
                0.0,
                0.0,
                2.710344076156616,
                0.0,
                1.0
            ],
            "name": "L_elbow_s"
        },
        {
            "children": [
                50,
                48,
                46,
                43
            ],
            "translation": [
                0.0,
                2.201719999313355,
                -0.0
            ],
            "rotation": [
                -0.07658535242080689,
                -0.1253969669342041,
                -0.04133762791752815,
                -0.9882814288139344
            ],
            "scale": [
                0.9999979138374328,
                0.9999990463256836,
                0.9999979734420776
            ],
            "name": "L_wrist_s"
        },
        {
            "children": [
                44
            ],
            "matrix": [
                -0.968057096004486,
                -0.24484628438949586,
                -0.05292433872818947,
                0.0,
                0.2443729043006897,
                -0.87661212682724,
                -0.41439715027809145,
                0.0,
                0.05506950244307518,
                -0.4141172170639038,
                0.908552885055542,
                0.0,
                0.13485300540924073,
                1.2104690074920657,
                -0.417153000831604,
                1.0
            ],
            "name": "L_gunbone_00_s"
        },
        {
            "children": [
                45
            ],
            "translation": [
                -2.511367082595825,
                3.8711729049682619,
                0.14921200275421146
            ],
            "rotation": [
                -0.01703975349664688,
                0.00959639810025692,
                0.004367590416222811,
                -0.9997992515563964
            ],
            "scale": [
                1.000000238418579,
                0.9999998211860656,
                1.0
            ],
            "name": "L_gunbone_01_s"
        },
        {
            "matrix": [
                0.7367995977401733,
                0.3555399179458618,
                -0.575055718421936,
                0.0,
                -0.3451574146747589,
                0.929177463054657,
                0.13224327564239506,
                0.0,
                0.5813469886779785,
                0.10106038302183153,
                0.8073424100875855,
                0.0,
                1.662621021270752,
                -4.486112117767334,
                -0.6296529769897461,
                1.0
            ],
            "name": "arrow_s"
        },
        {
            "children": [
                47
            ],
            "matrix": [
                0.7323645353317261,
                0.6203192472457886,
                0.2807284593582154,
                0.0,
                0.14870834350585938,
                0.2566786706447602,
                -0.954932689666748,
                0.0,
                -0.6644473671913147,
                0.7410902380943298,
                0.09574325382709505,
                0.0,
                0.6354110240936279,
                0.4824909865856171,
                0.05055100098252297,
                1.0
            ],
            "name": "L_thumb_01_s"
        },
        {
            "matrix": [
                0.9797003269195556,
                -0.14025378227233888,
                0.1432349979877472,
                0.0,
                0.08626019209623337,
                0.9399102926254273,
                0.3303449153900147,
                0.0,
                -0.18096017837524418,
                -0.31128376722335818,
                0.9329292178153992,
                0.0,
                -0.0,
                0.6783509850502014,
                -0.0,
                1.0
            ],
            "name": "L_thumb_02_s"
        },
        {
            "children": [
                49
            ],
            "matrix": [
                -0.987763524055481,
                -0.1315716803073883,
                0.08279821276664734,
                0.0,
                -0.14583788812160493,
                0.9687786102294922,
                -0.20049339532852177,
                0.0,
                -0.05383269116282463,
                -0.21013125777244569,
                -0.9761098027229308,
                0.0,
                0.7671650052070618,
                1.3724340200424197,
                0.3204190135002136,
                1.0
            ],
            "name": "L_index_01_s"
        },
        {
            "matrix": [
                0.9944270253181458,
                0.04014386236667633,
                -0.09748601913452149,
                0.0,
                0.004258916713297367,
                0.908620834350586,
                0.4175931215286255,
                0.0,
                0.10534188896417618,
                -0.41568124294281008,
                0.9033865332603456,
                0.0,
                -0.0,
                0.7885779738426209,
                -0.0,
                1.0
            ],
            "name": "L_index_02_s"
        },
        {
            "children": [
                51
            ],
            "matrix": [
                -0.9395662546157836,
                -0.3322308659553528,
                -0.08182728290557862,
                0.0,
                -0.14195072650909425,
                0.5961258411407471,
                -0.7902241945266724,
                0.0,
                0.3113245368003845,
                -0.7309079766273499,
                -0.6072328686714172,
                0.0,
                -0.2384900003671646,
                1.4141210317611697,
                0.3260599970817566,
                1.0
            ],
            "name": "L_middle_01_s"
        },
        {
            "matrix": [
                0.9989888668060304,
                0.012563507072627545,
                -0.043164998292922977,
                0.0,
                0.018786314874887468,
                0.7556469440460205,
                0.6547025442123413,
                0.0,
                0.04084280133247376,
                -0.6548514366149902,
                0.7546467185020447,
                0.0,
                -0.0,
                0.6565049886703491,
                -0.0,
                1.0
            ],
            "name": "L_middle_02_s"
        },
        {
            "translation": [
                0.0,
                0.7339069843292236,
                -0.0
            ],
            "rotation": [
                -0.0,
                -0.024144748225808145,
                -0.0,
                -0.9997085332870485
            ],
            "scale": [
                1.0000001192092896,
                1.0,
                1.0000001192092896
            ],
            "name": "L_forearm_twist_s"
        },
        {
            "children": [
                54
            ],
            "matrix": [
                1.0,
                0.0,
                0.0,
                0.0,
                0.0,
                1.0,
                0.0,
                0.0,
                0.0,
                0.0,
                1.0,
                0.0,
                0.0,
                2.08442497253418,
                -0.4661499857902527,
                1.0
            ],
            "name": "neck_s"
        },
        {
            "children": [
                56,
                55
            ],
            "translation": [
                0.006825000047683716,
                1.92631995677948,
                0.07650399953126908
            ],
            "rotation": [
                0.024851832538843156,
                0.18971054255962373,
                0.011995312757790089,
                -0.9814512133598328
            ],
            "scale": [
                0.9999966025352478,
                0.999999463558197,
                0.999996542930603
            ],
            "name": "head_s"
        },
        {
            "matrix": [
                1.0,
                0.0,
                0.0,
                0.0,
                0.0,
                0.999348282814026,
                0.03610338270664215,
                0.0,
                0.0,
                -0.03610338270664215,
                0.999348282814026,
                0.0,
                0.0,
                1.4411020278930665,
                0.035631000995635989,
                1.0
            ],
            "name": "hat_01_s"
        },
        {
            "children": [
                57
            ],
            "translation": [
                0.001981999957934022,
                -0.5222280025482178,
                -2.657417058944702
            ],
            "rotation": [
                0.9840407371520996,
                0.0,
                0.0,
                -0.17793501913547517
            ],
            "scale": [
                1.0,
                0.9999942183494568,
                0.9999942183494568
            ],
            "name": "hair_01_s"
        },
        {
            "children": [
                58
            ],
            "translation": [
                -0.01923399977385998,
                1.8841029405593873,
                -0.02001599967479706
            ],
            "rotation": [
                0.1130961999297142,
                -0.0,
                -0.0,
                -0.9935838580131532
            ],
            "scale": [
                1.0,
                0.999999225139618,
                0.999999225139618
            ],
            "name": "hair_02_s"
        },
        {
            "translation": [
                -0.0,
                1.161734938621521,
                -0.01756400056183338
            ],
            "rotation": [
                0.14277522265911106,
                -0.0,
                -0.0,
                -0.9897546172142028
            ],
            "scale": [
                1.0,
                0.9999980926513672,
                0.9999980926513672
            ],
            "name": "hair_03_s"
        }
    ],
    "cameras": [
        {
            "perspective": {
                "yfov": 0.4403952658176422,
                "zfar": 10000.0,
                "znear": 0.10000000149011612
            },
            "type": "perspective",
            "name": "portrait_small-camera"
        }
    ],
    "meshes": [
        {
            "primitives": [
                {
                    "attributes": {
                        "JOINTS_0": 1,
                        "NORMAL": 2,
                        "POSITION": 3,
                        "WEIGHTS_0": 4
                    },
                    "indices": 0,
                    "mode": 4,
                    "material": 0
                }
            ],
            "name": "arrowGeo5-mesh"
        },
        {
            "primitives": [
                {
                    "attributes": {
                        "JOINTS_0": 6,
                        "NORMAL": 7,
                        "POSITION": 8,
                        "WEIGHTS_0": 9
                    },
                    "indices": 5,
                    "mode": 4,
                    "material": 0
                }
            ],
            "name": "quiverGeo-mesh"
        },
        {
            "primitives": [
                {
                    "attributes": {
                        "JOINTS_0": 11,
                        "NORMAL": 12,
                        "POSITION": 13,
                        "WEIGHTS_0": 14
                    },
                    "indices": 10,
                    "mode": 4,
                    "material": 0
                }
            ],
            "name": "bowGeo-mesh"
        },
        {
            "primitives": [
                {
                    "attributes": {
                        "JOINTS_0": 16,
                        "NORMAL": 17,
                        "POSITION": 18,
                        "WEIGHTS_0": 19
                    },
                    "indices": 15,
                    "mode": 4,
                    "material": 0
                }
            ],
            "name": "arrowGeo-mesh"
        },
        {
            "primitives": [
                {
                    "attributes": {
                        "JOINTS_0": 21,
                        "NORMAL": 22,
                        "POSITION": 23,
                        "WEIGHTS_0": 24
                    },
                    "indices": 20,
                    "mode": 4,
                    "material": 0
                }
            ],
            "name": "legsGeo-mesh"
        },
        {
            "primitives": [
                {
                    "attributes": {
                        "JOINTS_0": 26,
                        "NORMAL": 27,
                        "POSITION": 28,
                        "WEIGHTS_0": 29
                    },
                    "indices": 25,
                    "mode": 4,
                    "material": 0
                }
            ],
            "name": "torsoGeo-mesh"
        },
        {
            "primitives": [
                {
                    "attributes": {
                        "JOINTS_0": 31,
                        "NORMAL": 32,
                        "POSITION": 33,
                        "WEIGHTS_0": 34
                    },
                    "indices": 30,
                    "mode": 4,
                    "material": 0
                }
            ],
            "name": "hatGeo-mesh"
        },
        {
            "primitives": [
                {
                    "attributes": {
                        "JOINTS_0": 36,
                        "NORMAL": 37,
                        "POSITION": 38,
                        "WEIGHTS_0": 39
                    },
                    "indices": 35,
                    "mode": 4,
                    "material": 1
                },
                {
                    "attributes": {
                        "JOINTS_0": 41,
                        "NORMAL": 42,
                        "POSITION": 43,
                        "WEIGHTS_0": 44
                    },
                    "indices": 40,
                    "mode": 4,
                    "material": 0
                }
            ],
            "name": "hairGeo-mesh"
        }
    ],
    "animations": [
        {
            "channels": [
                {
                    "sampler": 0,
                    "target": {
                        "node": 13,
                        "path": "translation"
                    }
                },
                {
                    "sampler": 1,
                    "target": {
                        "node": 13,
                        "path": "rotation"
                    }
                },
                {
                    "sampler": 2,
                    "target": {
                        "node": 13,
                        "path": "scale"
                    }
                },
                {
                    "sampler": 3,
                    "target": {
                        "node": 22,
                        "path": "translation"
                    }
                },
                {
                    "sampler": 4,
                    "target": {
                        "node": 22,
                        "path": "rotation"
                    }
                },
                {
                    "sampler": 5,
                    "target": {
                        "node": 22,
                        "path": "scale"
                    }
                },
                {
                    "sampler": 6,
                    "target": {
                        "node": 23,
                        "path": "translation"
                    }
                },
                {
                    "sampler": 7,
                    "target": {
                        "node": 23,
                        "path": "rotation"
                    }
                },
                {
                    "sampler": 8,
                    "target": {
                        "node": 23,
                        "path": "scale"
                    }
                },
                {
                    "sampler": 9,
                    "target": {
                        "node": 24,
                        "path": "translation"
                    }
                },
                {
                    "sampler": 10,
                    "target": {
                        "node": 24,
                        "path": "rotation"
                    }
                },
                {
                    "sampler": 11,
                    "target": {
                        "node": 24,
                        "path": "scale"
                    }
                },
                {
                    "sampler": 12,
                    "target": {
                        "node": 25,
                        "path": "translation"
                    }
                },
                {
                    "sampler": 13,
                    "target": {
                        "node": 25,
                        "path": "rotation"
                    }
                },
                {
                    "sampler": 14,
                    "target": {
                        "node": 25,
                        "path": "scale"
                    }
                },
                {
                    "sampler": 15,
                    "target": {
                        "node": 54,
                        "path": "translation"
                    }
                },
                {
                    "sampler": 16,
                    "target": {
                        "node": 54,
                        "path": "rotation"
                    }
                },
                {
                    "sampler": 17,
                    "target": {
                        "node": 54,
                        "path": "scale"
                    }
                },
                {
                    "sampler": 18,
                    "target": {
                        "node": 56,
                        "path": "translation"
                    }
                },
                {
                    "sampler": 19,
                    "target": {
                        "node": 56,
                        "path": "rotation"
                    }
                },
                {
                    "sampler": 20,
                    "target": {
                        "node": 56,
                        "path": "scale"
                    }
                },
                {
                    "sampler": 21,
                    "target": {
                        "node": 57,
                        "path": "translation"
                    }
                },
                {
                    "sampler": 22,
                    "target": {
                        "node": 57,
                        "path": "rotation"
                    }
                },
                {
                    "sampler": 23,
                    "target": {
                        "node": 57,
                        "path": "scale"
                    }
                },
                {
                    "sampler": 24,
                    "target": {
                        "node": 58,
                        "path": "translation"
                    }
                },
                {
                    "sampler": 25,
                    "target": {
                        "node": 58,
                        "path": "rotation"
                    }
                },
                {
                    "sampler": 26,
                    "target": {
                        "node": 58,
                        "path": "scale"
                    }
                },
                {
                    "sampler": 27,
                    "target": {
                        "node": 40,
