{
    "asset": {
        "generator": "COLLADA2GLTF",
        "version": "2.0"
    },
    "scenes": [
        {
            "nodes": [
                0
            ]
        }
    ],
    "scene": 0,
    "nodes": [
        {
            "children": [
                1
            ],
            "name": "Y_UP"
        },
        {
            "children": [
                14,
                2
            ],
            "name": "CHARACTER"
        },
        {
            "children": [
                13,
                12,
                11,
                10,
                9,
                8,
                7,
                6,
                5,
                4,
                3
            ],
            "name": "geoGrp1"
        },
        {
            "mesh": 0,
            "skin": 0,
            "name": "armsGeo"
        },
        {
            "mesh": 1,
            "skin": 1,
            "name": "browsGeo"
        },
        {
            "mesh": 2,
            "skin": 2,
            "name": "bodyGeo"
        },
        {
            "mesh": 3,
            "skin": 3,
            "name": "headGeo"
        },
        {
            "mesh": 4,
            "skin": 4,
            "name": "shoulderStrapGeo"
        },
        {
            "mesh": 5,
            "skin": 5,
            "name": "beltBuckleGeo"
        },
        {
            "mesh": 6,
            "skin": 6,
            "name": "backpackGeo"
        },
        {
            "mesh": 7,
            "skin": 7,
            "name": "hairGeo"
        },
        {
            "mesh": 8,
            "skin": 8,
            "name": "hatGeo"
        },
        {
            "mesh": 9,
            "skin": 9,
            "name": "earringsGeo"
        },
        {
            "mesh": 10,
            "skin": 10,
            "name": "gunGeo"
        },
        {
            "children": [
                15
            ],
            "name": "Root"
        },
        {
            "children": [
                24,
                20,
                16
            ],
            "translation": [
                -0.015730999410152437,
                2.53853702545166,
                0.11429999768733978
            ],
            "rotation": [
                -0.11493919044733048,
                0.15209369361400605,
                0.029680564999580385,
                -0.9812101721763612
            ],
            "scale": [
                0.999997079372406,
                0.9999988675117492,
                0.9999959468841552
            ],
            "name": "hips_s"
        },
        {
            "children": [
                17
            ],
            "translation": [
                -0.6385210156440735,
                -0.044943999499082568,
                0.051017001271247867
            ],
            "rotation": [
                0.09162810444831848,
                0.9391340613365172,
                0.2989678084850312,
                -0.14228646457195286
            ],
            "scale": [
                0.9999913573265076,
                0.9999995231628418,
                0.9999919533729552
            ],
            "name": "R_upperLeg_s"
        },
        {
            "children": [
                18
            ],
            "translation": [
                -0.013755000196397305,
                -1.1439099311828614,
                -0.09338600188493729
            ],
            "rotation": [
                0.5158571004867554,
                -0.006858822423964739,
                0.0011687695514410737,
                -0.8566367626190186
            ],
            "scale": [
                1.0000004768371585,
                0.9999758005142212,
                0.999975562095642
            ],
            "name": "R_lowerLeg_s"
        },
        {
            "children": [
                19
            ],
            "translation": [
                -0.0168249998241663,
                -1.3217499256134034,
                0.249673992395401
            ],
            "rotation": [
                0.002768220379948616,
                0.04395319521427155,
                0.9989892244338988,
                0.005536440759897232
            ],
            "scale": [
                0.99989914894104,
                0.999899446964264,
                1.0
            ],
            "name": "R_ankle_s"
        },
        {
            "matrix": [
                -0.9999232292175292,
                0.0,
                0.0,
                0.0,
                0.0,
                -0.06295821815729141,
                0.997974932193756,
                0.0,
                0.0,
                0.997974932193756,
                0.06303504854440689,
                0.0,
                -0.0019379999721422792,
                0.20729999244213105,
                -0.30142998695373537,
                1.0
            ],
            "name": "R_toes_s"
        },
        {
            "children": [
                21
            ],
            "translation": [
                0.6385210156440735,
                -0.044943999499082568,
                0.051017001271247867
            ],
            "rotation": [
                0.1329975873231888,
                0.4570639133453369,
                0.8758032917976379,
                -0.0795094221830368
            ],
            "scale": [
                0.9999001622200012,
                0.9999198317527772,
                0.9999769926071168
            ],
            "name": "L_upperLeg_s"
        },
        {
            "children": [
                22
            ],
            "translation": [
                0.013766000047326088,
                1.1447440385818482,
                0.09345299750566484
            ],
            "rotation": [
                0.11986229568719864,
                -0.0013533338205888868,
                0.00024606066290289164,
                -0.9927893280982972
            ],
            "scale": [
                0.9999998211860656,
                0.9999987483024596,
                0.999999225139618
            ],
            "name": "L_lowerLeg_s"
        },
        {
            "children": [
                23
            ],
            "translation": [
                0.016837000846862794,
                1.3227089643478394,
                -0.24985599517822269
            ],
            "rotation": [
                0.0005228858790360391,
                0.04029298201203346,
                0.9991735816001892,
                -0.002122302073985338
            ],
            "scale": [
                0.9999520778656006,
                0.9999528527259828,
                0.9999996423721314
            ],
            "name": "L_ankle_s"
        },
        {
            "matrix": [
                -0.9999232292175292,
                0.0,
                0.0,
                0.0,
                0.0,
                -0.06295821815729141,
                0.997974932193756,
                0.0,
                0.0,
                0.997974932193756,
                0.06303504854440689,
                0.0,
                0.0019389999797567728,
                -0.20729999244213105,
                0.30142998695373537,
                1.0
            ],
            "name": "L_toes_s"
        },
        {
            "children": [
                25
            ],
            "translation": [
                -0.005624999757856131,
                0.5158810019493103,
                -0.014816000126302244
            ],
            "rotation": [
                0.057270631194114688,
                0.02540576085448265,
                -0.00975015200674534,
                -0.9979877471923828
            ],
            "scale": [
                0.9999995827674866,
                1.0000001192092896,
                1.0000001192092896
            ],
            "name": "spine_lower_s"
        },
        {
            "children": [
                26
            ],
            "translation": [
                -0.010199000127613545,
                0.6096130013465881,
                -0.006415000185370445
            ],
            "rotation": [
                -0.02632816694676876,
                0.02875799499452114,
                -0.02260655350983143,
                -0.9989836812019348
            ],
            "scale": [
                0.9999998211860656,
                0.9999995827674866,
                0.9999993443489076
            ],
            "name": "spine_upper_s"
        },
        {
            "children": [
                52,
                39,
                28,
                27
            ],
            "translation": [
                -0.03681699931621552,
                0.6094409823417664,
                0.06888700276613236
            ],
            "rotation": [
                -0.17774538695812226,
                0.012149055488407612,
                -0.06209860369563103,
                -0.9820389747619628
            ],
            "scale": [
                0.9999991655349731,
                0.9999958872795104,
                0.9999964833259584
            ],
            "name": "chest_s"
        },
        {
            "translation": [
                0.050011999905109408,
                -0.07291600108146668,
                -1.0925530195236209
            ],
            "rotation": [
                0.16012483835220338,
                0.02469848096370697,
                -0.011134305968880654,
                -0.9867246747016908
            ],
            "scale": [
                1.0000001192092896,
                0.9999986290931702,
                0.9999995231628418
            ],
            "name": "back_item_01_s"
        },
        {
            "children": [
                29
            ],
            "translation": [
                -0.13121600449085236,
                0.5780550241470337,
                0.20536600053310398
            ],
            "rotation": [
                0.9861937761306764,
                -0.03881658986210823,
                -0.1552356630563736,
                -0.042569078505039218
            ],
            "scale": [
                0.9999997615814208,
                0.999989926815033,
                0.9999908804893494
            ],
            "name": "R_clavicle_s"
        },
        {
            "children": [
                30
            ],
            "translation": [
                -0.8572030067443848,
                -0.04463999718427658,
                0.40104299783706667
            ],
            "rotation": [
                0.5501068830490112,
                0.6178667545318604,
                0.5617946982383728,
                0.001937544671818614
            ],
            "scale": [
                0.9999921917915344,
                0.9999924302101136,
                0.999991536140442
            ],
            "name": "R_shoulder_s"
        },
        {
            "children": [
                31
            ],
            "translation": [
                -0.020587999373674394,
                -1.2686899900436402,
                -0.10459499806165697
            ],
            "rotation": [
                0.09294887632131577,
                0.1984773576259613,
                0.4813835918903351,
                -0.8486611247062683
            ],
            "scale": [
                0.9999836683273317,
                0.9999858140945436,
                0.9999977946281432
            ],
            "name": "R_elbow_s"
        },
        {
            "children": [
                32
            ],
            "translation": [
                -0.06005199998617172,
                -0.5775820016860962,
                0.016868000850081445
            ],
            "rotation": [
                -0.002614365890622139,
                -0.1542167961597443,
                0.00036908683250658214,
                -0.9880329370498656
            ],
            "scale": [
                0.9999974370002748,
                0.9999999403953552,
                0.9999979138374328
            ],
            "name": "R_forearm_twist_s"
        },
        {
            "children": [
                37,
                35,
                33
            ],
            "translation": [
                -0.06237100064754486,
                -0.5775820016860962,
                0.000813000020571053
            ],
            "rotation": [
                -0.22462068498134617,
                -0.07317166030406952,
                0.2085039168596268,
                -0.9490590691566468
            ],
            "scale": [
                0.9999960660934448,
                0.9999927282333374,
                0.9999951720237732
            ],
            "name": "R_wrist_s"
        },
        {
            "children": [
                34
            ],
            "matrix": [
                -0.23748846352100373,
                0.9550738334655762,
                0.17711420357227326,
                0.0,
                0.6774712800979614,
                0.2935680150985718,
                -0.674399733543396,
                0.0,
                -0.6961098909378052,
                -0.0401906780898571,
                -0.7167484164237976,
                0.0,
                -0.2983979880809784,
                -0.10992900282144548,
                0.13132800161838532,
                1.0
            ],
            "name": "R_thumb_01_s"
        },
        {
            "matrix": [
                0.9981034994125366,
                -0.04643043503165245,
                0.04040686786174774,
                0.0,
                0.03737502172589302,
                0.9787803888320924,
                0.20146751403808597,
                0.0,
                -0.04890407621860504,
                -0.199575275182724,
                0.97866028547287,
                0.0,
                -0.15151000022888184,
                -0.5531039834022522,
                0.03883099928498268,
                1.0
            ],
            "name": "R_thumb_02_s"
        },
        {
            "children": [
                36
            ],
            "matrix": [
                -0.9702591896057128,
                -0.24060608446598057,
                -0.025219962000846864,
                0.0,
                -0.24190807342529298,
                0.963741898536682,
                0.11260654032230376,
                0.0,
                -0.002788781188428402,
                0.11536254733800888,
                -0.9932844638824464,
                0.0,
                -0.4086430072784424,
                -0.6350389719009399,
                0.08081500232219696,
                1.0
            ],
            "name": "R_index_01_s"
        },
        {
            "translation": [
                0.12095999717712404,
                -0.2777020037174225,
                -0.1679250001907349
            ],
            "rotation": [
                0.015071376226842404,
                0.0019377486314624549,
                -0.0009534955024719238,
                -0.9998841881752014
            ],
            "scale": [
                1.0000005960464478,
                1.000000238418579,
                1.0
            ],
            "name": "R_index_02_s"
        },
        {
            "children": [
                38
            ],
            "matrix": [
                -0.9974915385246276,
                -0.06830049306154251,
                0.010536917485296728,
                0.0,
                -0.06795062869787216,
                0.9416359066963196,
                -0.329693615436554,
                0.0,
                0.012597662396728993,
                -0.3296214044094086,
                -0.9439089298248292,
                0.0,
                -0.03171300143003464,
                -0.6801850199699402,
                0.03415900096297264,
                1.0
            ],
            "name": "R_middle_01_s"
        },
        {
            "matrix": [
                0.9638392329216005,
                -0.17210179567337037,
                0.20345500111579896,
                0.0,
                0.09823857247829436,
                0.9391857385635376,
                0.32905450463294985,
                0.0,
                -0.24771371483802796,
                -0.2971676588058472,
                0.9221309423446656,
                0.0,
                0.02230600081384182,
                -0.23718500137329105,
                -0.21084800362586976,
                1.0
            ],
            "name": "R_middle_02_s"
        },
        {
            "children": [
                40
            ],
            "translation": [
                0.237759992480278,
                0.49096599221229555,
                0.1663780063390732
            ],
            "rotation": [
                0.05345619842410088,
                -0.08738148212432862,
                -0.03918481990695,
                -0.9939672350883484
            ],
            "scale": [
                0.999998927116394,
                0.9999999403953552,
                0.9999985694885254
            ],
            "name": "L_clavicle_s"
        },
        {
            "children": [
                41
            ],
            "translation": [
                0.8572019934654236,
                0.04463899880647659,
                -0.40104401111602785
            ],
            "rotation": [
                0.6444724202156067,
                0.7031279802322388,
                0.2332993596792221,
                0.1892540156841278
            ],
            "scale": [
                0.9999774694442748,
                0.999980330467224,
                0.999962568283081
            ],
            "name": "L_shoulder_s"
        },
        {
            "children": [
                42
            ],
            "translation": [
                0.03222300112247467,
                1.2748429775238038,
                0.05290500074625015
            ],
            "rotation": [
                -0.008335248567163945,
                -0.04542863741517067,
                0.16116861999034882,
                -0.9858450293540956
            ],
            "scale": [
                0.9999977946281432,
                0.9999982714653016,
                1.0000001192092896
            ],
            "name": "L_elbow_s"
        },
        {
            "children": [
                43
            ],
            "translation": [
                0.05076700076460838,
                0.5782639980316162,
                0.04705199971795082
            ],
            "rotation": [
                0.016731901094317437,
                0.2077955007553101,
                0.014855724759399893,
                -0.9779152274131776
            ],
            "scale": [
                0.9999960660934448,
                1.0000003576278689,
                0.9999950528144836
            ],
            "name": "L_forearm_twist_s"
        },
        {
            "children": [
                50,
                48,
                46,
                44
            ],
            "translation": [
                0.052698999643325809,
                0.5782639980316162,
                0.04487799853086472
            ],
            "rotation": [
                -0.02755892463028431,
                0.23723427951335908,
                0.1046070232987404,
                -0.9654099941253662
            ],
            "scale": [
                0.9999977350234984,
                0.999999701976776,
                0.9999975562095642
            ],
            "name": "L_wrist_s"
        },
        {
            "children": [
                45
            ],
            "matrix": [
                -0.7676128149032593,
                -0.4456762373447418,
                0.4603745937347412,
                0.0,
                -0.4578071534633637,
                0.8842145204544067,
                0.09254227578639984,
                0.0,
                -0.4483129680156708,
                -0.13972873985767365,
                -0.8827677965164185,
                0.0,
                0.22180600464344026,
                0.3023409843444824,
                -0.5359579920768738,
                1.0
            ],
            "name": "L_gunbone_01_s"
        },
        {
            "matrix": [
                0.9546059370040894,
                -0.29725244641304018,
                -0.019083715975284578,
                0.0,
                0.2939956784248352,
                0.9505643248558044,
                -0.09995079040527344,
                0.0,
                0.047852326184511188,
                0.0898025780916214,
                0.9948094487190248,
                0.0,
                -2.384772062301636,
                0.2922140061855316,
                -0.7505379915237427,
                1.0
            ],
            "name": "L_gunbone_02_s"
        },
        {
            "children": [
                47
            ],
            "matrix": [
                0.7158594131469727,
                0.6877174377441406,
                0.12068331241607666,
                0.0,
                0.4377306699752808,
                -0.30730295181274416,
                -0.8448879718780518,
                0.0,
                -0.5439774990081787,
                0.65763920545578,
                -0.5210175514221191,
                0.0,
                0.2983979880809784,
                0.1099260002374649,
                -0.13132800161838532,
                1.0
            ],
            "name": "L_thumb_01_s"
        },
        {
            "matrix": [
                0.9991906881332398,
                0.03774266317486763,
                -0.0138786556199193,
                0.0,
                -0.03715183585882187,
                0.9984835386276244,
                0.04061150923371315,
                0.0,
                0.015390475280582905,
                -0.040063053369522098,
                0.999078929424286,
                0.0,
                0.15151600539684297,
                0.5530980229377747,
                -0.03883200138807297,
                1.0
            ],
            "name": "L_thumb_02_s"
        },
        {
            "children": [
                49
            ],
            "matrix": [
                -0.9972951412200928,
                0.00962881837040186,
                0.0729009360074997,
                0.0,
                -0.003137181280180812,
                0.9849157333374025,
                -0.17300571501255036,
                0.0,
                -0.07346715033054352,
                -0.1727660447359085,
                -0.9822219014167786,
                0.0,
                0.4086430072784424,
                0.6350330114364624,
                -0.08081100136041641,
                1.0
            ],
            "name": "L_index_01_s"
        },
        {
            "matrix": [
                0.9997650980949402,
                0.0024511979427188637,
                -0.021546587347984319,
                0.0,
                -0.001607751939445734,
                0.999235212802887,
                0.03907393664121628,
                0.0,
                0.021625883877277375,
                -0.03903010860085488,
                0.9990043044090272,
                0.0,
                -0.12095899879932404,
                0.27769699692726138,
                0.1679389923810959,
                1.0
            ],
            "name": "L_index_02_s"
        },
        {
            "children": [
                51
            ],
            "matrix": [
                -0.8819662928581238,
                0.15407223999500276,
                0.4451139867305756,
                0.0,
                -0.031011618673801427,
                0.9239482879638672,
                -0.3812442421913147,
                0.0,
                -0.4700029194355011,
                -0.3501006662845612,
                -0.810102105140686,
                0.0,
                0.03171199932694435,
                0.6801859736442566,
                -0.03415999934077263,
                1.0
            ],
            "name": "L_middle_01_s"
        },
        {
            "matrix": [
                0.999228298664093,
                -0.029168715700507165,
                -0.02628687210381031,
                0.0,
                0.03447776660323143,
                0.97213613986969,
                0.2318665981292725,
                0.0,
                0.0187909547239542,
                -0.2325941026210785,
                0.9723920226097108,
                0.0,
                -0.02230600081384182,
                0.2371779978275299,
                0.21084900200366978,
                1.0
            ],
            "name": "L_middle_02_s"
        },
        {
            "children": [
                53
            ],
            "translation": [
                -0.014209999702870846,
                1.21274995803833,
                -0.21268899738788608
            ],
            "rotation": [
                0.02269910089671612,
                0.06277627497911453,
                0.07086551934480667,
                -0.995249569416046
            ],
            "scale": [
                0.9999999403953552,
                0.999999225139618,
                0.9999995231628418
            ],
            "name": "neck_s"
        },
        {
            "children": [
                63,
                62,
                61,
                60,
                58,
                56,
                55,
                54
            ],
            "translation": [
                0.0,
                1.2359809875488282,
                -0.24223899841308597
            ],
            "rotation": [
                0.14326976239681245,
                -0.3492545485496521,
                -0.0019377495627850297,
                -0.9260071516036988
            ],
            "scale": [
                0.9999969005584716,
                0.9999998211860656,
                0.9999964237213136
            ],
            "name": "head_s"
        },
        {
            "translation": [
                -1.8551130294799805,
                0.20342999696731568,
                0.1517920047044754
            ],
            "rotation": [
                0.9228014945983888,
                -0.02276090905070305,
                0.35580846667289736,
                -0.1457929164171219
            ],
            "scale": [
                0.9999834299087524,
                0.9998746514320374,
                0.999890923500061
            ],
            "name": "R_earring_s"
        },
        {
            "translation": [
                1.825711011886597,
                0.20342600345611573,
                0.15179100632667542
            ],
            "rotation": [
                -0.24070638418197633,
                -0.39092499017715456,
                -0.08716612309217453,
                -0.8840983510017395
            ],
            "scale": [
                0.999988317489624,
                0.999994933605194,
                0.9999845623970032
            ],
            "name": "L_earring_s"
        },
        {
            "children": [
                57
            ],
            "matrix": [
                0.9965417981147766,
                -0.03237034007906914,
                -0.07652626931667328,
                0.0,
                -0.02783585898578167,
                -0.9977335929870606,
                0.05959276854991913,
                0.0,
                -0.07828964293003082,
                -0.05725637450814247,
                -0.995183527469635,
                0.0,
                -1.6592329740524293,
                1.0042799711227418,
                0.5847240090370178,
                1.0
            ],
            "name": "R_hair_01_s"
        },
        {
            "matrix": [
                1.0,
                0.0,
                0.0,
                0.0,
                0.0,
                1.0,
                0.0,
                0.0,
                0.0,
                0.0,
                1.0,
                0.0,
                0.000004999999873689376,
                0.8900189995765686,
                -9.999999974752428e-7,
                1.0
            ],
            "name": "R_hair_02_s"
        },
        {
            "children": [
                59
            ],
            "matrix": [
                0.9965417981147766,
                0.03237034007906914,
                0.07652626931667328,
                0.0,
                -0.02783585898578167,
                0.9978343844413756,
                -0.05959276854991913,
                0.0,
                -0.07828964293003082,
                0.05725637450814247,
                0.9952844977378844,
                0.0,
                1.6592320203781129,
                1.0042790174484254,
                0.5847240090370178,
                1.0
            ],
            "name": "L_hair_01_s"
        },
        {
            "matrix": [
                1.0,
                0.0,
                0.0,
                0.0,
                0.0,
                1.0,
                0.0,
                0.0,
                0.0,
                0.0,
                1.0,
                0.0,
                -0.0,
                -0.8900219798088074,
                0.0,
                1.0
            ],
            "name": "L_hair_02_s"
        },
        {
            "matrix": [
                1.0,
                0.0,
                0.0,
                0.0,
                0.0,
                1.0,
                0.0,
                0.0,
                0.0,
                0.0,
                1.0,
                0.0,
                -0.7961469888687134,
                0.9874799847602844,
                1.655305027961731,
                1.0
            ],
            "name": "R_eyebrow_s"
        },
        {
            "matrix": [
                1.0,
                0.0,
                0.0,
                0.0,
                0.0,
                1.0,
                0.0,
                0.0,
                0.0,
                0.0,
                1.0,
                0.0,
                0.7961469888687134,
                0.9874809980392456,
                1.6553009748458865,
                1.0
            ],
            "name": "L_eyebrow_s"
        },
        {
            "matrix": [
                1.0,
                0.0,
                -0.0,
                0.0,
                -0.0,
                0.9544779062271118,
                -0.29827556014060976,
                0.0,
                0.0,
                0.29827556014060976,
                0.9544779062271118,
                0.0,
                0.008665000088512898,
                1.3235629796981812,
                0.012454000301659108,
                1.0
            ],
            "name": "hat_01_s"
        },
        {
            "children": [
                64
            ],
            "translation": [
                -0.0,
                0.22741100192070008,
                -1.2939380407333377
            ],
            "rotation": [
                0.95654296875,
                -0.0018147239461541176,
                -0.11531174182891846,
                -0.2677175998687744
            ],
            "scale": [
                0.9999982118606569,
                0.9999023079872133,
                0.9999036192893982
            ],
            "name": "hair_01_s"
        },
        {
            "translation": [
                0.007915999740362168,
                0.8131089806556702,
                0.5589630007743836
            ],
            "rotation": [
                0.05530146136879921,
                -0.03546305373311043,
                0.04878093674778938,
                -0.9966464638710022
            ],
            "scale": [
                0.9999997615814208,
                0.9999996423721314,
                0.9999992847442628
            ],
            "name": "hair_02_s"
        }
    ],
    "meshes": [
        {
            "primitives": [
                {
                    "attributes": {
                        "JOINTS_0": 1,
                        "NORMAL": 2,
                        "POSITION": 3,
                        "WEIGHTS_0": 4
                    },
                    "indices": 0,
                    "mode": 4,
                    "material": 0
                }
            ],
            "name": "armsGeo-mesh"
        },
        {
            "primitives": [
                {
                    "attributes": {
                        "JOINTS_0": 6,
                        "NORMAL": 7,
                        "POSITION": 8,
                        "WEIGHTS_0": 9
                    },
                    "indices": 5,
                    "mode": 4,
                    "material": 1
                }
            ],
            "name": "browsGeo-mesh"
        },
        {
            "primitives": [
                {
                    "attributes": {
                        "JOINTS_0": 11,
                        "NORMAL": 12,
                        "POSITION": 13,
                        "WEIGHTS_0": 14
                    },
                    "indices": 10,
                    "mode": 4,
                    "material": 0
                }
            ],
            "name": "bodyGeo-mesh"
        },
        {
            "primitives": [
                {
                    "attributes": {
                        "JOINTS_0": 16,
                        "NORMAL": 17,
                        "POSITION": 18,
                        "WEIGHTS_0": 19
                    },
                    "indices": 15,
                    "mode": 4,
                    "material": 0
                },
                {
                    "attributes": {
                        "JOINTS_0": 21,
                        "NORMAL": 22,
                        "POSITION": 23,
                        "WEIGHTS_0": 24
                    },
                    "indices": 20,
                    "mode": 4,
                    "material": 1
                }
            ],
            "name": "headGeo-mesh"
        },
        {
            "primitives": [
                {
                    "attributes": {
                        "JOINTS_0": 26,
                        "NORMAL": 27,
                        "POSITION": 28,
                        "WEIGHTS_0": 29
                    },
                    "indices": 25,
                    "mode": 4,
                    "material": 0
                }
            ],
            "name": "shoulderStrapGeo-mesh"
        },
        {
            "primitives": [
                {
                    "attributes": {
                        "JOINTS_0": 31,
                        "NORMAL": 32,
                        "POSITION": 33,
                        "WEIGHTS_0": 34
                    },
                    "indices": 30,
                    "mode": 4,
                    "material": 2
                }
            ],
            "name": "beltBuckleGeo-mesh"
        },
        {
            "primitives": [
                {
                    "attributes": {
                        "JOINTS_0": 36,
                        "NORMAL": 37,
                        "POSITION": 38,
                        "WEIGHTS_0": 39
                    },
                    "indices": 35,
                    "mode": 4,
                    "material": 2
                },
                {
                    "attributes": {
                        "JOINTS_0": 41,
                        "NORMAL": 42,
                        "POSITION": 43,
                        "WEIGHTS_0": 44
                    },
                    "indices": 40,
                    "mode": 4,
                    "material": 0
                }
            ],
            "name": "backpackGeo-mesh"
        },
        {
            "primitives": [
                {
                    "attributes": {
                        "JOINTS_0": 46,
                        "NORMAL": 47,
                        "POSITION": 48,
                        "WEIGHTS_0": 49
                    },
                    "indices": 45,
                    "mode": 4,
                    "material": 1
                }
            ],
            "name": "hairGeo-mesh"
        },
        {
            "primitives": [
                {
                    "attributes": {
                        "JOINTS_0": 51,
                        "NORMAL": 52,
                        "POSITION": 53,
                        "WEIGHTS_0": 54
                    },
                    "indices": 50,
                    "mode": 4,
                    "material": 0
                }
            ],
            "name": "hatGeo-mesh"
        },
        {
            "primitives": [
                {
                    "attributes": {
                        "JOINTS_0": 56,
                        "NORMAL": 57,
                        "POSITION": 58,
                        "WEIGHTS_0": 59
                    },
                    "indices": 55,
                    "mode": 4,
                    "material": 2
                }
            ],
            "name": "earringsGeo-mesh"
        },
        {
            "primitives": [
                {
                    "attributes": {
                        "JOINTS_0": 61,
                        "NORMAL": 62,
                        "POSITION": 63,
                        "WEIGHTS_0": 64
                    },
                    "indices": 60,
                    "mode": 4,
                    "material": 2
                },
                {
                    "attributes": {
                        "JOINTS_0": 66,
                        "NORMAL": 67,
                        "POSITION": 68,
                        "WEIGHTS_0": 69
                    },
                    "indices": 65,
                    "mode": 4,
                    "material": 0
                }
            ],
            "name": "gunGeo-mesh"
        }
    ],
    "animations": [
        {
            "channels": [
                {
                    "sampler": 0,
                    "target": {
                        "node": 15,
                        "path": "translation"
                    }
                },
                {
                    "sampler": 1,
                    "target": {
                        "node": 15,
                        "path": "rotation"
                    }
                },
                {
                    "sampler": 2,
                    "target": {
                        "node": 15,
                        "path": "scale"
                    }
                },
                {
                    "sampler": 3,
                    "target": {
                        "node": 24,
                        "path": "translation"
                    }
                },
                {
                    "sampler": 4,
                    "target": {
                        "node": 24,
                        "path": "rotation"
                    }
                },
                {
                    "sampler": 5,
                    "target": {
                        "node": 24,
                        "path": "scale"
                    }
                },
                {
                    "sampler": 6,
                    "target": {
                        "node": 25,
                        "path": "translation"
                    }
                },
                {
                    "sampler": 7,
                    "target": {
                        "node": 25,
                        "path": "rotation"
                    }
                },
                {
