{
    "asset": {
        "generator": "COLLADA2GLTF",
        "version": "2.0"
    },
    "scenes": [
        {
            "nodes": [
                0
            ]
        }
    ],
    "scene": 0,
    "nodes": [
        {
            "children": [
                1
            ],
            "name": "Y_UP"
        },
        {
            "children": [
                14,
                2
            ],
            "name": "CHARACTER"
        },
        {
            "children": [
                13,
                12,
                11,
                10,
                9,
                8,
                7,
                6,
                5,
                4,
                3
            ],
            "name": "geoGrp1"
        },
        {
            "mesh": 0,
            "skin": 0,
            "name": "armsGeo"
        },
        {
            "mesh": 1,
            "skin": 1,
            "name": "browsGeo"
        },
        {
            "mesh": 2,
            "skin": 2,
            "name": "bodyGeo"
        },
        {
            "mesh": 3,
            "skin": 3,
            "name": "headGeo"
        },
        {
            "mesh": 4,
            "skin": 4,
            "name": "shoulderStrapGeo"
        },
        {
            "mesh": 5,
            "skin": 5,
            "name": "beltBuckleGeo"
        },
        {
            "mesh": 6,
            "skin": 6,
            "name": "backpackGeo"
        },
        {
            "mesh": 7,
            "skin": 7,
            "name": "hairGeo"
        },
        {
            "mesh": 8,
            "skin": 8,
            "name": "hatGeo"
        },
        {
            "mesh": 9,
            "skin": 9,
            "name": "earringsGeo"
        },
        {
            "mesh": 10,
            "skin": 10,
            "name": "gunGeo"
        },
        {
            "children": [
                15
            ],
            "name": "Root"
        },
        {
            "children": [
                24,
                20,
                16
            ],
            "translation": [
                -0.024251999333500867,
                2.301723003387451,
                -0.011770999990403653
            ],
            "rotation": [
                0.023990683257579805,
                0.2298799306154251,
                -0.010303687304258349,
                -0.9728673100471496
            ],
            "scale": [
                0.9999948740005492,
                0.999999701976776,
                0.9999953508377076
            ],
            "name": "hips_s"
        },
        {
            "children": [
                17
            ],
            "translation": [
                -0.6385210156440735,
                -0.044943999499082568,
                0.051017001271247867
            ],
            "rotation": [
                0.22970080375671388,
                0.9510682225227356,
                -0.20211084187030793,
                0.04290742427110672
            ],
            "scale": [
                0.9999680519104004,
                0.999996781349182,
                0.9999675750732422
            ],
            "name": "R_upperLeg_s"
        },
        {
            "children": [
                18
            ],
            "translation": [
                -0.013755000196397305,
                -1.1439099311828614,
                -0.09338600188493729
            ],
            "rotation": [
                0.4047033488750458,
                -0.00522872619330883,
                0.0009534739074297248,
                -0.9144278764724731
            ],
            "scale": [
                0.9999999403953552,
                0.9999855160713196,
                0.999985694885254
            ],
            "name": "R_lowerLeg_s"
        },
        {
            "children": [
                19
            ],
            "translation": [
                -0.0168249998241663,
                -1.3217499256134034,
                0.249673992395401
            ],
            "rotation": [
                0.02685171738266945,
                -0.16381709277629853,
                0.9669391512870788,
                0.19346776604652408
            ],
            "scale": [
                0.999919295310974,
                0.9999220967292786,
                0.9999973177909852
            ],
            "name": "R_ankle_s"
        },
        {
            "matrix": [
                -0.9999232292175292,
                0.0,
                0.0,
                0.0,
                0.0,
                -0.06295821815729141,
                0.997974932193756,
                0.0,
                0.0,
                0.997974932193756,
                0.06303504854440689,
                0.0,
                -0.0019379999721422792,
                0.20729999244213105,
                -0.30142998695373537,
                1.0
            ],
            "name": "R_toes_s"
        },
        {
            "children": [
                21
            ],
            "translation": [
                0.6385210156440735,
                -0.044943999499082568,
                0.051017001271247867
            ],
            "rotation": [
                0.19900427758693696,
                0.3462428152561188,
                0.9004096388816834,
                -0.17242932319641114
            ],
            "scale": [
                0.9999185800552368,
                0.9999253749847412,
                0.9999860525131226
            ],
            "name": "L_upperLeg_s"
        },
        {
            "children": [
                22
            ],
            "translation": [
                0.013755999505519869,
                1.1439119577407838,
                0.09338600188493729
            ],
            "rotation": [
                0.3596414923667908,
                -0.004582791123539209,
                0.0008304388611577451,
                -0.9330743551254273
            ],
            "scale": [
                0.9999998807907105,
                0.9999852180480956,
                0.9999848008155824
            ],
            "name": "L_lowerLeg_s"
        },
        {
            "children": [
                23
            ],
            "translation": [
                0.0168249998241663,
                1.3217480182647706,
                -0.2496750056743622
            ],
            "rotation": [
                0.030788762494921685,
                0.04373787343502045,
                0.9942216277122498,
                0.09276611357927324
            ],
            "scale": [
                0.9998874068260192,
                0.9998874068260192,
                0.9999998807907105
            ],
            "name": "L_ankle_s"
        },
        {
            "matrix": [
                -0.9999232292175292,
                0.0,
                0.0,
                0.0,
                0.0,
                -0.06295821815729141,
                0.997974932193756,
                0.0,
                0.0,
                0.997974932193756,
                0.06303504854440689,
                0.0,
                0.0019389999797567728,
                -0.20729999244213105,
                0.30142998695373537,
                1.0
            ],
            "name": "L_toes_s"
        },
        {
            "children": [
                25
            ],
            "translation": [
                0.022257000207901,
                0.41095298528671267,
                0.0038030000869184738
            ],
            "rotation": [
                0.04718214273452759,
                0.04838168993592262,
                0.04573653265833855,
                -0.9966650009155272
            ],
            "scale": [
                0.9999998807907105,
                0.9999997615814208,
                0.9999998807907105
            ],
            "name": "spine_lower_s"
        },
        {
            "children": [
                26
            ],
            "translation": [
                0.006461000069975853,
                0.44282999634742739,
                0.0022239999379962684
            ],
            "rotation": [
                -0.07532455027103424,
                0.04604362323880196,
                0.002860425272956491,
                -0.9960913062095642
            ],
            "scale": [
                0.9999999403953552,
                0.9999998211860656,
                0.9999997615814208
            ],
            "name": "spine_upper_s"
        },
        {
            "children": [
                52,
                39,
                28,
                27
            ],
            "translation": [
                -0.08293499797582627,
                0.4181399941444397,
                0.1202399954199791
            ],
            "rotation": [
                -0.2440599799156189,
                -0.016455208882689477,
                -0.1374855935573578,
                -0.9598222970962524
            ],
            "scale": [
                0.9999990463256836,
                0.9999945759773254,
                0.9999958276748656
            ],
            "name": "chest_s"
        },
        {
            "translation": [
                0.09162899851799013,
                -0.3216449916362763,
                -0.7520139813423157
            ],
            "rotation": [
                0.24440012872219089,
                0.08329162001609802,
                0.08947394043207169,
                -0.961937427520752
            ],
            "scale": [
                0.999998927116394,
                0.9999972581863404,
                0.9999967217445374
            ],
            "name": "back_item_01_s"
        },
        {
            "children": [
                29
            ],
            "translation": [
                -0.13121600449085236,
                0.5780550241470337,
                0.20536600053310398
            ],
            "rotation": [
                0.9910842776298524,
                0.015502030961215496,
                0.12177090346813202,
                -0.05130434036254883
            ],
            "scale": [
                0.9999982118606569,
                0.9998977780342102,
                0.9998992681503296
            ],
            "name": "R_clavicle_s"
        },
        {
            "children": [
                30
            ],
            "translation": [
                -0.8572030067443848,
                -0.04463999718427658,
                0.40104299783706667
            ],
            "rotation": [
                0.5738521218299866,
                0.40468305349349978,
                0.5811416506767273,
                -0.4112960398197174
            ],
            "scale": [
                0.9999646544456482,
                0.999952793121338,
                0.9999650716781616
            ],
            "name": "R_shoulder_s"
        },
        {
            "children": [
                31
            ],
            "translation": [
                -0.020587999373674394,
                -1.2686899900436402,
                -0.10459499806165697
            ],
            "rotation": [
                0.1012510061264038,
                0.19195248186588288,
                0.5103765726089478,
                -0.8321009874343872
            ],
            "scale": [
                0.9999648332595824,
                0.9999682307243348,
                0.9999942183494568
            ],
            "name": "R_elbow_s"
        },
        {
            "children": [
                32
            ],
            "translation": [
                -0.06005199998617172,
                -0.5775820016860962,
                0.016868000850081445
            ],
            "rotation": [
                0.0018762100953608752,
                -0.11248032748699188,
                -0.000246060430072248,
                -0.9936519265174866
            ],
            "scale": [
                0.9999991059303284,
                1.000000238418579,
                0.999998927116394
            ],
            "name": "R_forearm_twist_s"
        },
        {
            "children": [
                37,
                35,
                33
            ],
            "translation": [
                -0.06237100064754486,
                -0.5775820016860962,
                0.000813000020571053
            ],
            "rotation": [
                -0.3404494225978852,
                -0.0784304067492485,
                0.02635876461863518,
                -0.9366110563278198
            ],
            "scale": [
                0.9999997615814208,
                0.999987006187439,
                0.9999859929084778
            ],
            "name": "R_wrist_s"
        },
        {
            "children": [
                34
            ],
            "translation": [
                -0.2983979880809784,
                -0.10992900282144548,
                0.13132800161838532
            ],
            "rotation": [
                0.5444473028182983,
                0.7496340870857239,
                -0.2383130788803101,
                -0.29121676087379458
            ],
            "scale": [
                0.9999681115150452,
                0.9999822378158568,
                0.9999563097953796
            ],
            "name": "R_thumb_01_s"
        },
        {
            "matrix": [
                0.9403005838394164,
                -0.3217841684818268,
                0.11084644496440888,
                0.0,
                0.18022535741329194,
                0.7470670342445374,
                0.6398380994796753,
                0.0,
                -0.288705050945282,
                -0.5816606879234314,
                0.7604631185531616,
                0.0,
                -0.15151000022888184,
                -0.5531039834022522,
                0.03883099928498268,
                1.0
            ],
            "name": "R_thumb_02_s"
        },
        {
            "children": [
                36
            ],
            "matrix": [
                -0.9635615348815918,
                -0.2584077715873718,
                0.06912313401699066,
                0.0,
                -0.26355719566345217,
                0.9613025188446044,
                -0.08021961152553559,
                0.0,
                -0.04571891576051712,
                -0.09551431983709336,
                -0.9943797588348388,
                0.0,
                -0.4086430072784424,
                -0.6350389719009399,
                0.08081500232219696,
                1.0
            ],
            "name": "R_index_01_s"
        },
        {
            "matrix": [
                0.9937642216682434,
                0.01817525550723076,
                -0.11001088470220566,
                0.0,
                0.01343291997909546,
                0.95992511510849,
                0.2799315452575684,
                0.0,
                0.11069004982709885,
                -0.2796637415885926,
                0.9536951184272766,
                0.0,
                0.12095999717712404,
                -0.2777020037174225,
                -0.1679250001907349,
                1.0
            ],
            "name": "R_index_02_s"
        },
        {
            "children": [
                38
            ],
            "matrix": [
                -0.9974915385246276,
                -0.06830049306154251,
                0.010536917485296728,
                0.0,
                -0.06795062869787216,
                0.9416359066963196,
                -0.329693615436554,
                0.0,
                0.012597662396728993,
                -0.3296214044094086,
                -0.9439089298248292,
                0.0,
                -0.03171300143003464,
                -0.6801850199699402,
                0.03415900096297264,
                1.0
            ],
            "name": "R_middle_01_s"
        },
        {
            "matrix": [
                0.9994702935218812,
                0.006977564189583063,
                -0.03179129213094711,
                0.0,
                0.012606303207576277,
                0.8175352811813355,
                0.575725257396698,
                0.0,
                0.03000754676759243,
                -0.5758206248283386,
                0.8170136213302612,
                0.0,
                0.02230600081384182,
                -0.23718500137329105,
                -0.21084800362586976,
                1.0
            ],
            "name": "R_middle_02_s"
        },
        {
            "children": [
                40
            ],
            "matrix": [
                0.9897183179855348,
                0.03656383231282234,
                -0.13827738165855409,
                0.0,
                -0.03779898211359978,
                0.9992658495903016,
                -0.006315502338111401,
                0.0,
                0.13794486224651338,
                0.0114775775000453,
                0.9903732538223268,
                0.0,
                0.237759992480278,
                0.49096599221229555,
                0.1663780063390732,
                1.0
            ],
            "name": "L_clavicle_s"
        },
        {
            "children": [
                41
            ],
            "translation": [
                0.8572019934654236,
                0.04463899880647659,
                -0.40104401111602785
            ],
            "rotation": [
                0.8092737197875977,
                0.5274690985679627,
                0.22391822934150697,
                0.12909136712551118
            ],
            "scale": [
                0.9999683499336244,
                0.9999317526817322,
                0.9999091625213624
            ],
            "name": "L_shoulder_s"
        },
        {
            "children": [
                42
            ],
            "translation": [
                0.03214199841022492,
                1.271662950515747,
                0.05277299880981445
            ],
            "rotation": [
                -0.0845203697681427,
                -0.1118634045124054,
                0.39436694979667666,
                -0.908188819885254
            ],
            "scale": [
                0.9999831914901732,
                0.9999836087226868,
                0.9999979734420776
            ],
            "name": "L_elbow_s"
        },
        {
            "children": [
                43
            ],
            "translation": [
                0.05063999816775322,
                0.5768219828605652,
                0.04693499952554703
            ],
            "rotation": [
                0.025159141048789026,
                0.3015406727790833,
                0.022360261529684068,
                -0.9528555274009704
            ],
            "scale": [
                0.9999881386756896,
                0.999999463558197,
                0.9999881982803344
            ],
            "name": "L_forearm_twist_s"
        },
        {
            "children": [
                50,
                48,
                46,
                44
            ],
            "translation": [
                0.05256799980998039,
                0.5768219828605652,
                0.04476600140333176
            ],
            "rotation": [
                -0.03361794725060463,
                0.20598289370536805,
                0.10851239413022997,
                -0.9719383716583252
            ],
            "scale": [
                0.9999962449073792,
                0.9999996423721314,
                0.9999977350234984
            ],
            "name": "L_wrist_s"
        },
        {
            "children": [
                45
            ],
            "matrix": [
                -0.7688050866127014,
                -0.5040972828865051,
                0.3932139277458191,
                0.0,
                -0.5051755309104919,
                0.8560246229171753,
                0.10955578088760376,
                0.0,
                -0.391827404499054,
                -0.1144152656197548,
                -0.9127734303474426,
                0.0,
                0.2199690043926239,
                0.32356300950050356,
                -0.4672589898109436,
                1.0
            ],
            "name": "L_gunbone_01_s"
        },
        {
            "matrix": [
                0.9546059370040894,
                -0.29725244641304018,
                -0.019083715975284578,
                0.0,
                0.2939956784248352,
                0.9505643248558044,
                -0.09995079040527344,
                0.0,
                0.047852326184511188,
                0.0898025780916214,
                0.9948094487190248,
                0.0,
                -2.384772062301636,
                0.2922140061855316,
                -0.7505379915237427,
                1.0
            ],
            "name": "L_gunbone_02_s"
        },
        {
            "children": [
                47
            ],
            "matrix": [
                0.7158594131469727,
                0.6877174377441406,
                0.12068331241607666,
                0.0,
                0.4377306699752808,
                -0.30730295181274416,
                -0.8448879718780518,
                0.0,
                -0.5439774990081787,
                0.65763920545578,
                -0.5210175514221191,
                0.0,
                0.2983979880809784,
                0.1099260002374649,
                -0.13132800161838532,
                1.0
            ],
            "name": "L_thumb_01_s"
        },
        {
            "matrix": [
                0.9991906881332398,
                0.03774266317486763,
                -0.0138786556199193,
                0.0,
                -0.03715183585882187,
                0.9984835386276244,
                0.04061150923371315,
                0.0,
                0.015390475280582905,
                -0.040063053369522098,
                0.999078929424286,
                0.0,
                0.15151600539684297,
                0.5530980229377747,
                -0.03883200138807297,
                1.0
            ],
            "name": "L_thumb_02_s"
        },
        {
            "children": [
                49
            ],
            "matrix": [
                -0.9972951412200928,
                0.00962881837040186,
                0.0729009360074997,
                0.0,
                -0.003137181280180812,
                0.9849157333374025,
                -0.17300571501255036,
                0.0,
                -0.07346715033054352,
                -0.1727660447359085,
                -0.9822219014167786,
                0.0,
                0.4086430072784424,
                0.6350330114364624,
                -0.08081100136041641,
                1.0
            ],
            "name": "L_index_01_s"
        },
        {
            "matrix": [
                0.9997650980949402,
                0.0024511979427188637,
                -0.021546587347984319,
                0.0,
                -0.001607751939445734,
                0.999235212802887,
                0.03907393664121628,
                0.0,
                0.021625883877277375,
                -0.03903010860085488,
                0.9990043044090272,
                0.0,
                -0.12095899879932404,
                0.27769699692726138,
                0.1679389923810959,
                1.0
            ],
            "name": "L_index_02_s"
        },
        {
            "children": [
                51
            ],
            "matrix": [
                -0.8819662928581238,
                0.15407223999500276,
                0.4451139867305756,
                0.0,
                -0.031011618673801427,
                0.9239482879638672,
                -0.3812442421913147,
                0.0,
                -0.4700029194355011,
                -0.3501006662845612,
                -0.810102105140686,
                0.0,
                0.03171199932694435,
                0.6801859736442566,
                -0.03415999934077263,
                1.0
            ],
            "name": "L_middle_01_s"
        },
        {
            "matrix": [
                0.999228298664093,
                -0.029168715700507165,
                -0.02628687210381031,
                0.0,
                0.03447776660323143,
                0.97213613986969,
                0.2318665981292725,
                0.0,
                0.0187909547239542,
                -0.2325941026210785,
                0.9723920226097108,
                0.0,
                -0.02230600081384182,
                0.2371779978275299,
                0.21084900200366978,
                1.0
            ],
            "name": "L_middle_02_s"
        },
        {
            "children": [
                53
            ],
            "matrix": [
                1.0,
                0.0,
                0.0,
                0.0,
                0.0,
                1.0,
                0.0,
                0.0,
                0.0,
                0.0,
                1.0,
                0.0,
                0.0,
                1.0927740335464478,
                -0.1677049994468689,
                1.0
            ],
            "name": "neck_s"
        },
        {
            "children": [
                63,
                62,
                61,
                60,
                58,
                56,
                55,
                54
            ],
            "translation": [
                0.0,
                1.2359809875488282,
                -0.24223899841308597
            ],
            "rotation": [
                0.06637536734342575,
                -0.2894311249256134,
                0.18869921565055848,
                -0.936063587665558
            ],
            "scale": [
                0.9999974370002748,
                0.9999989867210388,
                0.9999982714653016
            ],
            "name": "head_s"
        },
        {
            "matrix": [
                0.7441957592964172,
                0.14977321028709413,
                0.6509397625923157,
                0.0,
                0.1987881660461426,
                -0.9799654483795166,
                -0.0017693857662379742,
                0.0,
                0.6376811861991882,
                0.13072066009044648,
                -0.7590411901473999,
                0.0,
                -1.8551130294799805,
                0.20342999696731568,
                0.1517920047044754,
                1.0
            ],
            "name": "R_earring_s"
        },
        {
            "matrix": [
                0.6920651197433472,
                -0.10360968112945557,
                -0.7143579721450806,
                0.0,
                -0.03342728689312935,
                0.983983039855957,
                -0.17509911954402924,
                0.0,
                0.7210590839385986,
                0.1450591087341309,
                0.677517831325531,
                0.0,
                1.825711011886597,
                0.20342600345611573,
                0.15179100632667542,
                1.0
            ],
            "name": "L_earring_s"
        },
        {
            "children": [
                57
            ],
            "matrix": [
                0.9965417981147766,
                -0.03237034007906914,
                -0.07652626931667328,
                0.0,
                -0.02783585898578167,
                -0.9977335929870606,
                0.05959276854991913,
                0.0,
                -0.07828964293003082,
                -0.05725637450814247,
                -0.995183527469635,
                0.0,
                -1.6592329740524293,
                1.0042799711227418,
                0.5847240090370178,
                1.0
            ],
            "name": "R_hair_01_s"
        },
        {
            "matrix": [
                1.0,
                0.0,
                0.0,
                0.0,
                0.0,
                1.0,
                0.0,
                0.0,
                0.0,
                0.0,
                1.0,
                0.0,
                0.000004999999873689376,
                0.8900189995765686,
                -9.999999974752428e-7,
                1.0
            ],
            "name": "R_hair_02_s"
        },
        {
            "children": [
                59
            ],
            "matrix": [
                0.9965417981147766,
                0.03237034007906914,
                0.07652626931667328,
                0.0,
                -0.02783585898578167,
                0.9978343844413756,
                -0.05959276854991913,
                0.0,
                -0.07828964293003082,
                0.05725637450814247,
                0.9952844977378844,
                0.0,
                1.6592320203781129,
                1.0042790174484254,
                0.5847240090370178,
                1.0
            ],
            "name": "L_hair_01_s"
        },
        {
            "matrix": [
                1.0,
                0.0,
                0.0,
                0.0,
                0.0,
                1.0,
                0.0,
                0.0,
                0.0,
                0.0,
                1.0,
                0.0,
                -0.0,
                -0.8900219798088074,
                0.0,
                1.0
            ],
            "name": "L_hair_02_s"
        },
        {
            "matrix": [
                1.0,
                0.0,
                0.0,
                0.0,
                0.0,
                1.0,
                0.0,
                0.0,
                0.0,
                0.0,
                1.0,
                0.0,
                -0.7961469888687134,
                0.9874799847602844,
                1.655305027961731,
                1.0
            ],
            "name": "R_eyebrow_s"
        },
        {
            "matrix": [
                1.0,
                0.0,
                0.0,
                0.0,
                0.0,
                1.0,
                0.0,
                0.0,
                0.0,
                0.0,
                1.0,
                0.0,
                0.7961469888687134,
                0.9874809980392456,
                1.6553009748458865,
                1.0
            ],
            "name": "L_eyebrow_s"
        },
        {
            "translation": [
                0.008665000088512898,
                1.3235629796981812,
                0.012454000301659108
            ],
            "rotation": [
                0.1508645862340927,
                -0.0,
                -0.0,
                -0.9885539412498474
            ],
            "scale": [
                1.0,
                0.9999982118606569,
                0.9999982118606569
            ],
            "name": "hat_01_s"
        },
        {
            "children": [
                64
            ],
            "matrix": [
                0.9872207045555116,
                0.10997948795557022,
                0.11532268673181534,
                0.0,
                0.134364515542984,
                -0.96356201171875,
                -0.23131756484508518,
                0.0,
                0.08567970246076584,
                0.24385662376880649,
                -0.966025412082672,
                0.0,
                -0.0,
                0.22741100192070008,
                -1.2939380407333377,
                1.0
            ],
            "name": "hair_01_s"
        },
        {
            "matrix": [
                1.0,
                0.0,
                0.0,
                0.0,
                0.0,
                1.0,
                0.0,
                0.0,
                0.0,
                0.0,
                1.0,
                0.0,
                -0.0,
                0.8274959921836853,
                0.5275880098342896,
                1.0
            ],
            "name": "hair_02_s"
        }
    ],
    "meshes": [
        {
            "primitives": [
                {
                    "attributes": {
                        "JOINTS_0": 1,
                        "NORMAL": 2,
                        "POSITION": 3,
                        "WEIGHTS_0": 4
                    },
                    "indices": 0,
                    "mode": 4,
                    "material": 0
                }
            ],
            "name": "armsGeo-mesh"
        },
        {
            "primitives": [
                {
                    "attributes": {
                        "JOINTS_0": 6,
                        "NORMAL": 7,
                        "POSITION": 8,
                        "WEIGHTS_0": 9
                    },
                    "indices": 5,
                    "mode": 4,
                    "material": 1
                }
            ],
            "name": "browsGeo-mesh"
        },
        {
            "primitives": [
                {
                    "attributes": {
                        "JOINTS_0": 11,
                        "NORMAL": 12,
                        "POSITION": 13,
                        "WEIGHTS_0": 14
                    },
                    "indices": 10,
                    "mode": 4,
                    "material": 0
                }
            ],
            "name": "bodyGeo-mesh"
        },
        {
            "primitives": [
                {
                    "attributes": {
                        "JOINTS_0": 16,
                        "NORMAL": 17,
                        "POSITION": 18,
                        "WEIGHTS_0": 19
                    },
                    "indices": 15,
                    "mode": 4,
                    "material": 0
                },
                {
                    "attributes": {
                        "JOINTS_0": 21,
                        "NORMAL": 22,
                        "POSITION": 23,
                        "WEIGHTS_0": 24
                    },
                    "indices": 20,
                    "mode": 4,
                    "material": 1
                }
            ],
            "name": "headGeo-mesh"
        },
        {
            "primitives": [
                {
                    "attributes": {
                        "JOINTS_0": 26,
                        "NORMAL": 27,
                        "POSITION": 28,
                        "WEIGHTS_0": 29
                    },
                    "indices": 25,
                    "mode": 4,
                    "material": 0
                }
            ],
            "name": "shoulderStrapGeo-mesh"
        },
        {
            "primitives": [
                {
                    "attributes": {
                        "JOINTS_0": 31,
                        "NORMAL": 32,
                        "POSITION": 33,
                        "WEIGHTS_0": 34
                    },
                    "indices": 30,
                    "mode": 4,
                    "material": 2
                }
            ],
            "name": "beltBuckleGeo-mesh"
        },
        {
            "primitives": [
                {
                    "attributes": {
                        "JOINTS_0": 36,
                        "NORMAL": 37,
                        "POSITION": 38,
                        "WEIGHTS_0": 39
                    },
                    "indices": 35,
                    "mode": 4,
                    "material": 2
                },
                {
                    "attributes": {
                        "JOINTS_0": 41,
                        "NORMAL": 42,
                        "POSITION": 43,
                        "WEIGHTS_0": 44
                    },
                    "indices": 40,
                    "mode": 4,
                    "material": 0
                }
            ],
            "name": "backpackGeo-mesh"
        },
        {
            "primitives": [
                {
                    "attributes": {
                        "JOINTS_0": 46,
                        "NORMAL": 47,
                        "POSITION": 48,
                        "WEIGHTS_0": 49
                    },
                    "indices": 45,
                    "mode": 4,
                    "material": 1
                }
            ],
            "name": "hairGeo-mesh"
        },
        {
            "primitives": [
                {
                    "attributes": {
                        "JOINTS_0": 51,
                        "NORMAL": 52,
                        "POSITION": 53,
                        "WEIGHTS_0": 54
                    },
                    "indices": 50,
                    "mode": 4,
                    "material": 0
                }
            ],
            "name": "hatGeo-mesh"
        },
        {
            "primitives": [
                {
                    "attributes": {
                        "JOINTS_0": 56,
                        "NORMAL": 57,
                        "POSITION": 58,
                        "WEIGHTS_0": 59
                    },
                    "indices": 55,
                    "mode": 4,
                    "material": 2
                }
            ],
            "name": "earringsGeo-mesh"
        },
        {
            "primitives": [
                {
                    "attributes": {
                        "JOINTS_0": 61,
                        "NORMAL": 62,
                        "POSITION": 63,
                        "WEIGHTS_0": 64
                    },
                    "indices": 60,
                    "mode": 4,
                    "material": 2
                },
                {
                    "attributes": {
                        "JOINTS_0": 66,
                        "NORMAL": 67,
                        "POSITION": 68,
                        "WEIGHTS_0": 69
                    },
                    "indices": 65,
                    "mode": 4,
                    "material": 0
                }
            ],
            "name": "gunGeo-mesh"
        }
    ],
    "animations": [
        {
            "channels": [
                {
                    "sampler": 0,
                    "target": {
                        "node": 15,
                        "path": "translation"
                    }
                },
                {
                    "sampler": 1,
                    "target": {
                        "node": 15,
                        "path": "rotation"
                    }
                },
                {
                    "sampler": 2,
                    "target": {
                        "node": 15,
                        "path": "scale"
                    }
                },
                {
                    "sampler": 3,
                    "target": {
                        "node": 24,
                        "path": "translation"
                    }
                },
                {
                    "sampler": 4,
                    "target": {
                        "node": 24,
                        "path": "rotation"
                    }
                },
                {
                    "sampler": 5,
                    "target": {
                        "node": 24,
                        "path": "scale"
                    }
                },
                {
                    "sampler": 6,
                    "target": {
                        "node": 25,
                        "path": "translation"
                    }
                },
                {
                    "sampler": 7,
                    "target": {
                        "node": 25,
